ME49 ME42 KCPB ME43 ME44 ME45 ME52 ME46 ME54  
Threshhold: 8 
007 080326 4 432.875 0.09208 
007 080326 7 189.650 0.09069 
007 080326 7 584.450 0.10480 
007 080326 7 585.825 0.11233 
007 080326 7 672.000 0.09592 
007 080326 7 755.750 0.10317 
007 080326 7 1158.250 0.11348 
007 080326 7 1160.525 0.10630 
007 080326 7 2033.925 0.12649 
007 080326 7 2097.350 0.09513 
007 080326 7 2119.800 0.08769 
007 080326 7 2138.075 0.11901 
007 080326 7 2190.100 0.08807 
007 080326 7 2200.450 0.09445 
007 080326 7 2224.025 0.09085 
007 080326 7 2412.125 0.12141 
007 080326 7 2535.850 0.16038 
007 080326 7 2547.125 0.11092 
007 080326 7 2581.800 0.12768 
007 080326 7 2605.350 0.08765 
007 080326 7 2621.925 0.15237 
007 080326 7 2642.100 0.09935 
007 080326 7 2646.200 0.13330 
007 080326 7 2655.600 0.08658 
007 080326 7 2671.250 0.13135 
007 080326 7 2683.275 0.10491 
007 080326 7 2685.600 0.14313 
007 080326 7 2702.025 0.09888 
007 080326 7 2714.700 0.11845 
007 080326 7 2741.775 0.08919 
007 080326 7 2744.100 0.15511 
007 080326 7 2766.975 0.11653 
007 080326 7 2819.875 0.14495 
007 080326 7 2964.525 0.09291 
007 080326 7 3021.075 0.09109 
007 080326 7 3271.775 0.09426 
007 080326 7 3528.725 0.08706 
007 080326 8 161.500 0.09832 
007 080326 8 456.775 0.10194 
007 080326 8 785.300 0.09939 
007 080326 8 817.675 0.14914 
007 080326 8 837.500 0.11896 
007 080326 8 847.550 0.11794 
007 080326 8 864.150 0.13482 
007 080326 8 911.925 0.09060 
007 080326 8 913.000 0.11630 
007 080326 8 1047.000 0.14275 
007 080326 8 1097.525 0.09083 
007 080326 8 1216.350 0.11492 
007 080326 8 1223.050 0.21566 
007 080326 8 1226.875 0.09959 
007 080326 8 1407.075 0.11400 
007 080326 8 1412.475 0.09423 
007 080326 8 1661.975 0.11788 
007 080326 8 1802.550 0.10840 
007 080326 8 1836.575 0.12991 
007 080326 8 1859.675 0.08673 
007 080326 8 1883.900 0.09662 
007 080326 8 1896.575 0.09616 
007 080326 8 1965.250 0.12859 
007 080326 8 1971.775 0.16674 
007 080326 8 1979.250 0.14188 
007 080326 8 2009.550 0.10614 
007 080326 8 2010.625 0.10430 
007 080326 8 2012.100 0.16040 
007 080326 8 2034.400 0.10827 
007 080326 8 2044.125 0.10452 
007 080326 8 2103.250 0.08584 
007 080326 8 2265.200 0.27175 
007 080326 8 2293.550 0.10744 
007 080326 8 2443.300 0.13255 
007 080326 8 2456.425 0.10364 
007 080326 8 2460.100 0.12176 
007 080326 8 2470.100 0.08613 
007 080326 8 2479.825 0.08739 
007 080326 8 2507.375 0.10767 
007 080326 8 2650.975 0.14503 
007 080326 8 2655.150 0.17853 
007 080326 8 2667.200 0.08952 
007 080326 8 2678.600 0.11810 
007 080326 8 2681.725 0.10989 
007 080326 8 2695.725 0.19952 
007 080326 8 2701.875 0.13537 
007 080326 8 2714.950 0.19362 
007 080326 8 2733.375 0.10099 
007 080326 8 2759.600 0.19404 
007 080326 8 2810.350 0.08543 
007 080326 8 2816.525 0.18669 
007 080326 8 2819.275 0.08896 
007 080326 8 2839.550 0.13485 
007 080326 8 2879.025 0.16503 
007 080326 8 2929.050 0.10449 
007 080326 8 2984.825 0.19967 
007 080326 8 2986.625 0.09208 
007 080326 8 3016.925 0.11540 
007 080326 8 3035.775 0.08996 
007 080326 8 3056.350 0.12299 
007 080326 8 3064.225 0.20609 
007 080326 8 3072.900 0.17002 
007 080326 8 3077.000 0.10560 
007 080326 8 3086.750 0.09115 
007 080326 8 3097.725 0.10942 
007 080326 8 3115.100 0.10072 
007 080326 8 3127.600 0.29357 
007 080326 8 3209.075 0.11991 
007 080326 8 3243.075 0.33571 
007 080326 8 3306.850 0.11484 
007 080326 8 3340.475 0.09494 
007 080326 8 3362.075 0.24288 
007 080326 8 3363.675 0.09459 
007 080326 8 3394.075 0.08547 
007 080326 8 3437.000 0.14740 
007 080326 8 3473.050 0.09082 
007 080326 8 3480.825 0.13651 
007 080326 8 3506.700 0.10622 
007 080326 8 3508.625 0.29737 
007 080326 8 3558.325 0.11403 
007 080326 8 3570.125 0.09719 
007 080326 8 3574.575 0.09413 
007 080326 8 3591.775 0.14194 
007 080326 9  5.000 0.13440 
007 080326 9 12.475 0.08540 
007 080326 9 14.125 0.14017 
007 080326 9 17.000 0.19608 
007 080326 9 32.750 0.23832 
007 080326 9 50.700 0.08826 
007 080326 9 53.900 0.09501 
007 080326 9 58.600 0.08950 
007 080326 9 70.350 0.11572 
007 080326 9 98.900 0.13666 
007 080326 9 100.500 0.17567 
007 080326 9 114.100 0.13641 
007 080326 9 142.375 0.10808 
007 080326 9 150.975 0.13990 
007 080326 9 153.000 0.18718 
007 080326 9 154.250 0.09846 
007 080326 9 159.300 0.14466 
007 080326 9 188.675 0.09021 
007 080326 9 203.400 0.08780 
007 080326 9 250.675 0.18538 
007 080326 9 290.925 0.09482 
007 080326 9 293.450 0.17851 
007 080326 9 317.150 0.08738 
007 080326 9 334.400 0.08851 
007 080326 9 365.250 0.10073 
007 080326 9 373.700 0.13222 
007 080326 9 377.125 0.09744 
007 080326 9 380.025 0.11245 
007 080326 9 384.250 0.11694 
007 080326 9 390.000 0.32826 
007 080326 9 406.450 0.16185 
007 080326 9 411.075 0.09078 
007 080326 9 412.850 0.08696 
007 080326 9 422.825 0.14482 
007 080326 9 440.850 0.16039 
007 080326 9 453.950 0.12255 
007 080326 9 460.150 0.10172 
007 080326 9 464.525 0.16354 
007 080326 9 501.075 0.10403 
007 080326 9 512.400 0.17709 
007 080326 9 515.875 0.09446 
007 080326 9 529.800 0.14937 
007 080326 9 555.750 0.10193 
007 080326 9 559.850 0.09590 
007 080326 9 564.025 0.08739 
007 080326 9 566.675 0.12291 
007 080326 9 605.950 0.11432 
007 080326 9 663.075 0.12412 
007 080326 9 736.850 0.13674 
007 080326 9 761.675 0.13264 
007 080326 9 774.150 0.14707 
007 080326 9 826.425 0.09262 
007 080326 9 845.700 0.15717 
007 080326 9 896.725 0.08823 
007 080326 9 899.600 0.08826 
007 080326 9 920.225 0.13121 
007 080326 9 921.800 0.10242 
007 080326 9 931.375 0.13562 
007 080326 9 933.875 0.10854 
007 080326 9 935.575 0.16866 
007 080326 9 970.525 0.08816 
007 080326 9 1021.775 0.12605 
007 080326 9 1052.250 0.22915 
007 080326 9 1083.175 0.10770 
007 080326 9 1156.800 0.13595 
007 080326 9 1158.375 0.09181 
007 080326 9 1161.875 0.12081 
007 080326 9 1186.900 0.21689 
007 080326 9 1198.375 0.12218 
007 080326 9 1214.750 0.22955 
007 080326 9 1272.825 0.16579 
007 080326 9 1275.650 0.09472 
007 080326 9 1289.425 0.09382 
007 080326 9 1298.425 0.08921 
007 080326 9 1302.125 0.09360 
007 080326 9 1331.550 0.09814 
007 080326 9 1496.075 0.10907 
007 080326 9 1611.125 0.18906 
007 080326 9 1616.100 0.11867 
007 080326 9 1986.025 0.12248 
007 080326 9 1994.000 0.10406 
007 080326 9 1998.150 0.14990 
007 080326 9 2454.025 0.12294 
007 080326 9 2956.225 0.08669 
007 080326 10 543.425 0.09090 
007 080326 10 565.800 0.08690 
007 080326 10 1269.525 0.11571 
007 080326 10 1274.900 0.13839 
007 080326 10 2094.200 0.12386 
007 080326 12  2.425 0.09621 
007 080326 12 2655.375 0.12788 
007 080326 12 2658.650 0.09634 
007 080326 13 256.750 0.09084 
007 080326 16 463.250 0.08916 
007 080326 20 1852.625 0.11377 
007 080326 21 2361.650 0.10572 
007 080406 3 2625.775 0.09689 
007 080406 6 2006.125 0.10248 
007 080406 6 2437.075 0.09626 
007 080406 8 1893.475 0.10121 
007 080406 8 2664.050 0.09101 
007 080406 8 3231.150 0.09140 
007 080406 9 2844.800 0.09491 
007 080406 9 2853.850 0.13941 
007 080406 9 2906.050 0.11941 
007 080406 9 2910.075 0.15691 
007 080406 9 2913.200 0.11028 
007 080406 9 2924.075 0.09853 
007 080406 9 2926.075 0.09130 
007 080406 9 2928.975 0.12153 
007 080406 9 2935.550 0.09824 
007 080406 9 2960.150 0.13807 
007 080406 9 2963.400 0.09560 
007 080406 9 2982.750 0.15168 
007 080406 9 3019.125 0.10040 
007 080406 9 3054.775 0.09206 
007 080406 9 3111.850 0.09205 
007 080406 9 3113.675 0.09689 
007 080406 9 3115.100 0.15846 
007 080406 9 3373.100 0.10148 
007 080406 9 3469.025 0.10538 
007 080406 9 3501.550 0.09744 
007 080406 10 359.350 0.09488 
007 080406 10 411.875 0.10615 
007 080406 10 529.600 0.09518 
007 080406 12 1566.850 0.13001 
007 080406 12 3492.625 0.09769 
007 080406 13 1047.100 0.09985 
007 080406 14 2524.600 0.10403 
007 080406 14 2560.725 0.09448 
007 080406 14 2664.650 0.09257 
007 080406 14 2702.600 0.09127 
007 080406 14 2741.125 0.10680 
007 080406 14 2749.625 0.09846 
007 080406 14 2751.300 0.13650 
007 080406 14 2779.550 0.10537 
007 080406 14 2783.275 0.09230 
007 080406 14 2806.425 0.15099 
007 080406 14 2879.150 0.21806 
007 080406 14 2905.700 0.09596 
007 080406 14 3230.575 0.10202 
007 080406 14 3239.825 0.09179 
007 080406 14 3311.500 0.12354 
007 080406 14 3378.800 0.09312 
007 080406 14 3550.575 0.15956 
007 080406 14 3590.150 0.10392 
007 080406 14 3595.225 0.11471 
007 080406 15 18.250 0.09201 
007 080406 15 59.750 0.14595 
007 080406 15 71.075 0.10073 
007 080406 15 73.100 0.16397 
007 080406 15 87.525 0.14029 
007 080406 15 120.350 0.12977 
007 080406 15 124.550 0.15073 
007 080406 15 139.850 0.10446 
007 080406 15 164.650 0.13713 
007 080406 15 173.450 0.15234 
007 080406 15 189.400 0.10199 
007 080406 15 348.800 0.12182 
007 080406 15 416.100 0.09133 
007 080406 15 727.550 0.10216 
007 080406 16 1692.350 0.09075 
007 080406 16 3292.050 0.11967 
