ME42 KCPB ME43 ME44 ME45 ME52  
Threshhold: 8 
025 080326 6 3598.825 0.22974 
025 080326 7 170.775 0.25368 
025 080326 7 186.325 0.24984 
025 080326 7 208.400 0.23651 
025 080326 7 212.200 0.19787 
025 080326 7 213.650 0.21791 
025 080326 7 295.575 0.20691 
025 080326 7 315.925 0.24774 
025 080326 7 381.125 0.15712 
025 080326 7 577.350 0.36563 
025 080326 7 581.200 0.25585 
025 080326 7 635.775 0.15686 
025 080326 7 666.375 0.19520 
025 080326 7 716.950 0.24137 
025 080326 7 869.800 0.19365 
025 080326 7 880.675 0.18445 
025 080326 7 946.550 0.14785 
025 080326 7 1095.050 0.14126 
025 080326 7 1177.500 0.21322 
025 080326 7 1180.875 0.29226 
025 080326 7 1182.725 0.14848 
025 080326 7 1423.925 0.14110 
025 080326 7 1425.900 0.21899 
025 080326 7 1470.000 0.39624 
025 080326 7 2359.925 0.21660 
025 080326 8 732.575 0.19443 
025 080326 8 826.450 0.14512 
025 080326 8 859.150 0.15339 
025 080326 8 907.925 0.14776 
025 080326 8 1042.025 0.17346 
025 080326 8 1092.175 0.14431 
025 080326 8 1211.725 0.15088 
025 080326 8 1218.050 0.29300 
025 080326 8 2179.000 0.22396 
025 080326 8 2260.575 0.24371 
025 080326 8 2439.075 0.15024 
025 080326 8 3067.900 0.14892 
025 080326 8 3204.775 0.14236 
025 080326 9  9.850 0.16149 
025 080326 9 12.375 0.18445 
025 080326 9 621.250 0.15028 
025 080326 9 732.300 0.14688 
025 080326 9 1180.850 0.16433 
025 080326 9 1209.750 0.25279 
025 080326 12 2566.525 0.16937 
025 080329 13 1812.425 0.13126 
025 080329 15 1179.825 0.11054 
025 080329 15 1487.075 0.16125 
025 080329 19 3070.850 0.12521 
025 080329 21 2760.975 0.15893 
