ME49 ME42 KCPB ME43 ME44 ME45 ME52 ME46  
Threshhold: 8 
013 080301 11 1819.475 0.08871 
013 080301 20 3378.425 0.10283 
013 080301 23 507.200 0.09055 
013 080301 23 508.575 0.11750 
013 080301 23 509.925 0.08673 
013 080302 13 1105.675 0.10365 
013 080302 24 2558.000 0.08636 
013 080302 24 2920.200 0.09858 
013 080302 24 2922.375 0.12966 
013 080304 7 1713.175 0.09256 
013 080304 8 452.250 0.09018 
013 080305 4 2995.275 0.08957 
013 080305 4 3026.725 0.11119 
013 080305 4 3030.700 0.09646 
013 080305 4 3038.200 0.13629 
013 080305 4 3043.950 0.10465 
013 080305 4 3051.575 0.12941 
013 080305 4 3056.125 0.14536 
013 080305 4 3061.075 0.11236 
013 080305 4 3064.575 0.13009 
013 080305 4 3067.725 0.14899 
013 080305 4 3069.950 0.12511 
013 080305 4 3072.725 0.10204 
013 080305 4 3074.550 0.13208 
013 080305 4 3083.400 0.23268 
013 080305 4 3090.050 0.11443 
013 080305 4 3091.925 0.11185 
013 080305 4 3096.350 0.10011 
013 080305 4 3097.625 0.20379 
013 080305 4 3102.475 0.12764 
013 080305 4 3104.600 0.16072 
013 080305 4 3106.225 0.11746 
013 080305 4 3108.525 0.15172 
013 080305 4 3110.200 0.09930 
013 080305 4 3157.750 0.11197 
013 080305 4 3190.700 0.10008 
013 080305 4 3202.800 0.09428 
013 080305 4 3210.800 0.09879 
013 080305 4 3218.425 0.12178 
013 080305 4 3221.550 0.23995 
013 080305 4 3239.975 0.14596 
013 080305 4 3254.575 0.11757 
013 080305 4 3272.150 0.08949 
013 080305 4 3291.625 0.09908 
013 080305 4 3310.025 0.14615 
013 080306 10 2858.225 0.10602 
013 080307 2 1184.600 0.10100 
013 080307 2 1186.850 0.12578 
013 080307 2 1188.600 0.09587 
013 080307 15 3355.775 0.12083 
013 080307 18 1324.075 0.11879 
013 080307 18 1327.250 0.09442 
013 080307 18 1343.650 0.12861 
013 080307 18 1411.750 0.11096 
013 080308 7 1358.500 0.12135 
013 080308 7 1376.300 0.10376 
013 080308 7 1394.825 0.09316 
013 080308 7 1397.000 0.14525 
013 080308 7 2441.600 0.11980 
013 080308 9 457.450 0.09311 
013 080308 11 460.525 0.09115 
013 080308 11 465.025 0.09217 
013 080308 11 2414.575 0.09092 
013 080308 16 3139.025 0.09198 
013 080308 18 1646.875 0.09317 
013 080309 8 1809.675 0.10741 
013 080309 10 2394.100 0.09130 
013 080309 11 3097.150 0.10131 
013 080309 22 1981.500 0.09498 
013 080309 22 1985.100 0.11694 
013 080311 3 799.325 0.11557 
013 080311 4 2316.950 0.12647 
013 080311 21 104.875 0.10675 
013 080311 21 118.875 0.11680 
013 080311 21 143.200 0.22765 
013 080311 21 152.050 0.10308 
013 080311 21 158.350 0.24463 
013 080311 21 164.875 0.19946 
013 080311 21 181.400 0.28212 
013 080311 21 190.400 0.10494 
013 080311 21 199.550 0.19734 
013 080311 21 204.025 0.11580 
013 080311 21 207.275 0.13983 
013 080311 21 212.025 0.28330 
013 080311 21 234.025 0.12941 
013 080311 21 270.900 0.09938 
013 080311 21 283.200 0.09194 
013 080311 21 286.350 0.09831 
013 080311 21 287.675 0.10092 
013 080311 21 290.675 0.11825 
013 080311 21 295.100 0.32009 
013 080311 21 321.450 0.09804 
013 080311 21 372.475 0.10284 
013 080311 21 383.550 0.09721 
013 080311 21 385.225 0.12469 
013 080311 21 405.500 0.09527 
013 080311 21 501.200 0.09385 
013 080311 21 505.950 0.09272 
013 080311 21 516.275 0.10415 
013 080311 21 517.550 0.10562 
013 080311 21 645.375 0.09450 
013 080312 10 1927.975 0.09818 
013 080313 3 1870.400 0.09759 
013 080315 2 2894.600 0.11189 
013 080315 5 1322.950 0.14464 
013 080315 11 2389.600 0.08984 
013 080315 11 2416.750 0.09825 
013 080315 11 2429.600 0.09341 
013 080315 11 3017.225 0.09408 
013 080315 11 3325.525 0.09072 
013 080315 11 3467.850 0.11754 
013 080315 12 40.475 0.09072 
013 080315 12 594.850 0.10714 
013 080315 12 3012.225 0.08495 
013 080315 13 3048.300 0.09690 
013 080315 15 2735.050 0.08772 
013 080315 16 2360.975 0.08616 
013 080316 4 185.375 0.07984 
013 080316 4 338.750 0.09586 
013 080316 4 610.650 0.09642 
013 080316 4 793.950 0.09599 
013 080316 4 797.225 0.08249 
013 080316 4 1160.525 0.08181 
013 080316 9 2714.775 0.07892 
013 080316 9 2731.750 0.10064 
013 080316 9 2746.900 0.08340 
013 080316 16 2054.825 0.07811 
013 080316 16 2276.375 0.09210 
013 080317 2 3547.600 0.09111 
013 080317 2 3551.525 0.08648 
013 080317 2 3569.625 0.08941 
013 080317 2 3588.550 0.09095 
013 080317 3  2.725 0.10989 
013 080317 3  4.025 0.09908 
013 080317 3  6.800 0.11224 
013 080317 3 11.275 0.10721 
013 080317 3 16.975 0.10351 
013 080317 3 18.600 0.12918 
013 080317 3 21.725 0.22817 
013 080317 3 27.450 0.12766 
013 080317 3 209.825 0.08466 
013 080317 3 214.325 0.30180 
013 080317 3 222.650 0.29171 
013 080317 3 228.825 0.10074 
013 080317 3 232.075 0.17136 
013 080317 3 238.475 0.08615 
013 080317 3 266.725 0.08870 
013 080317 3 274.275 0.13107 
013 080317 3 280.450 0.09920 
013 080317 3 292.900 0.15417 
013 080317 3 294.725 0.18292 
013 080317 3 299.350 0.08339 
013 080317 3 305.600 0.08622 
013 080317 3 309.200 0.08340 
013 080317 3 392.850 0.08220 
013 080317 3 406.325 0.12251 
013 080317 3 430.200 0.09436 
013 080317 3 447.750 0.09160 
013 080317 3 450.000 0.12440 
013 080317 3 465.850 0.09617 
013 080317 3 843.250 0.08861 
013 080317 5 1104.725 0.08541 
013 080317 5 1118.225 0.10809 
013 080317 12 124.950 0.08533 
013 080318 12  8.325 0.10370 
013 080318 19 2426.175 0.09006 
013 080319 4 1193.575 0.09964 
013 080319 5 2441.950 0.09193 
013 080319 11 505.950 0.09941 
013 080319 12 2436.300 0.10408 
013 080320 3 3147.525 0.10361 
013 080320 7 1637.050 0.10226 
013 080321 2 1716.400 0.09816 
013 080321 7 1067.700 0.09217 
013 080321 10 782.850 0.09288 
013 080321 18 1936.350 0.09090 
013 080322 5 601.050 0.09948 
013 080322 5 2913.050 0.09048 
013 080322 11 2806.000 0.09627 
013 080322 12 351.775 0.09518 
013 080322 22 1875.700 0.09038 
013 080322 22 1885.950 0.09889 
013 080323 10 2432.600 0.11153 
013 080323 10 2614.250 0.11017 
013 080323 10 2617.300 0.16072 
013 080323 10 2623.825 0.10827 
013 080323 10 2627.875 0.17391 
013 080323 10 2652.000 0.29408 
013 080323 10 2660.725 0.09123 
013 080323 10 2663.450 0.12914 
013 080323 10 2672.725 0.14962 
013 080323 10 2678.250 0.14630 
013 080323 10 2685.375 0.26179 
013 080323 10 2688.075 0.18207 
013 080323 10 2692.100 0.14595 
013 080323 10 2697.825 0.11344 
013 080323 10 2701.775 0.12677 
013 080323 10 2712.075 0.37269 
013 080323 10 2715.700 0.09719 
013 080323 10 2719.700 0.09626 
013 080323 10 2724.225 0.10761 
013 080323 10 2727.450 0.15130 
013 080323 10 2739.275 0.10098 
013 080323 10 2744.550 0.12350 
013 080323 10 2748.550 0.09890 
013 080323 10 2753.425 0.22034 
013 080323 10 2766.975 0.10798 
013 080323 10 2774.075 0.16714 
013 080323 10 2783.500 0.17228 
013 080323 10 2793.050 0.13446 
013 080323 10 2798.425 0.11196 
013 080323 10 2800.100 0.12700 
013 080323 10 2807.150 0.11749 
013 080323 10 2816.800 0.09822 
013 080323 10 2854.825 0.12952 
013 080323 10 2972.925 0.12510 
013 080323 10 3167.175 0.12065 
013 080323 11 132.025 0.08917 
013 080323 15 631.850 0.10896 
013 080324 11 2601.700 0.10342 
013 080325 2 135.800 0.10219 
013 080325 4 2109.725 0.09130 
013 080325 5 489.275 0.10178 
013 080325 6 2246.300 0.11008 
013 080325 6 2342.800 0.10404 
013 080325 6 2484.800 0.09589 
013 080325 6 2627.000 0.11238 
013 080325 6 2679.275 0.09025 
013 080325 18 434.450 0.09043 
013 080325 22 173.175 0.08979 
013 080327 4 2583.000 0.09499 
013 080327 5 2280.600 0.09071 
013 080327 9 127.975 0.09645 
013 080327 9 155.700 0.09226 
013 080327 9 181.325 0.09063 
013 080327 20 3367.300 0.09357 
013 080327 22 210.450 0.09170 
013 080327 22 650.625 0.11429 
013 080327 22 652.875 0.11059 
013 080327 22 666.525 0.22154 
013 080327 22 684.725 0.15725 
013 080327 22 693.325 0.19932 
013 080327 22 700.000 0.30414 
013 080327 22 706.925 0.14449 
013 080327 22 708.575 0.14345 
013 080327 22 714.200 0.12074 
013 080327 22 728.350 0.14796 
013 080327 22 737.875 0.09435 
013 080327 22 743.850 0.15012 
013 080327 22 750.000 0.42937 
013 080327 22 754.025 0.09271 
013 080327 22 889.025 0.10613 
013 080327 22 903.450 0.16836 
013 080327 22 1004.725 0.09748 
013 080327 22 1028.825 0.12999 
013 080327 22 1042.750 0.12517 
013 080328 10 2900.450 0.10473 
013 080328 10 2910.450 0.09649 
013 080329 15 1519.350 0.09101 
013 080329 19 3074.575 0.09331 
013 080330 2 1024.325 0.09013 
013 080330 3 1279.200 0.09526 
013 080330 3 1342.600 0.08836 
013 080330 9 1416.900 0.08009 
013 080330 15 485.575 0.08001 
013 080330 19 2495.675 0.08530 
013 080330 21 283.525 0.08364 
013 080331 8 1831.300 0.09517 
013 080331 14 2859.975 0.10287 
013 080401 10 3413.825 0.09187 
013 080401 14 1078.975 0.11160 
013 080401 14 1090.025 0.12125 
013 080401 14 1143.650 0.10721 
013 080401 23 859.000 0.09480 
013 080404 6 1850.800 0.11190 
013 080404 11 432.725 0.09834 
013 080405 6 2817.550 0.09731 
013 080405 19 1654.275 0.11427 
013 080406 4 1000.350 0.11467 
013 080406 8 2550.475 0.10730 
013 080406 9 2849.800 0.11804 
013 080406 9 3189.975 0.11793 
013 080406 9 3369.525 0.10670 
013 080406 9 3371.325 0.14392 
013 080406 9 3423.575 0.10834 
013 080406 9 3425.875 0.11102 
013 080406 9 3434.150 0.15323 
013 080406 9 3441.175 0.09826 
013 080406 9 3506.700 0.09968 
013 080406 10 359.675 0.10228 
013 080406 13 2742.375 0.10010 
013 080406 14 2684.050 0.10646 
013 080406 14 2735.075 0.10739 
013 080406 14 2746.375 0.10765 
013 080407 18 3400.175 0.17564 
013 080407 18 3585.750 0.29858 
013 080407 19 19.775 0.20894 
013 080407 19 37.875 0.12870 
013 080407 19 145.950 0.13397 
013 080408 2 3331.125 0.11590 
013 080408 7 1891.125 0.11539 
013 080408 8 650.325 0.11737 
013 080408 8 1586.425 0.10827 
013 080409 5 629.275 0.10708 
013 080409 8 2336.775 0.11605 
013 080409 9 1192.925 0.11773 
013 080410 9 676.300 0.10222 
013 080410 15 1162.100 0.09725 
013 080411 1 3108.050 0.08801 
013 080411 16 1904.250 0.10873 
013 080411 16 2866.025 0.10129 
013 080411 16 2868.275 0.10580 
013 080411 16 2870.100 0.12691 
013 080411 16 2872.800 0.10805 
013 080411 16 2881.075 0.28824 
013 080411 16 2885.525 0.13770 
013 080411 16 2895.725 0.13549 
013 080411 16 2902.325 0.11965 
013 080411 21 966.900 0.08880 
013 080412 8 2882.250 0.09679 
013 080412 12 79.425 0.09266 
013 080412 13 376.400 0.09342 
013 080412 13 678.450 0.14299 
013 080412 13 694.775 0.11126 
013 080412 13 711.250 0.09736 
013 080412 13 714.050 0.10143 
013 080412 13 837.275 0.09997 
013 080412 13 1534.450 0.09611 
013 080412 17 2744.050 0.14228 
013 080412 19 2464.525 0.09128 
013 080412 21 2731.850 0.09896 
013 080413 1 1080.700 0.15609 
013 080413 1 1084.750 0.12531 
013 080413 1 1090.325 0.24079 
013 080413 1 1094.025 0.16808 
013 080413 1 1099.550 0.31066 
013 080413 1 1101.325 0.11540 
013 080413 1 1104.050 0.11823 
013 080413 1 1123.150 0.11407 
013 080413 1 1141.475 0.12540 
013 080413 1 1154.850 0.13341 
013 080413 1 1156.125 0.10078 
013 080413 1 1161.925 0.19183 
013 080413 1 1170.075 0.17271 
013 080413 6 325.750 0.09569 
013 080413 6 3114.525 0.10420 
013 080413 10 2949.950 0.09840 
013 080414 3 836.500 0.09418 
013 080414 12 791.675 0.10275 
013 080415 9 1097.125 0.10113 
013 080415 9 1433.425 0.11051 
013 080415 11 431.800 0.11152 
013 080416 6 731.825 0.09120 
013 080416 7 3415.775 0.09487 
013 080416 8 434.500 0.11929 
013 080416 8 1142.150 0.12637 
013 080416 8 1238.750 0.09659 
013 080416 10 2758.300 0.10343 
013 080416 10 3073.600 0.10392 
013 080416 10 3075.825 0.13307 
013 080416 10 3097.200 0.09965 
013 080416 10 3112.825 0.09011 
013 080416 10 3117.275 0.12399 
013 080416 10 3125.750 0.19716 
013 080416 10 3129.900 0.17771 
013 080416 10 3132.150 0.14507 
013 080416 10 3134.975 0.25340 
013 080416 10 3138.625 0.11405 
013 080416 10 3156.200 0.17129 
013 080416 10 3236.900 0.11814 
013 080416 11 276.900 0.09115 
013 080416 11 1580.125 0.09302 
013 080416 12 1000.925 0.10272 
013 080416 17 2877.625 0.09373 
013 080417 2 654.250 0.09216 
013 080417 2 657.425 0.09224 
013 080417 2 665.225 0.08938 
013 080417 2 903.800 0.09110 
013 080417 7 489.875 0.10995 
013 080417 20 3254.075 0.09110 
013 080418 8 3472.025 0.08991 
013 080418 12 1612.325 0.09891 
013 080418 16 11.325 0.08458 
013 080418 20 1751.175 0.08390 
013 080418 22 2741.050 0.08602 
013 080419 7 104.750 0.08991 
013 080420 3 3201.550 0.13102 
013 080420 13 364.275 0.08844 
013 080420 14 3262.300 0.10198 
013 080420 14 3277.400 0.08637 
013 080420 21 1719.600 0.10821 
013 080420 21 1724.825 0.10552 
013 080420 21 1732.925 0.14216 
013 080420 21 1745.550 0.17783 
013 080420 21 1748.250 0.11972 
013 080420 21 1751.225 0.20035 
013 080420 21 1755.575 0.09596 
013 080420 21 1759.475 0.09202 
013 080420 21 1760.850 0.09118 
013 080420 21 1765.200 0.09953 
013 080420 21 1768.200 0.09197 
013 080420 21 1775.125 0.22842 
013 080420 21 1804.275 0.11374 
013 080420 21 1806.450 0.09120 
013 080420 21 1820.975 0.12773 
013 080420 21 1845.625 0.12827 
013 080420 21 1859.575 0.11645 
013 080420 21 1882.500 0.19579 
013 080420 21 1901.200 0.09622 
013 080420 21 1902.950 0.11905 
013 080420 21 1906.550 0.17204 
013 080422 3 2042.600 0.10066 
013 080422 11 2021.300 0.10456 
013 080422 20 3244.325 0.10085 
013 080423 14 1813.800 0.13051 
013 080423 15 997.450 0.15627 
013 080423 15 2953.675 0.10181 
013 080423 15 3156.125 0.08949 
013 080423 18 676.075 0.09894 
013 080423 18 684.550 0.10458 
013 080423 18 686.875 0.14591 
013 080424 22 3474.975 0.10318 
013 080424 23 2857.500 0.09355 
013 080424 24 3181.025 0.10220 
013 080425 8 3271.700 0.09550 
013 080425 10 3555.475 0.09235 
013 080425 13 2587.075 0.10614 
013 080426 2 189.075 0.11605 
013 080426 2 207.875 0.11953 
013 080426 2 216.750 0.15003 
013 080426 2 219.075 0.10503 
013 080426 2 220.350 0.09504 
013 080426 2 221.675 0.09441 
013 080426 2 222.975 0.12032 
013 080426 2 224.325 0.10854 
013 080426 2 226.925 0.16651 
013 080426 2 231.700 0.13427 
013 080426 2 238.125 0.22253 
013 080426 2 240.450 0.11300 
013 080426 2 252.275 0.16878 
013 080426 2 292.550 0.09733 
013 080426 2 413.600 0.17528 
013 080426 2 415.350 0.10370 
013 080426 2 581.575 0.18645 
013 080426 2 586.500 0.23377 
013 080426 2 611.850 0.12817 
013 080426 2 613.900 0.10360 
013 080426 2 617.125 0.09302 
013 080426 2 637.075 0.10300 
013 080426 2 794.575 0.11249 
013 080426 7 2682.500 0.10020 
013 080426 8 526.175 0.09249 
013 080426 10 786.925 0.09192 
013 080426 15 2885.350 0.10046 
013 080426 15 2909.425 0.09778 
013 080426 15 2931.950 0.09906 
013 080427 4 3360.025 0.12292 
013 080427 8 860.950 0.09960 
013 080427 14 646.975 0.14517 
013 080427 14 2700.225 0.09859 
013 080427 19 1914.350 0.10659 
013 080428 11 457.100 0.09287 
013 080428 15 955.400 0.09715 
013 080428 15 1034.475 0.09895 
013 080428 21 1088.525 0.09520 
013 080429 6 3119.150 0.09260 
013 080429 7 2039.550 0.09922 
013 080430 4 194.300 0.09038 
013 080430 4 197.025 0.10365 
013 080430 4 228.425 0.09526 
013 080430 11 1723.850 0.08768 
013 080430 11 2160.800 0.10761 
013 080430 11 2179.375 0.09673 
013 080430 22 3282.325 0.09199 
