ME42 KCPB ME43 ME44 ME45 ME52 ME46  
Threshhold: 8 
004 080302 10 3486.575 0.11195 
004 080303 9 1872.775 0.12208 
004 080303 9 2674.325 0.15644 
004 080303 9 2967.425 0.11356 
004 080303 9 3036.225 0.11709 
004 080303 10 771.400 0.14111 
004 080303 10 831.925 0.11375 
004 080303 10 849.775 0.13587 
004 080303 10 907.400 0.14693 
004 080303 10 946.700 0.20799 
004 080303 10 1023.100 0.17545 
004 080303 10 1257.325 0.18104 
004 080303 10 1378.800 0.16187 
004 080303 10 1581.050 0.14126 
004 080303 10 1584.750 0.11706 
004 080303 10 1759.600 0.18803 
004 080303 10 2170.050 0.11926 
004 080303 10 2711.100 0.14396 
004 080303 10 2834.525 0.11430 
004 080303 10 3000.325 0.12992 
004 080303 10 3040.600 0.21271 
004 080303 10 3127.175 0.11531 
004 080303 11 1133.025 0.12189 
004 080303 12 1313.700 0.16886 
004 080303 12 1353.675 0.11575 
004 080303 12 2223.050 0.13755 
004 080303 12 2239.225 0.16691 
004 080303 12 2251.550 0.14196 
004 080303 12 2304.300 0.12765 
004 080303 12 2332.650 0.26548 
004 080303 12 2353.775 0.24790 
004 080303 12 2372.550 0.18590 
004 080303 12 2388.200 0.18911 
004 080303 12 2412.825 0.16948 
004 080303 12 2436.625 0.14724 
004 080303 12 2450.475 0.12058 
004 080303 12 2453.125 0.14411 
004 080303 12 2463.975 0.21298 
004 080303 12 2482.125 0.16617 
004 080303 12 2498.350 0.12754 
004 080303 12 2513.125 0.19702 
004 080303 12 2529.500 0.15656 
004 080303 12 2548.400 0.14649 
004 080303 12 2571.350 0.12541 
004 080303 12 2583.225 0.11553 
004 080303 12 2592.050 0.11921 
004 080303 12 2602.925 0.23654 
004 080303 12 2606.300 0.21329 
004 080303 12 2651.025 0.16751 
004 080303 12 2691.250 0.18286 
004 080303 12 2811.625 0.17685 
004 080303 12 3006.775 0.18642 
004 080303 12 3009.750 0.12171 
004 080303 12 3012.625 0.15205 
004 080303 12 3127.600 0.16145 
004 080303 12 3400.250 0.11284 
004 080303 13 327.525 0.11551 
004 080303 13 519.875 0.16392 
004 080303 13 639.025 0.11368 
004 080303 13 698.450 0.13080 
004 080303 13 700.325 0.20703 
004 080303 13 1315.650 0.16283 
004 080303 13 1592.500 0.15710 
004 080303 13 2018.625 0.11510 
004 080303 13 2023.625 0.16240 
004 080303 13 2026.950 0.16679 
004 080303 13 2028.950 0.31142 
004 080303 13 2031.475 0.12526 
004 080303 13 2040.400 0.19010 
004 080303 13 3047.525 0.19210 
004 080303 13 3050.400 0.16826 
004 080303 13 3055.550 0.11724 
004 080303 13 3059.275 0.16282 
004 080303 24 207.775 0.12049 
004 080304 9 754.025 0.12239 
004 080304 13 1609.075 0.13555 
004 080305 22 275.775 0.12237 
004 080306 13 656.825 0.11109 
004 080306 21 1507.550 0.11838 
004 080307 3 213.650 0.11273 
004 080307 7 616.950 0.13384 
004 080307 7 652.400 0.12733 
004 080307 7 726.225 0.16658 
004 080307 7 750.225 0.25923 
004 080307 7 1373.100 0.15146 
004 080307 7 1375.075 0.13690 
004 080307 7 1437.575 0.12416 
004 080307 7 1462.575 0.20934 
004 080307 7 1471.200 0.17238 
004 080307 7 1483.725 0.24989 
004 080307 7 1508.275 0.20159 
004 080307 7 1544.225 0.23696 
004 080307 7 1576.175 0.12445 
004 080307 7 1604.300 0.14049 
004 080307 7 1647.050 0.19695 
004 080307 7 1648.925 0.19288 
004 080307 7 1650.850 0.12671 
004 080307 7 1686.275 0.11159 
004 080307 12 96.700 0.11187 
004 080309 23 620.725 0.11553 
004 080309 23 628.325 0.12680 
004 080311 4 2324.325 0.10930 
004 080311 18 1466.250 0.10980 
004 080312 4 3026.750 0.12597 
004 080312 23 497.750 0.10991 
004 080313 18 3445.300 0.13341 
004 080313 18 3454.475 0.14408 
004 080314 2 150.750 0.12585 
004 080314 17 535.250 0.11331 
004 080315 5 1335.975 0.13168 
004 080315 9 2215.400 0.09327 
004 080315 11 3588.675 0.09818 
004 080315 12 1020.850 0.10612 
004 080315 15 2985.975 0.12135 
004 080316 3 2394.375 0.11980 
004 080316 3 2794.625 0.15614 
004 080316 3 2798.900 0.11143 
004 080316 3 2849.050 0.18799 
004 080316 3 2850.475 0.11862 
004 080316 3 2856.600 0.13061 
004 080316 3 2861.150 0.17918 
004 080316 3 2864.025 0.12406 
004 080316 3 2872.600 0.10100 
004 080316 3 2891.500 0.19044 
004 080316 3 2929.050 0.13711 
004 080316 3 2955.550 0.12111 
004 080316 3 3061.075 0.10035 
004 080316 3 3182.200 0.10285 
004 080316 4 1362.525 0.13918 
004 080316 4 2713.450 0.12055 
004 080316 16 1981.625 0.10959 
004 080318 10 202.550 0.11710 
004 080318 12 1596.150 0.11430 
004 080322 4 329.175 0.18206 
004 080322 11 2563.675 0.10867 
004 080322 11 3015.100 0.11750 
004 080322 11 3032.075 0.11681 
004 080323 10 2658.350 0.13833 
004 080324 16 561.550 0.11797 
004 080324 21 2214.250 0.11992 
004 080324 21 2907.850 0.11687 
004 080324 21 3461.200 0.11912 
004 080326 6 2955.650 0.15268 
004 080326 7  8.500 0.21252 
004 080326 7 35.450 0.17248 
004 080326 7 180.000 0.38696 
004 080326 7 195.950 0.23572 
004 080326 7 197.875 0.13262 
004 080326 7 203.325 0.15507 
004 080326 7 217.175 0.13753 
004 080326 7 218.350 0.25821 
004 080326 7 223.325 0.14660 
004 080326 7 236.700 0.18069 
004 080326 7 237.950 0.14491 
004 080326 7 304.300 0.19065 
004 080326 7 325.175 0.17872 
004 080326 7 586.600 0.36884 
004 080326 7 589.450 0.24059 
004 080326 7 591.250 0.20903 
004 080326 7 601.800 0.13561 
004 080326 7 644.975 0.15967 
004 080326 7 673.200 0.17873 
004 080326 7 675.150 0.13416 
004 080326 7 695.050 0.14263 
004 080326 7 707.850 0.14463 
004 080326 7 726.125 0.17986 
004 080326 7 742.725 0.14478 
004 080326 7 803.600 0.14269 
004 080326 7 1186.725 0.18030 
004 080326 7 1190.500 0.24496 
004 080326 7 1191.975 0.13705 
004 080326 7 1434.200 0.28599 
004 080326 7 1479.225 0.18233 
004 080326 8 842.500 0.13666 
004 080326 8 868.825 0.13735 
004 080326 8 1051.250 0.13635 
004 080326 8 1070.625 0.12673 
004 080326 8 1227.675 0.20152 
004 080326 8 1417.525 0.14417 
004 080326 8 1718.700 0.14570 
004 080326 8 2175.725 0.12955 
004 080326 8 2268.775 0.14290 
004 080326 8 2269.825 0.13882 
004 080326 8 2448.300 0.19588 
004 080326 9 22.025 0.14399 
004 080326 9 505.800 0.15118 
004 080326 9 630.900 0.14810 
004 080326 9 1076.100 0.12640 
004 080326 9 1219.775 0.17634 
004 080327 22 675.125 0.11818 
004 080328 17 134.950 0.12052 
004 080328 20 2859.775 0.12028 
004 080329 22 1556.325 0.11198 
004 080330 23 841.275 0.10864 
004 080331 3 727.900 0.13371 
004 080331 5 142.350 0.11490 
004 080331 5 188.900 0.14736 
004 080331 5 541.000 0.11542 
004 080331 5 758.850 0.21520 
004 080403 13 2289.900 0.11781 
004 080404 5 2804.775 0.14150 
004 080404 5 2813.575 0.12904 
004 080406 13 2318.225 0.13124 
004 080406 16 2071.350 0.13500 
004 080408 1 3193.975 0.13261 
004 080408 1 3505.075 0.28444 
004 080408 1 3506.925 0.13361 
004 080408 1 3516.600 0.13416 
004 080408 1 3553.950 0.14172 
004 080408 1 3590.025 0.17319 
004 080408 2 3335.100 0.15485 
004 080408 5 3358.750 0.12898 
004 080408 6 1163.475 0.16605 
004 080408 6 2932.650 0.17264 
004 080408 6 2936.375 0.22124 
004 080408 6 2937.500 0.17553 
004 080408 6 2942.225 0.14755 
004 080408 6 2950.100 0.15874 
004 080408 7 489.075 0.19371 
004 080408 7 2161.525 0.16528 
004 080408 7 2172.700 0.28270 
004 080408 7 2305.825 0.13228 
004 080408 7 2308.775 0.17861 
004 080408 8 1228.050 0.12790 
004 080408 8 2269.500 0.14361 
004 080408 8 2295.150 0.15191 
004 080408 8 2311.800 0.14584 
004 080408 8 2336.325 0.15217 
004 080410 7 3172.350 0.14769 
004 080410 8 131.600 0.13270 
004 080412 17 1871.150 0.15905 
004 080412 17 2000.775 0.11916 
004 080412 17 2139.600 0.11421 
004 080412 17 2202.500 0.11756 
004 080412 17 2456.375 0.13724 
004 080412 18 3001.700 0.13874 
004 080412 18 3151.425 0.12090 
004 080412 22 1806.600 0.13694 
004 080414 3 1160.700 0.12151 
004 080414 3 1176.475 0.17300 
004 080415 1 1662.825 0.11128 
004 080415 5 679.925 0.12225 
004 080415 12 2296.975 0.12519 
004 080417 2 648.175 0.13456 
004 080417 2 911.725 0.12531 
004 080417 12 1466.950 0.11767 
004 080417 12 1503.525 0.11651 
004 080417 19 1509.800 0.10924 
004 080417 19 1511.650 0.12106 
004 080418 15 305.625 0.10467 
004 080418 15 2076.050 0.10328 
004 080418 16 2527.375 0.10141 
004 080419 7 11.275 0.14154 
004 080420 3 2333.725 0.12310 
004 080420 3 2393.450 0.13545 
004 080420 3 2417.025 0.14646 
004 080420 3 2425.750 0.15473 
004 080420 3 2430.950 0.20727 
004 080420 3 2437.550 0.13757 
004 080420 3 2463.075 0.15215 
004 080420 11 1171.625 0.12196 
004 080420 13 327.725 0.13215 
004 080420 13 369.250 0.13367 
004 080420 14 3265.325 0.11949 
004 080422 23 3335.550 0.11524 
004 080423 12 2070.800 0.11803 
004 080423 12 2290.275 0.11868 
004 080423 15 2896.400 0.13683 
004 080424 17 306.500 0.12666 
004 080424 22 3478.925 0.15833 
004 080424 24 3162.050 0.12208 
004 080425 15 3113.075 0.11324 
004 080427 8 75.075 0.11569 
004 080427 8 483.350 0.12687 
004 080427 8 782.125 0.15599 
004 080427 8 787.775 0.15426 
004 080427 8 806.100 0.32266 
004 080427 8 843.600 0.18060 
004 080427 8 855.150 0.18319 
004 080427 8 869.525 0.24560 
004 080427 8 871.825 0.17230 
004 080427 8 881.550 0.12932 
004 080427 8 888.750 0.16936 
004 080427 8 902.250 0.11804 
004 080427 8 907.375 0.13164 
004 080427 8 908.575 0.11802 
004 080427 8 962.675 0.12374 
004 080427 15 1951.900 0.11881 
004 080427 18 3065.550 0.14264 
004 080428 14 3595.750 0.12296 
004 080429 2 3104.800 0.17654 
004 080429 2 3127.875 0.20479 
004 080429 2 3136.175 0.15619 
004 080429 2 3147.450 0.31442 
004 080429 2 3165.725 0.16637 
004 080429 2 3228.250 0.22193 
004 080429 13 3314.775 0.14934 
004 080429 14 2453.825 0.14195 
004 080429 14 2625.500 0.15801 
004 080429 15 666.050 0.17437 
004 080429 15 2762.025 0.13636 
004 080430 2  2.400 0.13242 
