ME49 ME42 KCPB ME43 ME44 ME45 ME52 ME46  
Threshhold: 8 
029 080321 2 1202.775 0.11228 
029 080321 2 1263.200 0.12901 
029 080321 20 3054.150 0.08908 
029 080322 12 323.475 0.08371 
029 080322 15 573.125 0.08426 
029 080322 22 1898.950 0.08377 
029 080322 22 1991.350 0.08699 
029 080323 10 710.950 0.08524 
029 080323 16 1389.200 0.08439 
029 080324 10 821.650 0.08830 
029 080324 17 314.625 0.09909 
029 080324 18 1464.650 0.08868 
029 080324 22 1818.650 0.09099 
029 080324 23 270.050 0.09983 
029 080325 14 3475.325 0.10292 
029 080325 23 1664.850 0.09613 
029 080326 7 1013.875 0.09402 
029 080326 9 1485.750 0.09612 
029 080326 18 852.750 0.09059 
029 080326 24 606.200 0.09210 
029 080327 7 1704.275 0.09390 
029 080327 15 2968.800 0.08743 
029 080327 19 3168.075 0.08863 
029 080327 21 2078.900 0.11096 
029 080328 9 1486.050 0.15944 
029 080328 9 1520.650 0.12048 
029 080328 9 1523.450 0.12642 
029 080328 9 1541.025 0.14924 
029 080328 9 1559.825 0.11857 
029 080328 9 1571.675 0.09584 
029 080328 9 1611.350 0.11170 
029 080328 9 1622.250 0.09971 
029 080328 9 1629.125 0.16322 
029 080328 9 1632.625 0.19928 
029 080328 9 1634.700 0.09582 
029 080328 9 1643.650 0.12845 
029 080328 9 1646.225 0.11972 
029 080328 9 1649.750 0.19494 
029 080328 9 1656.525 0.10306 
029 080328 9 1663.650 0.13812 
029 080328 9 1665.600 0.09566 
029 080328 9 1668.675 0.14806 
029 080328 9 1669.825 0.15393 
029 080328 9 1672.225 0.17154 
029 080328 9 1674.250 0.12587 
029 080328 9 1680.000 0.32911 
029 080328 9 1683.125 0.15197 
029 080328 9 1689.850 0.10542 
029 080328 9 1692.325 0.09861 
029 080328 9 1695.850 0.13470 
029 080328 9 1712.575 0.17095 
029 080328 10 2817.200 0.10744 
029 080328 13 591.700 0.14568 
029 080328 13 633.350 0.12362 
029 080328 13 746.850 0.09223 
029 080328 17 945.500 0.08925 
029 080328 19 3592.775 0.09135 
029 080329 7 2736.950 0.08515 
029 080329 13 556.450 0.17735 
029 080329 13 660.575 0.13049 
029 080329 13 812.800 0.12556 
029 080329 13 815.050 0.10248 
029 080329 13 841.275 0.08190 
029 080329 13 850.725 0.13961 
029 080329 13 897.625 0.15907 
029 080329 13 927.700 0.13093 
029 080329 13 945.750 0.19950 
029 080329 13 987.425 0.13856 
029 080329 13 996.675 0.14054 
029 080329 13 1008.550 0.15799 
029 080329 13 1035.750 0.09372 
029 080329 13 1054.250 0.12842 
029 080329 13 1064.450 0.21297 
029 080329 13 1096.950 0.20026 
029 080329 13 1129.350 0.32210 
029 080329 13 1132.350 0.08228 
029 080329 13 1180.175 0.12446 
029 080329 13 1186.275 0.36779 
029 080329 13 1208.525 0.12979 
029 080329 13 1232.475 0.18557 
029 080329 13 1243.700 0.12542 
029 080329 13 1246.275 0.13578 
029 080329 13 1253.100 0.08073 
029 080329 13 1258.925 0.09695 
029 080329 13 1268.675 0.08938 
029 080329 13 1277.175 0.24064 
029 080329 13 1290.575 0.15855 
029 080329 13 1304.400 0.19249 
029 080329 13 1324.675 0.15515 
029 080329 13 1335.250 0.14495 
029 080329 13 1338.750 0.08854 
029 080329 13 1350.900 0.20784 
029 080329 13 1355.875 0.09683 
029 080329 13 1365.250 0.09913 
029 080329 13 1476.450 0.08135 
029 080329 13 1508.350 0.11359 
029 080329 13 1540.700 0.10150 
029 080329 13 1546.625 0.08670 
029 080329 13 1580.650 0.12669 
029 080329 13 1600.625 0.15852 
029 080329 13 1614.900 0.15572 
029 080329 13 1671.700 0.09416 
029 080329 13 1751.450 0.10326 
029 080329 13 1786.500 0.12493 
029 080329 13 1803.000 0.10656 
029 080329 13 1805.375 0.13529 
029 080329 13 1807.775 0.11193 
029 080329 13 1811.200 0.20263 
029 080329 13 1813.100 0.11341 
029 080329 13 1814.675 0.09129 
029 080329 13 1825.200 0.09849 
029 080329 15 519.650 0.09462 
029 080329 19 3155.525 0.13373 
029 080329 20 343.600 0.09731 
029 080331 5 53.475 0.08848 
029 080401 2 43.800 0.09621 
029 080401 6 1037.775 0.09114 
029 080401 16 1574.200 0.08796 
029 080403 17 953.525 0.08861 
029 080403 22 3115.550 0.09122 
029 080404 6 1803.925 0.09746 
029 080404 6 1822.900 0.10756 
029 080404 6 1843.325 0.09125 
029 080404 6 1860.750 0.08979 
029 080405 4 2142.000 0.10721 
029 080405 4 2155.175 0.12068 
029 080405 4 2207.950 0.10889 
029 080405 13 2370.875 0.09656 
029 080405 15 3306.025 0.09312 
029 080405 17 1349.650 0.10338 
029 080406 9 3149.225 0.09572 
029 080406 9 3462.700 0.09849 
029 080407 12 524.925 0.10889 
029 080408 16 2243.400 0.10256 
029 080409 6 3138.075 0.10583 
029 080409 7 2301.600 0.09497 
029 080409 8 132.175 0.10301 
029 080409 8 140.525 0.10192 
029 080409 8 159.225 0.12622 
029 080409 14 590.025 0.11130 
029 080410 7 3470.350 0.09669 
029 080411 3 2217.550 0.09207 
029 080411 11 228.350 0.08783 
029 080412 13 669.375 0.09356 
029 080412 17 3153.000 0.09932 
029 080412 21 304.450 0.08675 
029 080413 4 3227.075 0.10391 
029 080413 6 3102.950 0.09561 
029 080413 6 3115.550 0.08979 
029 080414 12 780.625 0.09482 
029 080415 1 1589.600 0.08634 
029 080415 1 1662.875 0.08571 
029 080415 1 1702.000 0.11174 
029 080415 1 2083.975 0.09419 
029 080416 8 1149.425 0.09605 
029 080416 12 2631.225 0.09644 
029 080416 12 2693.900 0.11965 
029 080416 12 2770.600 0.11857 
029 080416 12 2803.075 0.09881 
029 080416 12 2822.950 0.15847 
029 080416 12 2833.600 0.10874 
029 080416 12 2835.525 0.09848 
029 080416 12 2843.375 0.12112 
029 080416 12 2848.275 0.12492 
029 080416 12 2852.950 0.10572 
029 080416 12 2857.900 0.10776 
029 080416 12 2874.300 0.09085 
029 080416 12 2981.025 0.12925 
029 080416 12 2982.175 0.12083 
029 080416 12 3155.375 0.10360 
029 080416 12 3162.750 0.13097 
029 080416 12 3171.575 0.14652 
029 080416 12 3177.225 0.11267 
029 080416 12 3179.375 0.12893 
029 080416 12 3185.175 0.12447 
029 080416 12 3191.500 0.13757 
029 080416 12 3203.250 0.26883 
029 080416 12 3252.325 0.16635 
029 080416 12 3309.325 0.11952 
029 080416 12 3313.100 0.09008 
029 080416 12 3316.075 0.08891 
029 080417 15 2920.100 0.08808 
029 080417 16 1953.550 0.08844 
029 080418 4 873.950 0.08103 
029 080418 10 2559.200 0.08952 
029 080418 12 3163.250 0.08474 
029 080418 13 284.950 0.08268 
029 080420 10 3075.750 0.09758 
029 080420 14 3274.900 0.08672 
029 080421 6 435.100 0.09494 
029 080421 9 152.900 0.09092 
029 080421 15 1888.550 0.08839 
029 080421 20 2656.325 0.08808 
029 080421 20 3342.425 0.08889 
029 080421 21 576.925 0.09434 
029 080422 9 988.550 0.10167 
029 080422 9 2381.375 0.09333 
029 080422 23 1208.725 0.08860 
029 080423 4 1180.150 0.08625 
029 080423 6 2606.150 0.08894 
029 080424 2 2620.350 0.08696 
029 080424 23 2876.375 0.08738 
029 080425 8 2107.075 0.09825 
029 080425 11 2835.950 0.08778 
029 080425 13 2565.175 0.09149 
029 080425 18 1855.425 0.09613 
029 080426 1 1634.600 0.08815 
029 080426 8 1782.425 0.09024 
029 080426 8 1800.725 0.09290 
029 080426 9 2195.400 0.08898 
029 080426 11 1073.750 0.09353 
029 080427 7 50.875 0.09001 
029 080427 7 603.525 0.08922 
029 080427 8 1261.950 0.08603 
029 080427 12 3019.625 0.08590 
029 080427 14 1026.950 0.09528 
029 080427 14 2640.850 0.13083 
029 080427 15 212.525 0.09328 
029 080428 13 802.975 0.09468 
029 080428 14 2629.000 0.08870 
029 080429 4 1422.525 0.09626 
029 080429 5 1252.300 0.09585 
029 080429 5 1297.900 0.11595 
029 080429 5 1300.900 0.09582 
029 080429 5 1303.225 0.10759 
029 080429 5 1313.475 0.09455 
029 080429 5 1318.350 0.11073 
029 080429 5 1335.450 0.09681 
029 080429 5 1342.225 0.11186 
029 080429 5 1360.425 0.24458 
029 080429 5 1372.600 0.12347 
029 080429 5 1379.225 0.13493 
029 080429 5 1386.600 0.12373 
029 080429 5 1393.000 0.12470 
029 080429 5 1478.500 0.08954 
029 080429 5 1479.700 0.09157 
029 080429 5 1490.625 0.09005 
029 080429 5 1511.450 0.11172 
029 080429 5 1517.925 0.10182 
029 080429 5 1538.400 0.09884 
029 080429 5 1552.625 0.11939 
029 080429 5 1556.050 0.10067 
029 080429 5 1560.825 0.13559 
029 080429 5 1568.625 0.11960 
029 080429 5 1571.875 0.12899 
029 080429 5 1577.075 0.12537 
029 080429 5 1584.125 0.21587 
029 080429 5 1594.500 0.13126 
029 080429 5 1611.975 0.10288 
029 080429 5 1615.550 0.10178 
029 080429 5 1632.200 0.14354 
029 080429 5 1673.750 0.17937 
029 080429 5 1679.200 0.12839 
029 080429 5 1681.550 0.17296 
029 080429 5 1699.925 0.09708 
029 080429 5 1724.675 0.11921 
029 080429 5 1752.475 0.13276 
029 080429 5 1754.325 0.10744 
029 080429 5 1825.275 0.09577 
029 080429 5 1831.575 0.09820 
029 080429 5 1859.900 0.10064 
029 080429 5 2093.050 0.18649 
029 080429 7 2061.650 0.09621 
029 080429 14 527.375 0.10998 
029 080429 14 737.550 0.09186 
029 080429 14 1897.725 0.10367 
029 080429 15 3401.300 0.12399 
029 080429 23 2855.850 0.09361 
029 080430 8 2324.225 0.08719 
