ME49 ME42 KCPB ME43 ME44 ME45 ME52 ME46 ME47  
Threshhold: 8 
048 080323 10 2676.875 0.08570 
048 080323 10 2770.650 0.09101 
048 080323 10 2809.275 0.11951 
048 080323 10 2818.625 0.09600 
048 080323 10 2820.600 0.08880 
048 080323 10 2858.175 0.13526 
048 080323 10 2904.575 0.08655 
048 080323 12 3243.400 0.09372 
048 080323 15 680.325 0.09019 
048 080323 15 2985.275 0.09530 
048 080323 15 3168.150 0.08662 
048 080323 16 1724.775 0.08503 
048 080323 16 2223.225 0.08399 
048 080323 16 2751.050 0.08393 
048 080323 19 1392.150 0.08786 
048 080326 7 307.650 0.10589 
048 080326 7 418.100 0.12649 
048 080326 7 425.375 0.10371 
048 080326 7 585.975 0.12170 
048 080326 7 799.775 0.08863 
048 080326 7 846.075 0.12411 
048 080326 7 1766.625 0.13157 
048 080326 7 1770.325 0.13197 
048 080326 7 1982.950 0.09210 
048 080326 7 2033.600 0.10861 
048 080326 7 2056.700 0.12731 
048 080326 7 2089.225 0.11486 
048 080326 7 2111.725 0.11240 
048 080326 7 2136.950 0.10670 
048 080326 7 2138.225 0.10045 
048 080326 7 2145.900 0.09445 
048 080326 7 2183.225 0.10153 
048 080326 7 2224.175 0.11437 
048 080326 7 2276.275 0.10189 
048 080326 7 2399.400 0.13476 
048 080326 7 2412.650 0.11973 
048 080326 7 2414.000 0.10925 
048 080326 7 2434.475 0.12710 
048 080326 7 2448.675 0.11117 
048 080326 7 2471.225 0.13376 
048 080326 7 2536.025 0.10599 
048 080326 7 2537.150 0.11054 
048 080326 7 2546.450 0.19847 
048 080326 7 2565.325 0.10704 
048 080326 7 2583.325 0.14042 
048 080326 7 2596.175 0.09267 
048 080326 7 2599.850 0.11194 
048 080326 7 2603.475 0.19177 
048 080326 7 2616.500 0.10194 
048 080326 7 2622.425 0.16912 
048 080326 7 2642.275 0.11981 
048 080326 7 2646.350 0.12566 
048 080326 7 2649.525 0.13302 
048 080326 7 2652.625 0.10180 
048 080326 7 2655.700 0.19797 
048 080326 7 2671.400 0.13501 
048 080326 7 2674.925 0.15445 
048 080326 7 2683.825 0.15760 
048 080326 7 2686.150 0.20413 
048 080326 7 2692.400 0.14767 
048 080326 7 2702.175 0.12047 
048 080326 7 2715.250 0.10420 
048 080326 7 2719.175 0.13683 
048 080326 7 2725.025 0.12826 
048 080326 7 2744.225 0.20385 
048 080326 7 2753.500 0.08932 
048 080326 7 2767.525 0.15235 
048 080326 7 2818.325 0.11912 
048 080326 7 2820.000 0.29492 
048 080326 7 2830.700 0.10118 
048 080326 7 2867.325 0.08944 
048 080326 7 2955.775 0.10659 
048 080326 7 2964.675 0.13985 
048 080326 7 2971.950 0.11440 
048 080326 7 2976.750 0.11451 
048 080326 7 3021.625 0.09886 
048 080326 7 3024.050 0.11249 
048 080326 7 3106.850 0.10117 
048 080326 8 158.875 0.10821 
048 080326 8 737.700 0.09543 
048 080326 8 785.425 0.13299 
048 080326 8 818.225 0.18206 
048 080326 8 831.200 0.09570 
048 080326 8 837.550 0.17029 
048 080326 8 847.550 0.10580 
048 080326 8 849.100 0.13659 
048 080326 8 864.300 0.13487 
048 080326 8 911.550 0.11475 
048 080326 8 913.125 0.20962 
048 080326 8 1046.350 0.12836 
048 080326 8 1098.700 0.11539 
048 080326 8 1100.650 0.11625 
048 080326 8 1224.900 0.15709 
048 080326 8 1226.925 0.15146 
048 080326 8 1407.275 0.10165 
048 080326 8 1412.625 0.11515 
048 080326 8 1526.950 0.09003 
048 080326 8 1663.125 0.12845 
048 080326 8 1802.675 0.10186 
048 080326 8 1837.100 0.11886 
048 080326 8 1883.625 0.13697 
048 080326 8 1896.725 0.09497 
048 080326 8 1964.950 0.13651 
048 080326 8 1971.500 0.14089 
048 080326 8 1979.775 0.12181 
048 080326 8 1996.000 0.10847 
048 080326 8 2012.600 0.11086 
048 080326 8 2034.975 0.09313 
048 080326 8 2175.925 0.12123 
048 080326 8 2186.300 0.09497 
048 080326 8 2265.350 0.23349 
048 080326 8 2443.425 0.16251 
048 080326 8 2447.025 0.12478 
048 080326 8 2454.525 0.16540 
048 080326 8 2456.600 0.13091 
048 080326 8 2460.250 0.09325 
048 080326 8 2461.300 0.09452 
048 080326 8 2470.225 0.13893 
048 080326 8 2480.350 0.17979 
048 080326 8 2507.550 0.09713 
048 080326 8 2509.200 0.13397 
048 080326 8 2623.150 0.11039 
048 080326 8 2633.025 0.09613 
048 080326 8 2650.700 0.13792 
048 080326 8 2655.700 0.14112 
048 080326 8 2667.300 0.09981 
048 080326 8 2674.700 0.08904 
048 080326 8 2678.750 0.11807 
048 080326 8 2682.275 0.08964 
048 080326 8 2696.275 0.21755 
048 080326 8 2702.400 0.18268 
048 080326 8 2715.500 0.18414 
048 080326 8 2717.600 0.12454 
048 080326 8 2723.875 0.08850 
048 080326 8 2733.875 0.12521 
048 080326 8 2759.725 0.23177 
048 080326 8 2771.525 0.09751 
048 080326 8 2817.725 0.19824 
048 080326 8 2819.375 0.10407 
048 080326 8 2880.175 0.20114 
048 080326 8 2929.550 0.10552 
048 080326 8 2984.925 0.18781 
048 080326 8 3056.525 0.12459 
048 080326 8 3065.775 0.17966 
048 080326 8 3073.025 0.15508 
048 080326 8 3077.150 0.10212 
048 080326 8 3114.400 0.12368 
048 080326 8 3128.125 0.31540 
048 080326 8 3168.525 0.09199 
048 080326 8 3213.150 0.11666 
048 080326 8 3214.825 0.11573 
048 080326 8 3241.550 0.09249 
048 080326 8 3243.200 0.38744 
048 080326 8 3284.600 0.09863 
048 080326 8 3307.350 0.13023 
048 080326 8 3340.975 0.15042 
048 080326 8 3362.200 0.26404 
048 080326 8 3437.525 0.14188 
048 080326 8 3509.175 0.30113 
048 080326 8 3555.675 0.09750 
048 080326 8 3560.200 0.13143 
048 080326 8 3570.275 0.13492 
048 080326 8 3575.150 0.15215 
048 080326 8 3592.300 0.18899 
048 080326 9  5.150 0.11915 
048 080326 9 14.625 0.09446 
048 080326 9 17.150 0.11436 
048 080326 9 19.250 0.11685 
048 080326 9 33.250 0.22018 
048 080326 9 39.975 0.13040 
048 080326 9 46.225 0.08946 
048 080326 9 58.725 0.17231 
048 080326 9 70.475 0.16689 
048 080326 9 77.275 0.10224 
048 080326 9 84.250 0.10821 
048 080326 9 98.975 0.15912 
048 080326 9 100.600 0.23757 
048 080326 9 114.575 0.10702 
048 080326 9 142.475 0.09422 
048 080326 9 151.475 0.13097 
048 080326 9 153.125 0.21353 
048 080326 9 154.750 0.13297 
048 080326 9 159.825 0.18755 
048 080326 9 188.750 0.18844 
048 080326 9 190.425 0.13267 
048 080326 9 228.500 0.08911 
048 080326 9 291.875 0.09574 
048 080326 9 293.500 0.17350 
048 080326 9 424.000 0.09558 
048 080326 9 492.250 0.09026 
048 080326 9 512.500 0.13734 
048 080326 9 531.600 0.09247 
048 080326 9 538.775 0.09690 
048 080326 9 557.275 0.09970 
048 080326 9 562.800 0.10076 
048 080326 9 564.125 0.09126 
048 080326 9 590.175 0.10814 
048 080326 9 624.675 0.12092 
048 080326 9 631.225 0.09696 
048 080326 9 681.075 0.11439 
048 080326 9 711.125 0.10095 
048 080326 9 739.325 0.11026 
048 080326 9 747.475 0.14427 
048 080326 9 755.100 0.10557 
048 080326 9 756.825 0.12038 
048 080326 9 762.825 0.08912 
048 080326 9 773.875 0.09116 
048 080326 9 775.675 0.13254 
048 080326 9 804.125 0.10482 
048 080326 9 897.200 0.10178 
048 080326 9 922.775 0.11031 
048 080326 9 978.150 0.12996 
048 080326 9 1052.375 0.14232 
048 080326 9 1083.650 0.09671 
048 080326 9 1146.575 0.11754 
048 080326 9 1161.350 0.14625 
048 080326 9 1186.525 0.21983 
048 080326 9 1198.525 0.14303 
048 080326 9 1215.275 0.16606 
048 080326 9 1272.900 0.13153 
048 080326 9 1289.525 0.13870 
048 080326 9 1298.575 0.16152 
048 080326 9 1307.800 0.09470 
048 080326 9 1611.250 0.08936 
048 080326 9 1984.925 0.11638 
048 080326 9 1986.550 0.14549 
048 080326 9 1993.775 0.11089 
048 080326 9 2453.725 0.12880 
048 080326 10 485.600 0.10623 
048 080326 10 566.325 0.17269 
048 080326 10 1273.025 0.13168 
048 080326 10 2094.300 0.09971 
048 080326 10 2158.175 0.10782 
048 080326 12 1518.425 0.12148 
048 080326 12 2655.900 0.13887 
048 080326 12 2658.775 0.15042 
048 080327 5 2268.175 0.11759 
048 080327 5 2466.975 0.08682 
048 080327 8 279.700 0.08523 
048 080327 9 2604.700 0.08532 
048 080327 18 1178.300 0.08560 
048 080406 9 2835.500 0.09889 
048 080406 9 2853.975 0.13850 
048 080406 9 2906.550 0.11300 
048 080406 9 2910.200 0.15043 
048 080406 9 2913.350 0.16371 
048 080406 9 2920.600 0.10565 
048 080406 9 2924.600 0.09822 
048 080406 9 2926.600 0.14390 
048 080406 9 2929.100 0.14566 
048 080406 9 2932.250 0.11540 
048 080406 9 2934.225 0.15859 
048 080406 9 2939.225 0.16103 
048 080406 9 2943.275 0.16186 
048 080406 9 2951.000 0.13436 
048 080406 9 2960.300 0.15030 
048 080406 9 2965.275 0.14711 
048 080406 9 2972.600 0.19043 
048 080406 9 2983.250 0.21355 
048 080406 9 2993.825 0.09841 
048 080406 9 3001.225 0.14535 
048 080406 9 3030.775 0.15981 
048 080406 9 3032.700 0.21386 
048 080406 9 3040.400 0.13266 
048 080406 9 3055.325 0.21335 
048 080406 9 3115.625 0.21895 
048 080406 9 3129.500 0.12077 
048 080406 9 3188.700 0.11074 
048 080406 9 3189.800 0.10014 
048 080406 9 3310.175 0.09975 
048 080406 9 3372.775 0.11664 
048 080406 9 3374.050 0.12043 
048 080406 9 3407.800 0.12163 
048 080406 9 3472.275 0.10849 
048 080406 9 3508.500 0.13929 
048 080406 10 529.775 0.10139 
048 080406 11 995.900 0.09809 
048 080406 13 3201.950 0.09892 
048 080406 14 2664.375 0.13150 
048 080406 14 2751.450 0.14204 
048 080406 14 2752.500 0.09728 
048 080406 14 2753.825 0.10181 
048 080406 14 2767.600 0.10342 
048 080406 14 2806.950 0.10942 
048 080406 14 2879.250 0.12171 
048 080406 15 72.325 0.11448 
048 080406 15 173.550 0.11559 
048 080406 15 235.375 0.10644 
048 080408 7 2745.225 0.10959 
048 080408 8 254.925 0.14155 
048 080408 8 290.675 0.10706 
048 080408 8 297.925 0.11461 
048 080408 8 311.100 0.21873 
048 080408 8 335.275 0.10827 
048 080408 8 344.000 0.10994 
048 080408 8 355.850 0.19402 
048 080408 8 376.225 0.13500 
048 080408 8 1215.075 0.14108 
048 080408 8 1219.025 0.17259 
048 080408 8 1220.725 0.11932 
048 080408 8 1223.550 0.16199 
048 080408 8 1248.475 0.12428 
048 080408 8 1270.950 0.10652 
048 080408 8 1293.200 0.13486 
048 080408 8 1430.750 0.10889 
048 080408 8 1590.500 0.11466 
048 080408 8 2131.575 0.11574 
048 080408 8 2133.225 0.14763 
048 080408 8 2264.575 0.14643 
048 080408 8 2274.000 0.10204 
048 080408 8 2275.700 0.11582 
048 080408 8 2290.250 0.13878 
048 080408 8 2306.900 0.14414 
048 080408 9 1578.100 0.10646 
