ME49 ME42 KCPB ME43 ME44 ME45 ME52 ME46  
Threshhold: 8 
015 080321 9 1703.925 0.09288 
015 080321 20 3061.550 0.09320 
015 080322 11 2431.375 0.09133 
015 080322 22 2019.275 0.10001 
015 080323 10 2676.800 0.09378 
015 080323 10 2714.800 0.09080 
015 080323 10 2778.800 0.09105 
015 080323 10 2832.350 0.09174 
015 080323 11 91.725 0.09858 
015 080324 11 1674.100 0.09823 
015 080325 2 160.525 0.09269 
015 080325 6 2135.050 0.09363 
015 080326 7 722.825 0.10021 
015 080326 7 1188.025 0.10749 
015 080326 7 2036.450 0.12434 
015 080326 7 2059.600 0.10951 
015 080326 7 2067.575 0.09770 
015 080326 7 2075.300 0.14848 
015 080326 7 2092.150 0.13740 
015 080326 7 2114.125 0.09810 
015 080326 7 2226.975 0.09655 
015 080326 7 2366.700 0.12950 
015 080326 7 2413.925 0.13667 
015 080326 7 2435.400 0.10440 
015 080326 7 2474.050 0.11146 
015 080326 7 2538.025 0.14882 
015 080326 7 2547.325 0.11395 
015 080326 7 2548.900 0.18355 
015 080326 7 2565.650 0.14637 
015 080326 7 2570.825 0.10294 
015 080326 7 2584.275 0.18553 
015 080326 7 2624.050 0.15897 
015 080326 7 2644.650 0.11871 
015 080326 7 2650.050 0.11421 
015 080326 7 2658.125 0.09692 
015 080326 7 2672.250 0.15065 
015 080326 7 2679.825 0.10979 
015 080326 7 2688.125 0.09843 
015 080326 7 2695.325 0.10003 
015 080326 7 2704.600 0.09880 
015 080326 7 2746.625 0.10529 
015 080326 7 2821.250 0.10678 
015 080326 7 2822.400 0.12641 
015 080326 7 2977.950 0.09707 
015 080326 7 3009.650 0.09776 
015 080326 7 3101.850 0.13976 
015 080326 7 3147.725 0.16596 
015 080326 7 3175.700 0.16033 
015 080326 7 3233.125 0.11101 
015 080326 7 3234.350 0.16219 
015 080326 7 3243.625 0.13233 
015 080326 7 3256.175 0.10176 
015 080326 7 3274.275 0.18035 
015 080326 7 3504.000 0.12993 
015 080326 8 155.200 0.14535 
015 080326 8 161.275 0.14086 
015 080326 8 173.600 0.09585 
015 080326 8 181.475 0.11793 
015 080326 8 459.325 0.18524 
015 080326 8 735.775 0.15755 
015 080326 8 736.975 0.13679 
015 080326 8 740.100 0.17826 
015 080326 8 763.725 0.09924 
015 080326 8 770.750 0.15901 
015 080326 8 776.275 0.18770 
015 080326 8 779.350 0.17227 
015 080326 8 781.875 0.12591 
015 080326 8 783.775 0.09710 
015 080326 8 787.825 0.27404 
015 080326 8 790.275 0.13589 
015 080326 8 794.250 0.15623 
015 080326 8 800.350 0.11334 
015 080326 8 801.775 0.10883 
015 080326 8 805.675 0.10928 
015 080326 8 811.375 0.11807 
015 080326 8 820.650 0.41197 
015 080326 8 826.800 0.13897 
015 080326 8 831.850 0.17411 
015 080326 8 833.175 0.19377 
015 080326 8 840.000 0.50150 
015 080326 8 850.050 0.24361 
015 080326 8 864.650 0.11027 
015 080326 8 866.300 0.23860 
015 080326 8 915.525 0.28303 
015 080326 8 972.250 0.17399 
015 080326 8 997.475 0.10927 
015 080326 8 1009.000 0.10831 
015 080326 8 1048.750 0.24943 
015 080326 8 1068.125 0.15817 
015 080326 8 1097.275 0.10633 
015 080326 8 1099.675 0.16839 
015 080326 8 1103.100 0.23324 
015 080326 8 1166.675 0.10986 
015 080326 8 1218.875 0.25005 
015 080326 8 1225.200 0.23229 
015 080326 8 1227.800 0.17120 
015 080326 8 1229.425 0.28651 
015 080326 8 1409.650 0.14777 
015 080326 8 1415.050 0.15474 
015 080326 8 1465.375 0.13017 
015 080326 8 1478.550 0.10867 
015 080326 8 1485.275 0.09928 
015 080326 8 1502.800 0.15021 
015 080326 8 1529.325 0.10766 
015 080326 8 1660.875 0.19010 
015 080326 8 1664.025 0.18292 
015 080326 8 1715.775 0.13993 
015 080326 8 1773.175 0.10403 
015 080326 8 1839.075 0.10809 
015 080326 8 1967.425 0.14427 
015 080326 8 1973.525 0.13790 
015 080326 8 2147.875 0.13341 
015 080326 8 2149.525 0.09650 
015 080326 8 2156.775 0.09923 
015 080326 8 2176.225 0.15545 
015 080326 8 2177.875 0.16768 
015 080326 8 2184.300 0.10237 
015 080326 8 2188.750 0.13654 
015 080326 8 2267.350 0.18381 
015 080326 8 2293.000 0.11611 
015 080326 8 2295.375 0.22864 
015 080326 8 2341.300 0.10212 
015 080326 8 2364.375 0.15868 
015 080326 8 2445.850 0.29126 
015 080326 8 2449.475 0.25029 
015 080326 8 2456.900 0.17409 
015 080326 8 2482.000 0.11867 
015 080326 8 2511.200 0.11640 
015 080326 8 2698.250 0.10351 
015 080326 8 2717.475 0.10674 
015 080326 8 2812.875 0.12791 
015 080326 8 2819.025 0.19850 
015 080326 8 2882.150 0.10666 
015 080326 8 2931.525 0.09673 
015 080326 8 2941.825 0.10651 
015 080326 8 2987.375 0.12889 
015 080326 8 3066.750 0.15316 
015 080326 8 3071.275 0.12202 
015 080326 8 3075.050 0.26400 
015 080326 8 3079.125 0.25079 
015 080326 8 3091.875 0.10171 
015 080326 8 3118.675 0.12986 
015 080326 8 3130.100 0.17770 
015 080326 8 3216.825 0.11411 
015 080326 8 3245.625 0.22604 
015 080326 8 3364.650 0.15394 
015 080326 8 3366.200 0.11942 
015 080326 8 3418.275 0.12318 
015 080326 8 3474.800 0.10595 
015 080326 8 3483.875 0.14071 
015 080326 8 3487.900 0.18183 
015 080326 8 3507.500 0.09717 
015 080326 8 3511.175 0.18757 
015 080326 8 3562.150 0.09643 
015 080326 8 3577.100 0.09889 
015 080326 8 3594.725 0.12374 
015 080326 9 16.650 0.10267 
015 080326 9 17.725 0.16601 
015 080326 9 19.525 0.24657 
015 080326 9 21.225 0.09687 
015 080326 9 35.250 0.13204 
015 080326 9 36.550 0.10880 
015 080326 9 38.225 0.11471 
015 080326 9 42.775 0.15088 
015 080326 9 48.600 0.13886 
015 080326 9 53.200 0.12072 
015 080326 9 72.850 0.09636 
015 080326 9 89.850 0.10448 
015 080326 9 144.475 0.10629 
015 080326 9 155.500 0.11793 
015 080326 9 191.675 0.17507 
015 080326 9 253.175 0.11834 
015 080326 9 295.950 0.15715 
015 080326 9 337.375 0.11275 
015 080326 9 409.475 0.13750 
015 080326 9 425.275 0.13317 
015 080326 9 443.325 0.12364 
015 080326 9 463.225 0.10407 
015 080326 9 531.525 0.14095 
015 080326 9 557.850 0.16001 
015 080326 9 579.050 0.24262 
015 080326 9 580.375 0.16343 
015 080326 9 585.425 0.09946 
015 080326 9 627.050 0.14178 
015 080326 9 637.150 0.10102 
015 080326 9 655.375 0.10646 
015 080326 9 665.225 0.12453 
015 080326 9 683.450 0.10622 
015 080326 9 687.300 0.10063 
015 080326 9 703.500 0.11650 
015 080326 9 739.075 0.13031 
015 080326 9 764.200 0.17333 
015 080326 9 803.775 0.10806 
015 080326 9 837.075 0.19913 
015 080326 9 888.175 0.10161 
015 080326 9 923.325 0.13395 
015 080326 9 964.825 0.10069 
015 080326 9 967.550 0.10068 
015 080326 9 973.025 0.10685 
015 080326 9 1001.875 0.13759 
015 080326 9 1019.500 0.09717 
015 080326 9 1021.525 0.10133 
015 080326 9 1023.900 0.19075 
015 080326 9 1030.825 0.12584 
015 080326 9 1074.075 0.16590 
015 080326 9 1159.350 0.09700 
015 080326 9 1163.375 0.13290 
015 080326 9 1166.675 0.10361 
015 080326 9 1170.700 0.12023 
015 080326 9 1189.425 0.14957 
015 080326 9 1201.300 0.09670 
015 080326 9 1217.275 0.36369 
015 080326 9 1218.925 0.14402 
015 080326 9 1291.925 0.16817 
015 080326 9 1315.525 0.14575 
015 080326 9 1316.700 0.10316 
015 080326 9 1323.325 0.09692 
015 080326 9 1498.175 0.09868 
015 080326 9 1613.625 0.10180 
015 080326 9 1969.600 0.10969 
015 080326 9 2452.575 0.11368 
015 080326 9 2456.550 0.27148 
015 080326 9 2662.075 0.11193 
015 080326 9 2958.400 0.12617 
015 080326 10 489.200 0.15291 
015 080326 10 493.475 0.19788 
015 080326 10 515.675 0.11822 
015 080326 10 517.000 0.10285 
015 080326 10 526.275 0.11330 
015 080326 10 530.625 0.09889 
015 080326 10 1241.575 0.11942 
015 080326 10 1275.475 0.20222 
015 080326 10 1277.925 0.16275 
015 080326 10 1294.100 0.17333 
015 080326 11 1654.250 0.13387 
015 080326 12 1517.250 0.12569 
015 080327 5 2272.675 0.09233 
015 080327 9 160.400 0.11051 
015 080327 15 2645.350 0.09359 
015 080327 20 3363.575 0.10077 
015 080327 22 671.300 0.10113 
015 080327 22 672.650 0.09750 
015 080328 10 2870.400 0.09401 
015 080329 5 2594.425 0.08601 
015 080329 19 3076.325 0.09966 
015 080329 19 3095.250 0.08795 
015 080329 19 3165.275 0.10065 
015 080330 3 1709.125 0.08792 
015 080330 9 1297.150 0.09065 
015 080401 6 83.000 0.09681 
015 080401 6 3081.975 0.09476 
015 080401 13 1807.475 0.09583 
015 080403 12 2946.825 0.10134 
015 080404 14 3510.175 0.09863 
015 080404 17 1647.000 0.11951 
015 080405 7 1958.325 0.10697 
015 080406 3 2989.475 0.10553 
015 080406 3 2993.225 0.10157 
015 080406 9 2912.625 0.13583 
015 080406 9 2923.000 0.11065 
015 080406 9 2927.500 0.12552 
015 080406 9 2931.100 0.14174 
015 080406 9 2933.125 0.14461 
015 080406 9 2935.150 0.19606 
015 080406 9 2940.150 0.10804 
015 080406 9 2944.125 0.18738 
015 080406 9 2945.725 0.10385 
015 080406 9 2973.525 0.22023 
015 080406 9 2984.175 0.11750 
015 080406 9 2985.225 0.12930 
015 080406 9 3020.300 0.10893 
015 080406 9 3033.600 0.18793 
015 080406 9 3057.225 0.10385 
015 080406 9 3116.200 0.12925 
015 080406 9 3117.600 0.11205 
015 080406 9 3296.750 0.10529 
015 080406 9 3375.675 0.14002 
015 080406 9 3429.325 0.11494 
015 080406 9 3487.350 0.11302 
015 080406 10 362.350 0.10649 
015 080406 12 3237.950 0.10315 
015 080406 14 2563.650 0.11511 
015 080406 14 2667.200 0.10621 
015 080406 14 2691.550 0.18099 
015 080406 14 2704.750 0.10255 
015 080406 14 2742.200 0.11156 
015 080406 14 2753.450 0.21187 
015 080406 14 2768.550 0.10208 
015 080406 14 2783.975 0.15646 
015 080406 14 2808.975 0.15345 
015 080406 14 2881.625 0.10523 
015 080406 14 2908.225 0.10825 
015 080406 14 2989.450 0.11359 
015 080406 14 3552.350 0.10515 
015 080406 15 20.725 0.10954 
015 080406 15 60.800 0.11823 
015 080406 15 61.900 0.13890 
015 080406 15 176.650 0.11704 
015 080406 15 192.400 0.11684 
015 080406 15 459.400 0.11214 
015 080408 4 3329.825 0.11545 
015 080408 7 1971.475 0.14611 
015 080408 7 3546.450 0.13415 
015 080408 8 256.150 0.11794 
015 080408 8 291.950 0.12727 
015 080408 8 312.450 0.13154 
015 080408 8 356.725 0.14834 
015 080408 8 357.850 0.10963 
015 080408 8 377.500 0.11015 
015 080408 8 2135.650 0.14281 
015 080408 8 2183.325 0.13227 
015 080408 8 2207.025 0.17966 
015 080408 8 2213.175 0.12340 
015 080408 8 2216.900 0.17285 
015 080408 8 2231.175 0.14296 
015 080408 8 2243.425 0.32000 
015 080408 8 2250.350 0.11467 
015 080408 8 2267.000 0.38224 
015 080408 8 2269.375 0.17074 
015 080408 8 2271.425 0.12495 
015 080408 8 2276.400 0.19594 
015 080408 8 2292.650 0.28393 
015 080408 8 2295.575 0.13611 
015 080408 8 2309.350 0.35068 
015 080408 8 2333.825 0.37679 
015 080408 8 2436.625 0.19085 
015 080408 8 2438.975 0.18184 
015 080408 8 2572.325 0.25926 
015 080408 8 2681.025 0.20734 
015 080408 8 2853.000 0.11579 
015 080408 8 2929.100 0.12397 
015 080408 8 2932.275 0.26406 
015 080408 9 1300.250 0.11578 
015 080408 9 1505.000 0.12515 
015 080408 9 1509.400 0.13668 
015 080408 9 1565.500 0.20334 
015 080408 9 1580.575 0.22412 
015 080408 9 1598.875 0.19537 
015 080408 9 1620.050 0.11095 
015 080408 9 1628.050 0.15469 
015 080408 9 1648.350 0.20044 
015 080408 9 1809.675 0.13387 
015 080408 9 1814.975 0.17663 
015 080409 9 2403.450 0.10578 
015 080409 12 265.450 0.10352 
015 080410 7 3203.275 0.10499 
015 080411 16 2878.475 0.09252 
015 080412 12 2241.825 0.09484 
015 080412 13 758.300 0.11857 
015 080412 17 1852.175 0.09498 
015 080412 17 1868.675 0.16171 
015 080412 17 1891.550 0.09346 
015 080412 17 1933.550 0.09520 
015 080412 17 1961.225 0.11762 
015 080412 17 1974.900 0.10069 
015 080412 17 2199.250 0.10495 
015 080412 17 2205.600 0.10084 
015 080412 17 2220.000 0.14482 
015 080412 17 2263.250 0.10034 
015 080412 17 2291.150 0.10069 
015 080412 17 2308.550 0.09676 
015 080412 17 2315.500 0.13048 
015 080412 17 2324.575 0.09610 
015 080412 17 2374.875 0.11819 
015 080412 17 2417.350 0.11100 
015 080412 17 2437.500 0.09923 
015 080412 17 2452.525 0.10466 
015 080412 17 2630.050 0.10298 
015 080412 17 2642.175 0.11780 
015 080412 17 2674.450 0.10551 
015 080412 17 2706.775 0.10126 
015 080412 17 2715.350 0.10399 
015 080412 17 2750.675 0.14779 
015 080412 17 2783.725 0.09431 
015 080412 22 1530.300 0.12517 
015 080412 22 1625.900 0.10008 
015 080412 22 1678.575 0.09664 
015 080412 22 1749.975 0.09242 
015 080412 22 1802.750 0.13594 
015 080413 1 1194.100 0.09548 
015 080413 6 3121.750 0.09599 
015 080413 10 2727.850 0.10193 
015 080413 13 2746.525 0.09850 
015 080414 7  3.125 0.09872 
015 080414 7  5.200 0.09912 
015 080414 12 1340.600 0.10400 
015 080415 1 1726.825 0.10090 
015 080415 5 348.300 0.09316 
015 080415 11 570.125 0.09251 
015 080415 22 1992.300 0.09331 
015 080415 22 1998.675 0.10646 
015 080416 8 1238.200 0.09424 
015 080417 2 645.250 0.10625 
015 080417 22 2669.825 0.09521 
015 080418 8 3230.050 0.10935 
015 080418 9 607.625 0.08939 
015 080420 3 3100.625 0.09506 
015 080420 3 3204.650 0.11434 
015 080420 11 412.925 0.08970 
015 080420 13 325.250 0.10555 
015 080420 13 354.125 0.09992 
015 080420 13 367.675 0.08987 
015 080420 13 392.825 0.10863 
015 080420 13 409.250 0.09238 
015 080420 13 419.425 0.09798 
015 080420 13 571.625 0.09129 
015 080421 20 159.475 0.10491 
015 080421 20 1309.725 0.12404 
015 080421 20 1417.300 0.11144 
015 080421 20 1425.800 0.09806 
015 080421 20 1784.375 0.09526 
015 080421 20 1873.425 0.11465 
015 080421 20 1902.225 0.10536 
015 080421 20 1923.600 0.12181 
015 080421 20 1925.900 0.10394 
015 080421 20 1956.700 0.10004 
015 080421 20 1974.625 0.13076 
015 080421 20 2024.075 0.09711 
015 080421 20 2029.625 0.10036 
015 080421 20 2081.675 0.09911 
015 080421 20 2105.350 0.09837 
015 080421 20 2137.650 0.11095 
015 080421 20 2191.275 0.09987 
015 080421 20 2274.200 0.11501 
015 080421 20 2332.900 0.09744 
015 080421 20 2408.375 0.10724 
015 080421 20 2409.600 0.13211 
015 080421 20 2497.800 0.13713 
015 080421 20 2499.450 0.09876 
015 080421 20 2648.400 0.25635 
015 080421 20 2651.925 0.10114 
015 080421 20 2666.825 0.23387 
015 080421 20 2671.400 0.11167 
015 080421 20 2687.550 0.10018 
015 080421 20 2703.525 0.10055 
015 080421 20 2731.975 0.09750 
015 080421 20 2739.650 0.20658 
015 080421 20 2754.125 0.10292 
015 080421 20 2762.775 0.09449 
015 080421 20 2764.575 0.10084 
015 080421 20 2769.200 0.10629 
015 080421 20 2840.200 0.22826 
015 080421 20 2867.425 0.26393 
015 080421 20 2880.500 0.09744 
015 080421 20 2882.150 0.40762 
015 080421 20 2910.875 0.12603 
015 080421 20 2912.925 0.17096 
015 080421 20 2924.800 0.11373 
015 080421 20 2942.800 0.10850 
015 080421 20 2991.175 0.17932 
015 080421 20 3003.025 0.23309 
015 080421 20 3020.275 0.10845 
015 080421 20 3073.675 0.09806 
015 080421 20 3076.650 0.38957 
015 080421 20 3122.675 0.11432 
015 080421 20 3125.025 0.22332 
015 080421 20 3189.800 0.23694 
015 080421 20 3191.475 0.25109 
015 080421 20 3251.450 0.18101 
015 080421 20 3253.350 0.11519 
015 080421 20 3257.950 0.12552 
015 080421 20 3288.975 0.13664 
015 080421 20 3338.275 0.18094 
015 080421 20 3349.700 0.10618 
015 080421 20 3351.725 0.10512 
015 080421 20 3362.150 0.11339 
015 080421 20 3368.000 0.10213 
015 080421 20 3403.775 0.21958 
015 080421 20 3406.650 0.11874 
015 080421 20 3442.775 0.10043 
015 080421 20 3469.950 0.11588 
015 080421 20 3491.225 0.16723 
015 080421 20 3508.800 0.10170 
015 080421 20 3528.600 0.12042 
015 080421 20 3548.150 0.11159 
015 080421 20 3560.725 0.09917 
015 080421 20 3570.375 0.16229 
015 080421 20 3572.075 0.20698 
015 080421 20 3589.825 0.14680 
015 080421 20 3598.825 0.10137 
015 080421 21 11.975 0.10467 
015 080421 21 13.225 0.10946 
015 080421 21 18.750 0.25087 
015 080421 21 20.400 0.18106 
015 080421 21 42.800 0.10258 
015 080421 21 50.600 0.18482 
015 080421 21 67.700 0.11758 
015 080421 21 70.625 0.16015 
015 080421 21 103.500 0.11514 
015 080421 21 111.125 0.10110 
015 080421 21 177.675 0.11056 
015 080421 21 188.950 0.09855 
015 080421 21 191.700 0.15027 
015 080421 21 379.425 0.10456 
015 080421 21 382.350 0.10759 
015 080421 21 526.025 0.09597 
015 080421 21 557.425 0.10468 
015 080421 21 585.025 0.12734 
015 080421 21 586.675 0.11657 
015 080421 21 587.850 0.13299 
015 080421 21 590.850 0.19548 
015 080421 21 597.775 0.15378 
015 080421 21 2181.375 0.11393 
015 080421 22 762.400 0.12063 
015 080421 22 795.500 0.11586 
015 080421 22 860.950 0.13224 
015 080421 22 881.625 0.10971 
015 080421 22 916.325 0.10063 
015 080422 4 2761.550 0.09422 
015 080422 10 234.400 0.09965 
015 080422 11 2033.525 0.09400 
015 080423 7 1315.900 0.09337 
015 080423 10 2500.000 0.09572 
015 080423 13 2288.925 0.11238 
015 080423 14 1832.900 0.09750 
015 080423 15 2863.200 0.09601 
015 080423 15 2873.100 0.11061 
015 080423 15 2891.750 0.09701 
015 080424 8 940.225 0.09149 
015 080424 13 857.575 0.09122 
015 080424 23 2870.675 0.11002 
015 080424 23 3413.625 0.09522 
015 080424 24 3161.150 0.10011 
015 080425 2 79.900 0.09979 
015 080425 2 106.400 0.10030 
015 080425 10 1456.125 0.09477 
015 080425 18 1856.525 0.10844 
015 080425 19 2329.425 0.10886 
015 080426 2 834.375 0.09257 
015 080426 2 847.675 0.09326 
015 080426 7 1425.525 0.09996 
015 080426 7 2677.400 0.11793 
015 080426 8 1791.000 0.10141 
015 080426 8 2011.675 0.09867 
015 080426 10 750.850 0.10004 
015 080426 16 1273.575 0.09464 
015 080427 6 3318.675 0.09453 
015 080427 14 2464.900 0.09377 
015 080427 15 2678.125 0.09947 
015 080427 19 1917.025 0.09383 
015 080427 19 1926.775 0.10207 
015 080428 12 2724.325 0.09398 
015 080428 13 1735.850 0.09648 
015 080428 21 2811.250 0.09489 
015 080429 10 3474.375 0.09690 
015 080429 11 523.175 0.09607 
015 080429 13 3571.450 0.11416 
015 080429 14 3574.975 0.11909 
015 080430 8 2309.100 0.10513 
015 080430 13 565.575 0.08954 
015 080430 13 1702.750 0.09167 
015 080430 14 335.100 0.10285 
015 080430 22 3313.400 0.09031 
015 080430 24 3204.175 0.09290 
