ME09 ME10 ME30 ME13 KHBB WDC  ME27 ME24 ME28 ME08 ME26 ME12 ME29 ME04 YBH   
Threshhold: 8 
029 080408 2 324.275 0.13840 
029 080408 2 470.950 0.15902 
029 080408 2 1012.900 0.11890 
029 080408 2 1116.675 0.14601 
029 080408 2 1117.925 0.12505 
029 080408 2 1348.900 0.14509 
029 080408 2 1365.550 0.11033 
029 080408 2 1659.975 0.12206 
029 080408 2 1663.450 0.10677 
029 080408 2 1890.325 0.26157 
029 080408 2 2440.925 0.10790 
029 080408 2 3469.625 0.16798 
029 080408 2 3509.425 0.11229 
029 080408 2 3516.075 0.10932 
029 080408 3 290.725 0.15889 
029 080408 3 312.675 0.13732 
029 080408 3 314.625 0.15377 
029 080408 3 356.850 0.10919 
029 080408 3 1035.575 0.12573 
029 080408 3 1043.075 0.17380 
029 080408 3 1046.300 0.15279 
029 080408 3 1077.450 0.17144 
029 080408 3 1088.150 0.13764 
029 080408 3 1089.975 0.13535 
029 080408 3 2049.675 0.13029 
029 080408 3 2078.450 0.12863 
029 080408 3 2102.525 0.15068 
029 080408 3 2123.475 0.16597 
029 080408 3 2140.275 0.12609 
029 080408 3 2155.050 0.21481 
029 080408 3 2178.975 0.10373 
029 080408 3 2205.900 0.17292 
029 080408 4 91.250 0.14620 
029 080408 4 105.000 0.10349 
029 080408 4 106.750 0.10979 
029 080408 4 124.425 0.17591 
029 080408 4 145.700 0.15955 
029 080408 4 156.800 0.33445 
029 080408 4 170.375 0.19219 
029 080408 4 282.375 0.19740 
029 080408 4 292.500 0.22122 
029 080408 4 297.700 0.13015 
029 080408 4 300.325 0.12150 
029 080408 4 490.025 0.14945 
029 080408 4 676.875 0.11528 
029 080408 4 681.625 0.15651 
029 080408 4 684.950 0.13391 
029 080408 4 1024.475 0.16792 
029 080408 4 1063.950 0.12295 
029 080408 4 1067.075 0.11321 
029 080408 4 1081.075 0.20154 
029 080408 4 1110.950 0.30090 
029 080408 4 1869.350 0.12721 
029 080408 4 3141.375 0.14367 
029 080408 4 3154.350 0.17553 
029 080408 4 3169.425 0.16534 
029 080408 4 3193.550 0.19543 
029 080408 4 3199.250 0.21834 
029 080408 4 3224.175 0.14010 
029 080408 4 3233.000 0.13947 
029 080408 4 3261.000 0.13123 
029 080408 5 1383.425 0.11103 
029 080408 5 1388.425 0.11238 
029 080408 5 1396.425 0.13957 
029 080408 5 1406.500 0.15880 
029 080408 5 1427.550 0.16779 
029 080408 5 1459.300 0.13869 
029 080408 5 1470.800 0.14862 
029 080408 5 1473.425 0.14004 
029 080408 5 1476.025 0.13351 
029 080408 5 1538.475 0.10560 
029 080408 5 1570.675 0.19025 
029 080408 5 2658.325 0.12454 
029 080408 5 2721.025 0.18810 
029 080408 5 2733.950 0.12112 
029 080408 5 2748.225 0.13238 
029 080408 5 2785.875 0.13491 
029 080408 5 2857.825 0.10402 
029 080408 5 3261.725 0.18540 
029 080408 5 3264.400 0.23024 
029 080408 6 714.975 0.15357 
029 080408 6 723.775 0.18507 
029 080408 6 731.175 0.10513 
029 080408 6 745.575 0.10794 
029 080408 6 762.550 0.14943 
029 080408 6 1055.025 0.10853 
029 080408 6 1100.275 0.14552 
029 080408 6 1134.625 0.13997 
029 080408 7 912.550 0.14456 
029 080408 7 929.200 0.14003 
029 080408 7 940.625 0.32118 
029 080408 7 968.425 0.11344 
029 080408 7 988.875 0.18869 
029 080408 7 991.750 0.14539 
029 080408 7 994.150 0.15633 
029 080408 7 1013.300 0.12124 
029 080408 7 1017.050 0.13774 
029 080408 7 1079.225 0.10357 
029 080408 7 1089.475 0.13832 
029 080408 7 1108.625 0.12769 
029 080408 8 1221.575 0.13345 
029 080408 8 1597.025 0.18540 
029 080408 8 1613.875 0.11478 
029 080408 8 1622.775 0.12415 
029 080408 8 1626.825 0.18361 
029 080408 8 1629.725 0.12741 
029 080408 8 1634.400 0.16625 
029 080408 8 1650.000 0.22089 
029 080408 8 1654.000 0.16169 
029 080408 8 1682.350 0.10374 
029 080408 8 1683.650 0.11386 
029 080408 8 1694.750 0.18452 
029 080408 8 1745.150 0.15861 
029 080408 8 1752.225 0.14100 
029 080408 8 1757.225 0.10753 
029 080408 8 1763.575 0.10613 
029 080408 8 1785.575 0.16997 
029 080408 8 1798.800 0.17323 
029 080408 8 1800.700 0.13614 
029 080408 8 1821.650 0.13355 
029 080408 8 1824.250 0.18889 
029 080408 8 1933.800 0.13861 
029 080408 8 1935.200 0.18351 
029 080408 8 2114.900 0.18878 
029 080408 8 2118.600 0.16566 
029 080408 8 2124.150 0.12592 
029 080408 10 1795.475 0.17026 
029 080408 10 1900.775 0.11772 
029 080408 10 1909.775 0.15412 
029 080408 10 1947.225 0.18074 
029 080408 10 1988.400 0.10742 
029 080408 10 2000.150 0.10505 
029 080408 10 2001.500 0.14278 
029 080408 10 2039.975 0.20657 
029 080408 10 2050.575 0.13335 
029 080408 10 2056.925 0.21362 
029 080408 10 2176.250 0.23498 
029 080408 10 2187.575 0.12078 
029 080408 15 2118.625 0.13225 
029 080408 15 2163.050 0.11530 
029 080408 15 2328.550 0.10360 
029 080408 15 2774.075 0.20956 
029 080408 16 1198.800 0.14927 
029 080408 16 1346.150 0.17965 
029 080408 16 1359.475 0.15428 
029 080408 16 1435.625 0.18850 
029 080408 16 1446.825 0.17304 
029 080408 16 1457.750 0.15339 
029 080408 16 1460.900 0.17931 
029 080408 16 1462.600 0.12750 
029 080408 16 1516.925 0.14704 
029 080408 16 1521.250 0.15897 
029 080408 16 1662.975 0.11894 
029 080408 16 1666.850 0.15588 
029 080408 16 1810.775 0.12689 
029 080408 16 1929.350 0.13702 
029 080408 16 2312.950 0.17904 
029 080408 16 2331.025 0.15041 
029 080408 16 2374.250 0.11437 
029 080408 16 2381.200 0.11109 
029 080408 16 2398.700 0.15170 
029 080408 16 3374.350 0.15437 
029 080408 16 3376.325 0.11320 
029 080408 16 3466.675 0.10538 
029 080409 7 1337.125 0.12034 
029 080409 16 19.050 0.09506 
029 080412 9 136.700 0.09147 
029 080412 13 2938.275 0.09813 
029 080413 13 2115.825 0.10676 
