ME29 ME09 ME10 ME30 ME13 KHBB WDC  ME27 ME24 ME04 YBH  ME08 ME02 ME01 ME28 ME12  
Threshhold: 8 
047 080412 13 411.350 0.09563 
047 080412 13 1026.875 0.09413 
047 080412 13 1571.200 0.12280 
047 080412 14 263.725 0.10576 
047 080412 14 426.425 0.09748 
047 080412 14 818.575 0.10284 
047 080412 14 987.625 0.12750 
047 080412 14 1257.225 0.09013 
047 080412 14 1265.050 0.15945 
047 080412 14 1380.475 0.09860 
047 080412 14 1414.775 0.14418 
047 080412 14 1417.125 0.09674 
047 080412 14 1425.525 0.12686 
047 080412 14 1857.775 0.14530 
047 080412 14 2832.700 0.09188 
047 080412 14 2904.975 0.09692 
047 080412 15 693.950 0.10393 
047 080412 15 797.175 0.15410 
047 080412 15 808.725 0.18428 
047 080412 15 816.625 0.11413 
047 080412 15 1074.650 0.12298 
047 080412 15 1105.600 0.16697 
047 080412 15 1109.275 0.29341 
047 080412 15 1116.300 0.10359 
047 080412 15 1118.425 0.22618 
047 080412 15 1227.275 0.11025 
047 080412 15 1252.100 0.11244 
047 080412 15 1256.100 0.10128 
047 080412 15 1260.900 0.13737 
047 080412 15 1558.900 0.09452 
047 080412 16 82.925 0.11342 
047 080412 16 157.400 0.16725 
047 080412 16 159.075 0.13505 
047 080412 16 168.325 0.12203 
047 080412 20 224.100 0.10255 
047 080412 22 1039.800 0.11694 
047 080412 22 1118.425 0.14237 
047 080412 22 1120.850 0.10359 
047 080412 22 2105.250 0.12269 
047 080412 22 2133.650 0.09199 
047 080412 22 2328.625 0.27500 
047 080412 22 2346.900 0.21467 
047 080412 22 2348.550 0.13338 
047 080412 22 2371.675 0.11184 
047 080412 22 2377.850 0.10098 
047 080412 22 2385.075 0.15237 
047 080412 22 2387.600 0.15244 
047 080412 22 2459.675 0.19208 
047 080412 22 2561.750 0.09763 
047 080412 22 2718.225 0.15905 
047 080412 22 2730.000 0.25928 
047 080412 22 2737.650 0.10462 
047 080412 22 2747.675 0.14250 
047 080412 22 2752.525 0.27409 
047 080412 22 2858.825 0.09195 
047 080412 22 2874.250 0.12553 
047 080412 22 2876.825 0.11680 
047 080412 22 2885.925 0.12931 
047 080412 22 2894.450 0.13834 
047 080412 23 80.500 0.09705 
047 080412 23 90.200 0.14454 
047 080412 23 91.875 0.09444 
047 080412 23 112.875 0.16662 
047 080412 23 123.350 0.13124 
047 080412 23 138.225 0.11807 
047 080412 23 142.675 0.10115 
047 080412 24 2446.475 0.10317 
047 080412 24 2512.650 0.14444 
047 080412 24 2525.650 0.16573 
047 080412 24 2545.325 0.08977 
047 080412 24 2585.125 0.10666 
047 080412 24 2594.200 0.11455 
047 080412 24 2604.325 0.14277 
047 080412 24 2634.475 0.09462 
047 080412 24 2662.450 0.18057 
047 080412 24 2664.175 0.12532 
047 080413 1 1595.650 0.09515 
047 080413 13 24.525 0.16415 
047 080413 13 657.275 0.14053 
047 080413 13 659.200 0.12606 
047 080413 13 666.375 0.12877 
047 080413 13 689.050 0.13038 
047 080413 13 716.650 0.13574 
047 080413 13 749.600 0.10893 
047 080413 13 767.275 0.20401 
047 080413 13 769.800 0.13574 
047 080413 13 812.450 0.09099 
047 080413 13 848.200 0.09482 
047 080413 13 900.975 0.10952 
047 080413 13 920.400 0.13070 
047 080413 13 960.350 0.10311 
047 080413 13 1043.975 0.20684 
047 080413 13 1055.525 0.12269 
047 080413 13 1196.350 0.11618 
047 080413 13 1286.600 0.09963 
047 080413 13 1292.825 0.11755 
047 080413 13 1298.350 0.11000 
047 080413 13 1389.650 0.16589 
047 080413 13 1411.700 0.17145 
047 080413 13 1422.150 0.18567 
047 080413 13 1423.700 0.11852 
047 080413 13 1429.800 0.15789 
047 080413 13 1440.025 0.12735 
047 080413 13 1444.625 0.34931 
047 080413 13 1461.775 0.14528 
047 080413 13 1480.575 0.24847 
047 080413 13 1490.925 0.11452 
047 080413 13 1504.200 0.15373 
047 080413 13 1607.125 0.11025 
047 080413 13 1616.875 0.09669 
047 080413 13 1623.200 0.10021 
047 080413 13 1625.625 0.16910 
047 080413 13 1635.775 0.17315 
047 080413 13 1641.350 0.13198 
047 080413 13 2129.200 0.11793 
047 080413 13 2165.800 0.09117 
047 080413 13 2166.900 0.12326 
047 080413 13 2184.225 0.16776 
047 080413 13 2186.100 0.09906 
047 080413 13 2195.800 0.09634 
047 080413 13 3181.050 0.10071 
047 080413 13 3194.025 0.17354 
047 080413 13 3212.500 0.21972 
047 080413 13 3218.325 0.13575 
047 080413 13 3232.600 0.16755 
047 080413 13 3236.525 0.09699 
047 080413 13 3243.650 0.11723 
047 080413 13 3260.950 0.13324 
047 080413 13 3273.400 0.19922 
047 080413 13 3279.550 0.12012 
047 080413 13 3301.150 0.10956 
047 080413 13 3315.825 0.11585 
047 080413 13 3321.500 0.12928 
047 080413 13 3348.225 0.13296 
047 080413 13 3370.175 0.14936 
047 080414 9 1563.450 0.11733 
047 080414 11 1787.900 0.09520 
047 080414 12 2017.625 0.09454 
047 080414 18 1123.950 0.13858 
047 080414 18 1220.325 0.10878 
047 080414 18 1300.325 0.10219 
047 080414 18 1340.225 0.20564 
047 080414 18 1378.425 0.11464 
047 080414 18 1424.725 0.13082 
047 080414 18 1426.975 0.11537 
047 080414 18 1514.050 0.12901 
047 080414 18 1615.350 0.11172 
047 080414 18 1671.850 0.15361 
047 080414 18 1686.750 0.13202 
047 080414 18 1688.300 0.13476 
047 080414 18 1723.825 0.13602 
047 080414 18 2141.875 0.10708 
047 080414 18 2182.575 0.12124 
047 080414 18 2188.125 0.12032 
047 080415 2 3475.350 0.11475 
047 080415 3 361.450 0.11753 
047 080415 3 377.625 0.19012 
047 080415 3 384.800 0.14736 
047 080415 3 408.775 0.11918 
047 080415 3 608.500 0.15394 
047 080415 3 772.225 0.12474 
047 080415 3 1651.700 0.13767 
047 080415 3 1656.650 0.12968 
047 080415 3 1665.200 0.12070 
047 080415 3 1669.200 0.15728 
047 080415 3 1674.300 0.14323 
047 080415 3 1676.225 0.14386 
047 080415 3 1678.000 0.10083 
047 080415 3 1685.500 0.12351 
047 080415 3 1693.250 0.11225 
047 080415 3 1699.575 0.12772 
047 080415 3 1716.725 0.12648 
047 080415 3 1785.650 0.15035 
047 080415 3 1793.400 0.13105 
047 080415 3 2313.975 0.11768 
047 080415 3 2508.375 0.14510 
047 080415 3 2553.575 0.17862 
047 080415 3 3132.825 0.11010 
047 080415 3 3330.575 0.12464 
047 080415 3 3547.300 0.11812 
047 080415 4 3187.025 0.11551 
047 080415 4 3289.875 0.14092 
047 080415 7 3131.850 0.09879 
047 080415 8 1774.625 0.10844 
047 080415 9 882.575 0.16665 
047 080415 9 913.900 0.14239 
047 080415 9 937.425 0.12827 
047 080415 9 943.250 0.17075 
047 080415 9 992.000 0.12363 
047 080415 9 1081.875 0.19138 
047 080415 9 1100.325 0.11476 
047 080415 9 1162.250 0.30643 
047 080415 9 1788.400 0.14099 
047 080415 9 1791.775 0.11768 
047 080415 9 1818.300 0.24141 
047 080415 9 1819.975 0.10024 
047 080415 9 1843.100 0.14706 
047 080415 9 1850.175 0.10244 
047 080415 9 1873.150 0.11871 
047 080415 9 1883.500 0.19644 
047 080415 14 1324.000 0.12878 
047 080415 14 1771.650 0.12664 
047 080415 24 471.100 0.11636 
047 080416 7 137.875 0.11517 
047 080416 7 225.075 0.10987 
047 080416 20 697.300 0.20466 
047 080416 20 883.825 0.14674 
047 080416 20 965.825 0.09489 
047 080416 20 996.225 0.16595 
047 080416 20 1184.775 0.16784 
047 080416 20 1189.975 0.15167 
047 080416 20 1215.275 0.14349 
047 080416 20 1294.700 0.09504 
047 080416 20 1581.325 0.17135 
047 080416 20 1609.575 0.12253 
047 080416 20 1617.875 0.13994 
047 080416 20 1631.875 0.12570 
047 080416 20 2349.900 0.12655 
047 080416 20 2359.375 0.11388 
047 080416 20 2361.250 0.10057 
047 080416 20 2374.525 0.20031 
047 080416 20 2380.425 0.14513 
047 080416 20 2381.925 0.16567 
047 080416 20 2388.750 0.14881 
047 080416 20 2409.050 0.12924 
047 080416 20 2600.650 0.09712 
047 080416 20 2618.925 0.16231 
047 080416 20 2624.200 0.11431 
047 080416 20 2631.050 0.11879 
047 080416 20 3353.425 0.11799 
047 080420 4 825.725 0.09514 
047 080420 8 1632.925 0.11719 
047 080420 8 1688.650 0.13424 
047 080420 8 2344.525 0.11716 
047 080420 8 2471.025 0.12070 
047 080420 8 2511.300 0.10832 
047 080420 8 2534.100 0.13673 
047 080420 8 2587.875 0.15974 
047 080420 8 2677.525 0.11114 
047 080420 8 2792.550 0.14380 
047 080420 8 2853.800 0.19832 
047 080420 8 2857.025 0.10405 
047 080420 8 2868.850 0.13087 
047 080420 8 3057.625 0.10611 
047 080420 8 3300.825 0.09975 
047 080420 8 3479.875 0.10274 
047 080420 8 3487.125 0.12570 
047 080420 9 2347.100 0.12171 
047 080420 11 581.125 0.13101 
