ME01 YBH  ME02 ME04 ME09 ME10 ME30 ME13 KHBB WDC  ME27 ME24 ME28 ME08 ME12  
Threshhold: 8 
021 080410 3 1750.725 0.20337 
021 080410 3 2175.400 0.13329 
021 080410 4 1559.825 0.14197 
021 080410 4 2445.350 0.11872 
021 080410 4 2455.125 0.26026 
021 080410 4 3278.625 0.13518 
021 080410 4 3280.300 0.16033 
021 080410 4 3297.575 0.29578 
021 080410 5 804.075 0.18550 
021 080410 7 1279.250 0.11591 
021 080410 7 1299.325 0.11683 
021 080410 7 1301.000 0.15794 
021 080410 7 1323.525 0.14336 
021 080410 7 1340.675 0.13381 
021 080410 7 1342.400 0.13278 
021 080410 7 1348.250 0.15522 
021 080410 7 1378.900 0.20309 
021 080410 7 1466.175 0.16107 
021 080410 9 47.075 0.20560 
021 080410 9 123.925 0.23500 
021 080410 9 152.100 0.14715 
021 080410 9 352.550 0.10518 
021 080410 16 220.850 0.17480 
021 080410 16 261.225 0.16174 
021 080410 16 270.525 0.23937 
021 080410 16 275.400 0.18264 
021 080410 16 298.075 0.11315 
021 080411 3 1017.500 0.14314 
021 080411 3 1363.400 0.11320 
021 080411 3 1560.775 0.22874 
021 080411 3 2390.350 0.16186 
021 080411 3 2408.700 0.16908 
021 080411 5 3567.000 0.17658 
021 080411 5 3591.225 0.10744 
021 080411 17 2919.675 0.16427 
021 080412 5 2353.250 0.09749 
021 080412 8 1102.175 0.09394 
021 080412 8 3049.050 0.13629 
021 080412 9 562.500 0.09480 
021 080412 12 155.125 0.09494 
021 080412 12 1759.925 0.09418 
021 080412 13 437.325 0.15156 
021 080412 13 1577.125 0.09697 
021 080413 4 1102.250 0.20074 
021 080413 4 1116.200 0.15803 
021 080413 4 1158.575 0.16921 
021 080413 4 1170.000 0.37474 
021 080413 4 1185.725 0.17648 
021 080413 4 1213.750 0.31590 
021 080413 10 1796.625 0.10609 
021 080413 13 365.800 0.10203 
021 080414 2 2804.225 0.11140 
021 080414 9 449.800 0.11152 
