ME09 ME10 ME13 WDC  ME16 ME27 ME24 ME28 ME12  
Threshhold: 8 
039 080412 9 839.550 0.25841 
039 080412 14 295.025 0.23165 
039 080413 9 630.425 0.23819 
039 080413 17 1400.800 0.09301 
039 080413 24 2153.725 0.26643 
039 080414 4 2305.500 0.54100 
039 080414 4 3224.300 0.23999 
039 080414 5 948.900 0.59717 
039 080414 5 1675.850 0.31876 
039 080414 5 2274.450 0.23115 
039 080414 5 2541.675 0.24383 
039 080414 5 3152.375 0.25392 
039 080414 6 347.950 0.29493 
039 080414 7 1759.025 0.32247 
039 080414 9 412.000 0.23545 
039 080414 11 1676.950 0.47410 
039 080415 2 2792.800 0.31496 
039 080415 5 2913.725 0.34900 
039 080415 5 3198.550 0.15245 
039 080415 19 394.475 0.10345 
