ME29 ME09 ME04 ME10 ME30 YBH  ME02 ME13 KHBB WDC  ME27  
Threshhold: 8 
053 080419 4 2324.675 0.09177 
053 080419 5 1118.525 0.09167 
053 080419 5 2459.325 0.09985 
053 080419 6 2897.825 0.10101 
053 080419 9 801.725 0.09132 
053 080419 24 1043.825 0.09365 
053 080420 1 2309.450 0.09360 
053 080420 1 2312.975 0.12854 
053 080420 4 333.650 0.08866 
053 080420 4 500.000 0.11052 
053 080420 4 633.275 0.10082 
053 080420 4 1385.875 0.12690 
053 080420 5 3590.375 0.14706 
053 080420 6 506.750 0.09191 
053 080420 6 508.875 0.08955 
053 080420 6 618.950 0.13669 
053 080420 6 621.750 0.12516 
053 080420 7 985.775 0.09266 
053 080420 7 1042.650 0.14797 
053 080420 7 1063.850 0.12234 
053 080420 7 1227.800 0.09134 
053 080420 7 3342.975 0.11998 
053 080420 8 3507.100 0.09779 
053 080420 13 2634.725 0.09207 
053 080420 13 3203.775 0.08852 
053 080420 13 3410.800 0.13694 
053 080420 14 42.050 0.13420 
053 080420 14 401.025 0.12020 
053 080420 14 411.225 0.09584 
053 080420 14 438.625 0.13360 
053 080420 14 440.025 0.12202 
053 080420 14 442.825 0.09349 
053 080420 14 453.625 0.17354 
053 080420 14 605.700 0.09244 
053 080420 14 1815.675 0.09880 
053 080420 14 1820.975 0.10222 
053 080420 14 1859.150 0.10161 
053 080420 14 1867.050 0.08952 
053 080420 14 1869.800 0.15907 
053 080420 14 1892.250 0.12975 
053 080420 14 1907.300 0.15080 
053 080420 15 3014.875 0.13099 
053 080420 15 3346.400 0.09560 
053 080420 15 3358.850 0.13600 
053 080420 15 3490.525 0.09876 
053 080421 4 336.400 0.09221 
053 080421 7 2005.125 0.08831 
053 080421 12 1740.650 0.09093 
053 080421 12 1764.475 0.09233 
053 080421 12 1921.150 0.10823 
053 080421 12 2023.750 0.09619 
053 080421 12 2254.850 0.11729 
053 080421 12 2307.425 0.15544 
053 080421 12 2333.700 0.09132 
053 080421 13 1223.575 0.10639 
053 080421 13 1225.600 0.08802 
053 080421 13 1226.975 0.08774 
053 080421 13 1261.925 0.09007 
053 080421 13 1312.325 0.12385 
053 080421 13 1388.925 0.14820 
053 080421 13 1390.975 0.10021 
053 080421 13 1396.925 0.14888 
053 080421 13 1527.775 0.11265 
053 080421 13 1688.925 0.09735 
053 080421 13 1694.700 0.09816 
053 080421 13 1721.300 0.11450 
053 080421 13 1984.725 0.09937 
053 080421 14 2186.325 0.09958 
053 080421 14 2218.700 0.12614 
053 080421 14 2433.325 0.10933 
053 080421 14 2550.175 0.12040 
053 080421 14 2568.450 0.16172 
053 080421 14 2873.675 0.09784 
053 080421 14 3470.225 0.10187 
053 080421 15 787.575 0.11200 
053 080421 15 1029.575 0.08908 
053 080421 16 2644.625 0.11611 
053 080421 16 2728.075 0.09087 
053 080421 16 2733.275 0.17914 
053 080421 16 2770.550 0.11753 
053 080421 16 2775.500 0.10969 
053 080421 16 2811.875 0.08780 
053 080421 16 2843.500 0.09061 
053 080421 16 2896.225 0.14294 
053 080421 16 2898.175 0.10873 
053 080421 16 2934.100 0.09933 
053 080421 16 2935.500 0.10769 
053 080421 16 2951.050 0.32037 
053 080421 16 3010.475 0.10467 
053 080421 16 3021.150 0.14961 
053 080421 16 3025.750 0.11256 
053 080421 16 3027.925 0.17871 
053 080421 16 3036.950 0.10891 
053 080421 16 3082.125 0.12212 
053 080421 16 3090.025 0.37422 
053 080421 16 3177.600 0.21207 
053 080421 16 3199.475 0.13999 
053 080421 16 3202.125 0.12961 
053 080421 16 3204.850 0.13717 
053 080421 16 3208.925 0.12766 
053 080421 16 3263.775 0.12088 
053 080421 16 3417.475 0.18525 
053 080421 16 3420.825 0.13812 
053 080421 16 3423.650 0.13797 
053 080421 16 3448.150 0.13671 
053 080421 17 262.125 0.11343 
053 080421 17 307.275 0.19191 
053 080421 17 311.325 0.08950 
053 080421 17 442.025 0.17980 
053 080421 17 457.050 0.13629 
053 080421 17 470.225 0.12001 
053 080421 17 486.675 0.09495 
053 080421 17 491.300 0.15396 
053 080421 17 542.075 0.11016 
053 080421 17 657.100 0.15440 
053 080421 17 677.425 0.09187 
053 080421 17 689.850 0.11086 
053 080421 17 695.075 0.14566 
053 080421 17 699.700 0.19885 
053 080421 17 759.875 0.10958 
053 080421 17 1229.400 0.11531 
053 080421 17 1287.500 0.09317 
053 080421 17 1303.325 0.14592 
053 080421 17 1305.375 0.10881 
053 080421 23 848.475 0.10232 
053 080421 23 904.175 0.12731 
053 080421 23 941.625 0.10991 
053 080421 23 990.975 0.09001 
053 080421 23 1274.100 0.10559 
053 080421 23 1305.650 0.13528 
053 080421 23 1361.950 0.16646 
053 080421 23 1504.425 0.10912 
053 080421 23 1564.825 0.10604 
053 080421 23 1567.475 0.14167 
053 080421 23 1591.925 0.12652 
053 080421 23 1597.225 0.09147 
053 080421 23 1599.925 0.17311 
053 080421 23 1629.900 0.11017 
053 080421 23 1639.375 0.17935 
053 080421 23 1704.900 0.10977 
053 080421 23 1853.325 0.12360 
053 080421 23 1855.950 0.10360 
053 080421 23 1875.775 0.08857 
053 080421 23 1885.500 0.16861 
053 080421 23 2067.050 0.10260 
053 080421 23 2155.425 0.11744 
053 080421 23 2757.225 0.11942 
053 080421 23 2890.150 0.09704 
053 080422 2 953.600 0.10481 
053 080422 2 959.350 0.10782 
053 080422 2 1191.125 0.09816 
053 080422 4 2564.600 0.09232 
053 080422 4 2753.600 0.14265 
053 080422 4 2888.750 0.08684 
053 080422 4 2902.200 0.13370 
053 080422 4 2969.200 0.08577 
053 080422 4 3009.600 0.14784 
053 080422 4 3020.075 0.09664 
053 080422 4 3040.875 0.15814 
053 080422 4 3042.925 0.08581 
053 080422 4 3155.125 0.17845 
053 080422 4 3159.850 0.10367 
053 080422 4 3176.125 0.09393 
053 080422 4 3208.975 0.14954 
053 080422 4 3354.650 0.14316 
053 080422 4 3598.975 0.08974 
053 080422 5 100.425 0.09035 
053 080422 5 527.050 0.11015 
053 080422 5 926.050 0.14123 
053 080422 5 2497.225 0.08716 
053 080422 5 3030.525 0.10403 
053 080422 12 2273.925 0.09496 
053 080422 12 3493.850 0.08482 
053 080422 13 174.400 0.10969 
053 080422 13 488.575 0.15474 
053 080422 14 2080.600 0.09134 
053 080423 3 3138.025 0.13463 
053 080423 3 3271.225 0.10632 
053 080423 3 3274.525 0.16034 
053 080423 3 3307.275 0.12436 
053 080423 3 3393.175 0.14915 
053 080423 3 3408.325 0.11319 
053 080423 3 3414.850 0.10115 
053 080423 3 3439.050 0.17403 
053 080423 3 3551.950 0.13713 
053 080423 4 65.725 0.12326 
053 080423 4 70.375 0.12907 
053 080423 4 904.600 0.09906 
053 080423 4 2066.350 0.12619 
053 080423 4 2102.200 0.11516 
053 080423 4 2495.775 0.11659 
053 080423 4 2497.900 0.09760 
053 080423 4 2620.950 0.10659 
053 080423 4 2736.750 0.11027 
053 080423 4 2750.375 0.08912 
053 080423 4 2948.350 0.09628 
053 080423 4 3015.325 0.11650 
053 080423 5 166.300 0.09223 
053 080423 5 573.300 0.11260 
053 080423 5 644.325 0.11075 
053 080423 5 686.325 0.11747 
053 080423 6 3093.450 0.09173 
053 080423 7 299.725 0.09103 
053 080423 7 478.800 0.13790 
053 080423 8 1630.925 0.09524 
053 080424 2 2295.325 0.10811 
053 080424 3 1483.475 0.11409 
053 080424 4 2742.075 0.09062 
053 080424 23 2873.325 0.08393 
053 080424 23 3106.850 0.08536 
053 080424 23 3317.875 0.08797 
053 080424 23 3389.350 0.09183 
053 080424 23 3398.900 0.08208 
053 080424 24 61.950 0.10878 
053 080424 24 634.075 0.08841 
053 080425 4 2833.325 0.09338 
053 080425 4 3555.075 0.08298 
053 080425 5 419.025 0.08391 
053 080425 12 2887.125 0.10313 
053 080425 19 2028.375 0.10637 
