ME01 YBH  ME03 ME02 B039 ME04 ME29 ME30  
Threshhold: 8 
036 080427 1 724.475 0.10367 
036 080427 1 3235.675 0.10580 
036 080427 2 746.225 0.12838 
036 080427 2 768.150 0.15860 
036 080427 2 833.100 0.19180 
036 080427 2 1136.825 0.15395 
036 080427 2 2822.325 0.11171 
036 080427 2 3183.325 0.15974 
036 080427 4 2544.500 0.10494 
036 080427 4 2573.100 0.15372 
036 080427 6 2052.475 0.11328 
036 080427 6 2064.525 0.13602 
036 080427 6 2176.550 0.10849 
036 080427 6 2205.400 0.12495 
036 080427 6 2594.900 0.12855 
036 080427 6 2620.425 0.12530 
036 080427 10 3496.825 0.14425 
036 080427 11 919.925 0.17159 
036 080427 11 999.175 0.13608 
036 080427 13 532.500 0.16389 
036 080427 13 719.100 0.12414 
036 080427 13 1923.725 0.12128 
036 080427 13 2018.950 0.12801 
036 080427 13 2089.600 0.15554 
036 080427 13 2111.800 0.12207 
036 080427 13 2121.650 0.18598 
036 080427 13 2125.000 0.35675 
036 080427 13 2492.300 0.10418 
036 080427 13 2526.000 0.15306 
036 080427 13 2531.400 0.13084 
036 080427 13 2636.025 0.14088 
036 080427 13 2878.450 0.12003 
036 080427 13 3030.850 0.12439 
036 080427 13 3118.475 0.15980 
036 080427 13 3121.400 0.16707 
036 080427 13 3128.000 0.28715 
036 080427 13 3303.900 0.13181 
036 080427 14 392.300 0.13099 
036 080427 14 2225.225 0.16540 
036 080427 14 2227.225 0.14195 
036 080427 14 2270.775 0.16721 
036 080427 14 2275.825 0.15179 
036 080427 14 2393.200 0.11625 
036 080427 14 2488.225 0.10757 
036 080427 14 2506.625 0.10405 
036 080427 17 425.425 0.20424 
036 080427 17 455.875 0.16430 
036 080427 17 488.200 0.11978 
036 080427 20 2715.500 0.11153 
036 080427 20 2920.950 0.15305 
036 080427 20 2939.600 0.11751 
036 080427 20 3050.600 0.19395 
036 080427 20 3437.900 0.14438 
036 080427 21 2774.675 0.13637 
036 080427 21 2806.825 0.11529 
036 080428 6 3085.250 0.12191 
036 080428 6 3260.175 0.09383 
036 080428 6 3333.275 0.16559 
036 080428 6 3467.100 0.16125 
036 080428 7 102.250 0.10233 
036 080428 7 2976.500 0.09689 
036 080428 8 1815.325 0.11946 
036 080428 8 2001.500 0.10796 
036 080428 8 2518.250 0.16265 
036 080428 8 2523.025 0.14962 
036 080428 8 2534.350 0.12857 
036 080428 8 2564.850 0.10214 
036 080428 8 2598.300 0.16972 
036 080428 8 2614.700 0.10626 
036 080428 8 2635.375 0.16761 
036 080428 8 2638.400 0.11926 
036 080428 8 2655.600 0.10153 
036 080428 8 2657.800 0.18025 
036 080428 8 2727.475 0.11201 
036 080428 8 2946.450 0.16953 
036 080428 8 2950.275 0.15379 
036 080428 8 2956.350 0.15521 
036 080428 8 3082.300 0.17954 
036 080428 8 3094.800 0.11447 
036 080428 8 3133.400 0.09612 
036 080428 8 3162.550 0.15611 
036 080428 8 3194.875 0.11971 
036 080428 8 3247.575 0.15123 
036 080428 8 3281.325 0.13133 
036 080428 8 3320.625 0.11777 
036 080428 8 3333.950 0.14303 
036 080428 8 3430.000 0.10553 
036 080428 8 3530.000 0.15399 
036 080428 9  9.250 0.09422 
036 080428 9 86.900 0.10444 
036 080428 9 102.050 0.09828 
036 080428 9 161.725 0.15846 
036 080428 9 176.200 0.12623 
036 080428 9 203.000 0.15951 
036 080428 9 206.200 0.18004 
036 080428 9 215.050 0.16003 
036 080428 9 234.375 0.14369 
036 080428 9 240.875 0.16840 
036 080428 9 256.300 0.09706 
036 080428 9 263.425 0.10502 
036 080428 9 353.850 0.14182 
036 080428 9 403.475 0.09766 
036 080428 9 460.225 0.09835 
036 080428 9 567.875 0.15795 
036 080428 9 592.475 0.11806 
036 080428 9 608.750 0.11662 
036 080428 9 614.850 0.11101 
036 080428 9 629.725 0.10381 
036 080428 9 649.475 0.11702 
036 080428 9 669.850 0.13700 
036 080428 9 676.225 0.14057 
036 080428 9 684.650 0.13128 
036 080428 9 698.675 0.13328 
036 080428 9 799.025 0.12378 
036 080428 9 2884.800 0.11546 
036 080428 13 1743.800 0.11186 
036 080428 24 436.150 0.11615 
036 080429 6 1851.500 0.18899 
036 080429 6 2577.000 0.28545 
036 080429 8 2840.225 0.13273 
036 080429 8 3130.175 0.11811 
036 080429 8 3132.375 0.15597 
036 080429 8 3170.450 0.15779 
036 080429 8 3180.525 0.15675 
036 080429 8 3184.300 0.10926 
036 080429 8 3188.525 0.17454 
036 080429 8 3200.300 0.16777 
036 080429 8 3205.025 0.16019 
036 080429 8 3229.500 0.11759 
036 080429 8 3246.975 0.11112 
036 080429 8 3274.575 0.11881 
036 080429 8 3391.125 0.16976 
036 080429 8 3392.900 0.13435 
036 080429 8 3468.425 0.12693 
036 080429 9  2.475 0.13206 
036 080429 9  3.625 0.14308 
036 080429 9 75.925 0.11849 
036 080429 9 220.525 0.10709 
036 080429 9 315.925 0.18581 
036 080429 9 405.225 0.17973 
036 080429 9 415.850 0.18029 
036 080429 9 419.125 0.18290 
036 080429 9 445.325 0.23139 
036 080429 9 1069.075 0.14521 
036 080429 11 316.675 0.11297 
036 080429 11 1570.200 0.12009 
036 080429 11 1578.825 0.10020 
036 080429 15 1976.875 0.16235 
036 080429 15 2429.200 0.13559 
036 080429 15 2463.300 0.13427 
036 080429 15 2482.500 0.13187 
036 080429 15 2597.175 0.10993 
036 080429 15 2775.250 0.15256 
036 080429 15 2850.600 0.10114 
036 080429 15 2870.400 0.17752 
036 080429 15 2889.550 0.10757 
036 080429 15 3136.900 0.13000 
036 080429 15 3159.350 0.13900 
036 080429 23 2305.250 0.14404 
036 080429 23 2513.975 0.11389 
036 080429 23 2520.050 0.15704 
036 080429 24 528.650 0.10600 
036 080429 24 530.875 0.14050 
036 080429 24 1729.900 0.10167 
036 080429 24 1763.725 0.15986 
036 080429 24 1802.175 0.16442 
036 080429 24 1836.050 0.17132 
036 080430 2 1323.775 0.18149 
036 080430 3 3539.000 0.12101 
036 080430 4 1312.500 0.14311 
036 080430 10 1666.650 0.10786 
036 080430 10 3137.925 0.15807 
036 080430 10 3228.400 0.12902 
036 080430 10 3492.575 0.12766 
036 080430 10 3518.250 0.11332 
036 080430 11 853.050 0.12114 
036 080430 13 807.100 0.11231 
036 080430 19 998.350 0.12879 
036 080430 20 2187.100 0.12325 
