ME01 YBH  ME02 ME04 ME29 ME09 ME10 ME30 ME13 KHBB WDC  ME27 ME24 ME12  
Threshhold: 8 
028 080415 3 2266.225 0.12107 
028 080415 4 608.200 0.12162 
028 080415 8 1223.000 0.12158 
028 080415 8 1233.275 0.12540 
028 080415 8 1272.825 0.11126 
028 080415 8 1284.425 0.15399 
028 080415 8 1365.950 0.16116 
028 080415 8 1722.825 0.11690 
028 080415 8 1909.000 0.18412 
028 080415 8 1927.075 0.11401 
028 080415 8 1962.850 0.12293 
028 080415 8 1964.600 0.13791 
028 080415 8 2013.600 0.14622 
028 080415 8 2075.000 0.13177 
028 080415 8 2079.350 0.10356 
028 080415 8 2133.100 0.16318 
028 080415 8 2145.075 0.13263 
028 080415 8 2234.525 0.16952 
028 080415 8 3147.425 0.13210 
028 080415 8 3185.750 0.12611 
028 080415 8 3194.300 0.39404 
028 080415 8 3448.175 0.18466 
028 080415 9 203.000 0.14479 
028 080415 9 1581.050 0.20408 
028 080415 9 2761.450 0.14621 
028 080415 9 2777.625 0.17099 
028 080415 10 146.525 0.11837 
028 080415 10 198.625 0.13168 
028 080415 10 202.575 0.15186 
028 080415 10 226.200 0.11529 
028 080415 10 275.200 0.11431 
028 080415 10 282.725 0.10560 
028 080415 10 292.725 0.15746 
028 080415 10 558.100 0.11472 
028 080415 10 663.900 0.18489 
028 080415 10 668.375 0.14868 
028 080415 10 2018.300 0.10427 
028 080415 10 2133.125 0.13936 
028 080415 11 182.450 0.27518 
028 080415 11 194.375 0.13455 
028 080415 11 252.925 0.12574 
028 080415 11 275.475 0.16863 
028 080415 11 279.375 0.23477 
028 080415 11 296.475 0.12359 
028 080415 11 360.400 0.12985 
028 080415 11 373.675 0.13701 
028 080415 11 393.275 0.17614 
028 080415 11 468.000 0.16562 
028 080415 12 1121.800 0.12624 
028 080415 12 1504.650 0.11812 
028 080415 16 51.175 0.13660 
028 080415 22 1669.800 0.11740 
028 080415 22 2026.500 0.11518 
028 080415 22 2112.175 0.13452 
028 080415 24 424.950 0.11078 
028 080415 24 456.925 0.13331 
028 080415 24 871.800 0.10753 
028 080415 24 957.950 0.13466 
028 080415 24 1338.150 0.11501 
028 080415 24 1391.775 0.11324 
028 080415 24 1563.950 0.11335 
028 080415 24 1590.000 0.36826 
028 080416 14 3579.075 0.14407 
028 080416 15 49.525 0.10375 
028 080416 15 79.200 0.11995 
028 080416 15 82.400 0.11946 
028 080416 15 91.575 0.19464 
028 080416 15 93.375 0.10563 
028 080416 15 684.200 0.12209 
028 080416 15 3568.950 0.17782 
028 080416 15 3590.225 0.12810 
028 080416 16  9.950 0.15796 
028 080416 16 35.875 0.26343 
028 080416 16 72.725 0.20060 
028 080416 16 112.250 0.11407 
028 080416 16 114.325 0.22370 
028 080416 21 475.200 0.16717 
028 080416 21 941.250 0.11179 
028 080418 2 3018.375 0.11132 
028 080418 2 3070.700 0.14555 
028 080418 2 3111.825 0.12948 
028 080418 2 3131.775 0.15716 
028 080418 2 3134.275 0.14359 
028 080418 2 3138.400 0.20062 
028 080418 2 3141.200 0.21286 
028 080418 2 3248.250 0.24469 
028 080418 2 3259.500 0.13364 
028 080418 2 3551.400 0.19963 
028 080418 2 3556.950 0.13010 
028 080418 2 3559.850 0.11211 
028 080418 2 3577.250 0.13808 
028 080418 2 3579.350 0.20710 
028 080418 2 3585.500 0.15451 
028 080418 3 205.800 0.17480 
028 080418 3 215.950 0.18902 
028 080418 9 1550.750 0.13599 
028 080418 21 2991.300 0.12181 
028 080420 2 2865.275 0.11010 
028 080420 5 290.350 0.13678 
028 080420 5 397.625 0.10677 
028 080420 5 555.250 0.12020 
028 080420 5 651.300 0.13845 
028 080420 5 776.450 0.13834 
028 080420 5 790.100 0.12730 
028 080420 5 877.475 0.20862 
028 080420 5 884.450 0.24358 
028 080420 5 886.700 0.11871 
028 080420 5 1050.025 0.13477 
028 080420 5 1643.900 0.13655 
028 080420 5 1708.750 0.19742 
028 080420 5 1800.400 0.13771 
028 080420 5 2175.050 0.13421 
028 080420 5 2177.250 0.13609 
028 080420 5 3115.750 0.10524 
028 080420 5 3218.125 0.13454 
028 080420 5 3222.175 0.15966 
028 080420 5 3223.675 0.15536 
028 080420 5 3336.375 0.20388 
028 080420 5 3484.750 0.15116 
028 080420 6 822.600 0.12629 
028 080420 6 2217.500 0.11955 
028 080420 7 1089.450 0.12451 
028 080420 7 1111.125 0.12788 
028 080420 7 2021.700 0.14654 
028 080420 7 2047.625 0.13096 
028 080420 7 2070.000 0.15023 
028 080420 7 2072.550 0.14252 
028 080420 7 2105.025 0.11829 
028 080420 7 2108.350 0.25210 
028 080420 7 2112.825 0.15066 
028 080420 7 2279.575 0.15932 
028 080420 7 2293.450 0.27460 
028 080420 7 2368.675 0.11196 
028 080420 7 2498.700 0.12883 
028 080420 7 2516.300 0.20116 
028 080420 7 2518.575 0.15069 
028 080420 7 2523.850 0.15801 
028 080420 7 2547.600 0.11281 
028 080420 7 2570.350 0.11620 
