ME09 KHBB ME10 ME30 ME13 ME27 WDC  ME16 ME24 ME28 ME08  
Threshhold: 8 
046 080418 8 215.825 0.12358 
046 080418 8 587.075 0.10831 
046 080418 11 295.575 0.11131 
046 080418 12 2057.900 0.13595 
046 080418 12 2972.300 0.16984 
046 080418 12 3049.625 0.11206 
046 080418 12 3054.325 0.12578 
046 080418 12 3335.500 0.15594 
046 080418 13 573.650 0.15523 
046 080418 13 590.650 0.12274 
046 080418 13 592.325 0.12410 
046 080418 13 2961.475 0.11225 
046 080418 14 450.900 0.12663 
046 080418 14 2176.800 0.11293 
046 080418 16 2690.875 0.18136 
046 080418 16 2694.325 0.11236 
046 080418 16 2769.750 0.12708 
046 080418 16 2781.875 0.13828 
046 080418 16 2784.025 0.22596 
046 080418 16 2793.375 0.11802 
046 080418 16 2797.950 0.12192 
046 080418 16 2812.775 0.12998 
046 080418 16 2819.250 0.12710 
046 080418 16 2822.350 0.13123 
046 080418 16 2856.750 0.13276 
046 080418 16 2903.925 0.18894 
046 080418 16 2919.700 0.13962 
046 080418 16 2926.975 0.11995 
046 080418 16 3196.725 0.14298 
046 080418 16 3205.350 0.22570 
046 080418 16 3524.075 0.12950 
046 080418 17 1118.975 0.11743 
046 080418 17 1123.750 0.13370 
046 080418 17 1124.875 0.13386 
046 080418 17 1133.075 0.10929 
046 080418 17 1210.500 0.12627 
046 080418 17 1212.175 0.11824 
046 080418 17 1228.925 0.14408 
046 080418 17 1231.075 0.17079 
046 080418 17 1238.825 0.18507 
046 080418 17 1249.725 0.19604 
046 080418 17 1251.425 0.16560 
046 080418 17 1262.700 0.16940 
046 080418 17 1329.675 0.31289 
046 080418 17 1333.000 0.13649 
046 080418 18 1340.475 0.14605 
046 080418 18 1601.650 0.13286 
046 080418 18 1639.250 0.19958 
046 080418 18 1647.875 0.15897 
046 080418 18 1671.675 0.11122 
046 080418 18 1734.425 0.16829 
046 080418 18 1735.600 0.15958 
046 080418 18 1893.200 0.11361 
046 080418 18 1937.525 0.17490 
046 080418 18 1945.975 0.15428 
046 080418 20 1777.975 0.15033 
046 080418 20 1789.000 0.11525 
046 080418 20 1805.600 0.12030 
046 080418 20 1807.275 0.14128 
046 080418 20 1812.775 0.12542 
046 080418 20 1823.750 0.12170 
046 080418 20 1853.850 0.12110 
046 080418 20 1855.500 0.12636 
046 080418 20 1857.150 0.16270 
046 080418 20 1858.825 0.11257 
046 080418 20 1863.975 0.13143 
046 080418 20 1911.750 0.13921 
046 080418 20 1912.900 0.11877 
046 080418 20 1944.275 0.14608 
046 080418 20 1945.950 0.15595 
046 080418 20 1947.700 0.11494 
046 080418 20 1951.125 0.11172 
046 080418 20 1955.075 0.15978 
046 080418 20 1998.675 0.15164 
046 080418 20 2002.475 0.18893 
046 080418 20 2004.150 0.16881 
046 080418 20 2017.900 0.15348 
046 080418 20 2046.025 0.12071 
046 080418 20 2053.050 0.12677 
046 080418 20 2069.200 0.10789 
046 080418 20 2085.925 0.11597 
046 080418 21 3097.575 0.14272 
046 080418 21 3099.300 0.13421 
046 080418 21 3125.225 0.11293 
046 080418 21 3181.000 0.12428 
046 080418 21 3182.150 0.16123 
046 080418 21 3185.475 0.12632 
046 080418 21 3187.700 0.15175 
046 080418 21 3193.525 0.17923 
046 080418 21 3195.175 0.15321 
046 080418 21 3199.550 0.12481 
046 080418 21 3221.350 0.12627 
046 080418 21 3230.600 0.17506 
046 080418 21 3232.275 0.19633 
046 080419 1 315.900 0.11757 
046 080419 1 373.675 0.09886 
046 080419 1 389.725 0.12194 
046 080419 1 436.450 0.20773 
046 080419 1 437.650 0.14380 
046 080419 1 440.800 0.10001 
046 080419 1 480.475 0.15186 
046 080419 1 501.850 0.10181 
046 080419 1 505.250 0.19844 
046 080419 1 551.525 0.10258 
046 080419 1 552.700 0.09961 
046 080419 1 620.575 0.10209 
046 080419 1 637.650 0.17725 
046 080419 4 1503.800 0.09774 
046 080419 4 1550.875 0.10051 
046 080419 4 1828.000 0.13868 
046 080419 4 1838.225 0.11917 
046 080419 4 1839.450 0.13864 
046 080419 4 1841.150 0.11705 
046 080419 4 1882.725 0.14091 
046 080419 4 1888.025 0.09860 
046 080419 4 1906.875 0.10469 
046 080419 4 1908.525 0.14449 
046 080419 4 1910.200 0.10626 
046 080419 4 1923.700 0.15796 
046 080419 4 1926.975 0.18764 
046 080419 4 1931.375 0.15091 
046 080419 4 1997.125 0.11117 
046 080419 4 2024.025 0.21187 
046 080419 4 2025.200 0.14689 
046 080419 4 2085.800 0.16373 
046 080419 4 2086.975 0.12511 
046 080419 4 2138.600 0.16455 
046 080419 4 2139.825 0.16599 
046 080419 4 2288.925 0.10715 
046 080419 4 2311.475 0.10581 
046 080419 4 2314.375 0.13691 
046 080419 4 2399.450 0.11796 
046 080419 4 2457.150 0.09776 
046 080419 4 2517.725 0.16135 
046 080419 4 2519.500 0.19054 
046 080419 4 2521.175 0.16569 
046 080419 4 2522.800 0.11169 
046 080419 4 2548.075 0.19776 
046 080419 4 2551.425 0.10054 
046 080419 4 2560.900 0.10351 
046 080419 4 2562.075 0.10801 
046 080419 4 2592.900 0.13512 
046 080419 4 2596.225 0.13570 
046 080419 4 2652.925 0.09828 
046 080419 4 2660.925 0.10886 
046 080419 4 2670.000 0.37973 
046 080419 4 2671.675 0.14449 
046 080419 4 2816.600 0.12397 
046 080419 4 2834.125 0.11263 
046 080419 4 2847.225 0.10513 
046 080419 4 2848.900 0.09790 
046 080419 4 2852.250 0.10215 
046 080419 4 2853.950 0.18612 
046 080419 4 2855.650 0.13250 
046 080419 4 2858.200 0.19080 
046 080419 4 2859.400 0.21909 
046 080419 4 2862.775 0.11564 
046 080419 4 2870.425 0.11499 
046 080419 4 3098.950 0.10905 
046 080419 16 363.750 0.12625 
046 080419 16 488.500 0.11477 
046 080419 16 753.750 0.10024 
046 080419 16 1009.425 0.09888 
046 080419 16 1011.550 0.10695 
046 080419 16 1239.250 0.21938 
046 080419 16 1309.525 0.10595 
046 080419 16 1313.650 0.13435 
046 080419 16 1402.650 0.10126 
046 080419 16 1406.125 0.10035 
046 080419 16 1412.025 0.10334 
046 080419 16 1445.375 0.13583 
046 080419 16 1489.625 0.11198 
046 080419 16 1515.850 0.10728 
046 080419 16 1558.025 0.11743 
046 080419 16 1559.725 0.13469 
046 080419 16 1573.350 0.14671 
046 080419 16 1581.825 0.17366 
046 080419 16 1584.700 0.14202 
046 080419 16 1587.025 0.10060 
046 080419 16 1588.275 0.11488 
046 080419 16 1592.250 0.12616 
046 080419 16 1606.750 0.12042 
046 080419 16 1619.175 0.10459 
046 080419 16 1620.900 0.22327 
046 080419 16 1626.825 0.10358 
046 080419 16 1639.300 0.11480 
046 080419 16 1757.300 0.11188 
046 080419 16 1787.400 0.10409 
046 080419 16 1863.500 0.10433 
046 080419 16 1873.125 0.10788 
046 080419 16 1874.825 0.23045 
046 080419 16 1886.050 0.10129 
046 080419 16 1893.275 0.14076 
046 080419 16 1898.025 0.09783 
046 080420 4 134.050 0.11303 
046 080420 4 999.075 0.10183 
046 080420 4 1373.825 0.12031 
046 080420 4 1412.525 0.14096 
046 080420 4 1631.600 0.13676 
046 080420 4 1681.725 0.09876 
046 080420 4 1791.600 0.10040 
046 080420 4 1793.750 0.09667 
046 080420 4 1841.275 0.10590 
046 080420 4 1855.100 0.10315 
046 080420 4 1871.850 0.10795 
046 080420 4 1877.825 0.09612 
046 080420 4 1915.000 0.09926 
046 080420 4 1921.150 0.12172 
046 080420 4 1933.525 0.09740 
046 080420 4 1936.775 0.10872 
046 080420 4 1943.975 0.12162 
046 080420 4 1945.200 0.17920 
046 080420 4 1984.950 0.16550 
046 080420 4 1986.625 0.12620 
046 080420 4 2029.225 0.10335 
046 080420 4 2030.925 0.10722 
046 080420 4 2079.825 0.10839 
046 080420 4 2086.900 0.16955 
046 080420 4 2088.100 0.23961 
046 080420 4 2089.775 0.10123 
046 080420 4 2102.500 0.11109 
046 080420 4 2155.200 0.09808 
046 080420 4 2213.275 0.11805 
046 080420 5 1376.325 0.09614 
046 080420 12 668.050 0.09925 
046 080420 12 1619.475 0.09581 
046 080420 13 2525.200 0.09521 
046 080423 1 3208.775 0.10726 
046 080423 3 3562.650 0.10771 
046 080423 7 2735.850 0.11463 
046 080423 7 2737.025 0.11509 
046 080423 7 2778.750 0.10099 
046 080423 7 2981.900 0.10110 
046 080423 7 2984.625 0.13808 
046 080423 7 2985.800 0.12365 
046 080423 7 3264.500 0.10112 
046 080423 7 3294.500 0.11096 
046 080423 7 3295.675 0.13039 
046 080423 7 3369.775 0.10123 
046 080423 7 3447.525 0.10159 
046 080423 7 3468.875 0.15407 
046 080423 7 3515.200 0.18533 
046 080423 7 3557.975 0.11332 
046 080423 7 3588.275 0.10844 
046 080423 7 3591.675 0.17169 
046 080423 8 21.125 0.19774 
046 080423 8 31.725 0.11987 
046 080423 8 42.625 0.09864 
046 080423 8 43.775 0.13564 
046 080423 8 45.500 0.12471 
046 080423 8 82.625 0.10400 
046 080423 8 99.100 0.26469 
046 080423 8 100.300 0.13435 
046 080423 8 138.425 0.10072 
046 080423 8 139.650 0.11712 
046 080423 8 160.950 0.12764 
046 080423 8 167.700 0.09726 
046 080423 8 171.450 0.12892 
046 080423 8 173.175 0.14659 
046 080423 8 175.475 0.24403 
046 080423 8 177.150 0.09711 
046 080423 8 202.125 0.10335 
046 080423 8 204.525 0.13348 
046 080423 8 205.800 0.10293 
046 080423 8 221.550 0.10106 
046 080423 8 242.675 0.10224 
046 080423 8 244.350 0.17767 
046 080423 8 259.100 0.11884 
046 080423 8 261.275 0.10853 
046 080423 8 345.325 0.10372 
046 080423 8 352.550 0.14643 
046 080423 8 354.200 0.20520 
046 080423 8 358.750 0.16931 
046 080423 8 363.900 0.31900 
046 080423 8 365.125 0.19643 
046 080423 8 426.875 0.10275 
046 080423 8 439.525 0.20025 
046 080423 8 440.750 0.15143 
046 080423 8 517.100 0.10797 
046 080423 8 576.925 0.15812 
046 080423 8 596.100 0.09718 
046 080423 8 647.500 0.13105 
046 080423 8 648.725 0.22286 
046 080423 8 650.400 0.14761 
046 080423 8 695.650 0.17405 
046 080423 8 697.300 0.13092 
046 080423 8 742.275 0.12217 
046 080423 8 839.325 0.10106 
046 080423 8 867.875 0.21781 
046 080423 8 871.175 0.13617 
046 080423 8 873.350 0.26824 
046 080423 8 891.000 0.10724 
046 080423 8 905.275 0.16326 
046 080423 8 912.500 0.13957 
046 080423 8 1018.750 0.16056 
046 080423 8 1144.425 0.12411 
046 080423 8 1146.650 0.11012 
046 080423 8 1453.600 0.19034 
046 080423 8 1528.175 0.12421 
046 080423 8 1534.450 0.12013 
046 080423 8 1537.875 0.12823 
046 080423 8 1697.850 0.14617 
046 080423 8 1730.650 0.12284 
046 080423 8 1748.125 0.10564 
046 080423 8 1749.750 0.32691 
046 080423 8 1767.350 0.12479 
046 080423 8 1778.000 0.15110 
046 080423 8 2053.600 0.11337 
046 080423 8 2064.400 0.10062 
046 080423 8 2174.400 0.10682 
046 080423 8 2181.900 0.10848 
046 080423 8 2183.575 0.24026 
046 080423 8 2204.975 0.14084 
046 080423 8 2217.050 0.10147 
046 080423 8 2218.725 0.14747 
046 080423 8 2219.900 0.12525 
046 080423 8 2264.450 0.14862 
046 080423 8 2266.125 0.10264 
046 080423 8 2270.350 0.10489 
046 080423 8 2307.950 0.14836 
046 080423 8 2310.175 0.10839 
046 080423 8 2395.700 0.13417 
046 080423 8 2515.725 0.10867 
046 080423 8 2730.200 0.09924 
046 080423 8 2747.725 0.14353 
046 080423 9 141.825 0.09841 
046 080423 9 225.525 0.11223 
046 080423 9 227.250 0.14385 
046 080423 9 232.425 0.11907 
046 080423 9 366.600 0.11128 
046 080423 9 420.125 0.11344 
046 080423 9 421.825 0.16992 
046 080423 9 573.150 0.10233 
046 080423 9 651.875 0.09912 
046 080423 9 653.550 0.14519 
046 080423 9 672.325 0.11372 
046 080423 9 673.500 0.18173 
046 080423 9 676.325 0.11292 
046 080423 9 695.125 0.18010 
046 080423 9 703.125 0.10080 
046 080423 9 704.800 0.12024 
046 080423 9 730.450 0.10490 
046 080423 9 879.600 0.10362 
046 080423 9 990.600 0.10110 
046 080423 9 992.275 0.10484 
046 080423 9 1003.325 0.10948 
046 080423 9 1009.275 0.18491 
046 080423 9 1010.950 0.21970 
046 080423 9 1012.600 0.15091 
046 080423 9 1023.325 0.18541 
046 080423 9 1463.900 0.09712 
046 080423 10 637.350 0.13339 
