ME49 ME42 KCPB ME43 ME45 ME52 ME46  
Threshhold: 8 
054 080323 3 2229.825 0.10792 
054 080323 5 1544.850 0.10773 
054 080323 10 2704.100 0.13327 
054 080323 10 2733.775 0.10903 
054 080323 10 2860.375 0.15040 
054 080323 10 2886.675 0.12806 
054 080323 10 2908.175 0.13012 
054 080323 10 2916.775 0.13072 
054 080323 10 2925.625 0.18022 
054 080323 10 2938.925 0.17629 
054 080323 10 2949.700 0.12204 
054 080323 10 2991.725 0.12116 
054 080323 10 3016.850 0.12155 
054 080323 10 3122.125 0.16035 
054 080323 10 3164.075 0.13653 
054 080323 10 3166.550 0.17348 
054 080323 10 3173.975 0.13727 
054 080323 10 3198.750 0.11486 
054 080323 11 30.225 0.13459 
054 080323 11 132.000 0.10986 
054 080323 11 144.475 0.15523 
054 080323 11 3569.250 0.11763 
054 080323 12 2960.500 0.12308 
054 080323 15 671.525 0.13932 
054 080326 7 2206.775 0.10419 
054 080326 7 2400.025 0.12352 
054 080326 7 2673.625 0.11131 
054 080326 7 2747.325 0.11333 
054 080326 8 49.250 0.15384 
054 080326 9 190.275 0.13378 
054 080326 9 423.850 0.13200 
054 080326 9 580.275 0.13178 
054 080326 9 1073.450 0.10691 
054 080326 11 3467.750 0.10916 
054 080326 16 1884.975 0.16782 
054 080326 16 1931.575 0.15814 
054 080326 16 1962.500 0.17904 
054 080326 16 1986.200 0.13374 
054 080326 16 2066.900 0.17000 
054 080327 4 2601.025 0.18095 
054 080327 5 2470.550 0.12451 
054 080327 9 151.800 0.12391 
054 080327 21 2299.150 0.11102 
054 080327 22 293.350 0.11846 
054 080327 22 1036.075 0.19321 
054 080327 22 1049.525 0.22865 
054 080327 22 1066.025 0.11781 
054 080327 22 1069.675 0.16022 
054 080401 7 3573.575 0.13254 
054 080401 9 1305.500 0.12091 
054 080401 10 849.325 0.14334 
054 080401 10 3527.225 0.11877 
054 080401 11 2624.225 0.12886 
054 080401 11 2901.375 0.14341 
054 080401 14 1087.800 0.16896 
054 080401 14 1194.850 0.15753 
054 080401 23 613.800 0.11343 
054 080402 4 2979.975 0.11001 
054 080402 4 3016.500 0.15298 
054 080402 4 3032.925 0.20081 
054 080402 4 3039.650 0.10548 
054 080402 4 3042.050 0.15300 
054 080402 4 3044.850 0.15657 
054 080402 4 3052.375 0.20130 
054 080402 4 3055.850 0.16516 
054 080402 4 3058.125 0.21082 
054 080402 4 3072.100 0.22395 
054 080402 4 3082.275 0.10725 
054 080402 4 3094.675 0.13044 
054 080402 4 3109.125 0.15643 
054 080402 4 3175.000 0.42145 
054 080402 4 3199.025 0.17554 
054 080402 4 3207.575 0.12978 
054 080402 4 3210.725 0.14380 
054 080402 4 3214.875 0.24542 
054 080402 4 3217.000 0.11169 
054 080402 4 3226.050 0.16348 
054 080402 4 3228.150 0.12862 
054 080402 4 3238.300 0.18049 
054 080402 4 3252.500 0.22373 
054 080402 4 3256.375 0.29307 
054 080402 4 3265.050 0.11397 
054 080402 4 3271.350 0.20766 
054 080402 4 3284.550 0.17771 
054 080402 4 3286.200 0.12483 
054 080402 4 3427.400 0.10990 
054 080402 5 525.150 0.10617 
054 080402 7 711.700 0.11567 
054 080402 7 3119.475 0.13174 
054 080402 10 450.225 0.23846 
054 080402 10 453.700 0.17742 
054 080402 16 199.250 0.12084 
054 080402 21 961.100 0.10710 
054 080407 12 568.050 0.14806 
054 080407 12 961.550 0.12223 
054 080407 18 3534.525 0.22657 
054 080407 18 3544.650 0.18440 
054 080407 18 3547.100 0.18569 
054 080407 18 3558.800 0.16998 
054 080407 19 127.025 0.17174 
054 080407 19 340.425 0.13924 
054 080407 19 352.050 0.21360 
