ME04 ME29 ME09 ME10 ME30 ME13 KHBB WDC  ME27 ME08  
Threshhold: 8 
055 080410 12 2602.900 0.11954 
055 080410 13 540.400 0.13275 
055 080410 13 598.875 0.15440 
055 080410 13 715.175 0.19994 
055 080410 13 725.425 0.14907 
055 080410 13 738.250 0.18236 
055 080410 13 767.375 0.13457 
055 080410 13 787.250 0.14483 
055 080410 13 908.500 0.22704 
055 080410 13 965.700 0.23180 
055 080410 13 1009.275 0.12628 
055 080410 13 1196.675 0.14104 
055 080410 13 1213.475 0.23194 
055 080410 13 1219.950 0.11857 
055 080410 13 1232.250 0.16085 
055 080410 13 1240.075 0.16332 
055 080410 13 1260.250 0.12239 
055 080410 13 1276.950 0.13397 
055 080410 13 1388.175 0.12929 
055 080410 13 1397.050 0.12961 
055 080410 13 1398.925 0.21698 
055 080410 13 1422.300 0.11833 
055 080410 13 1574.275 0.16709 
055 080410 13 1658.100 0.13083 
055 080410 13 1708.375 0.14569 
055 080410 13 1720.875 0.12090 
055 080410 13 1813.650 0.18179 
055 080410 13 1881.875 0.19088 
055 080410 13 1994.525 0.14799 
055 080410 13 2029.750 0.16642 
055 080410 13 2043.425 0.11967 
055 080410 13 2087.375 0.21665 
055 080410 13 2171.575 0.17807 
055 080410 13 2173.775 0.15722 
055 080410 13 2202.625 0.14326 
055 080410 13 2224.600 0.20983 
055 080410 13 2280.975 0.12901 
055 080410 13 2282.325 0.14201 
055 080410 13 2288.275 0.19480 
055 080410 13 2291.825 0.16722 
055 080410 13 2307.725 0.12487 
055 080410 13 2369.775 0.18280 
055 080410 13 2397.750 0.21028 
055 080410 13 2403.000 0.13183 
055 080410 13 2409.975 0.20763 
055 080410 13 2449.425 0.20303 
055 080410 13 2468.625 0.14331 
055 080410 13 2481.950 0.27331 
055 080410 13 2483.875 0.14301 
055 080410 13 2521.700 0.16257 
055 080410 13 2541.900 0.15554 
055 080410 13 2543.050 0.12252 
055 080410 13 2550.325 0.13448 
055 080410 13 2552.975 0.24766 
055 080410 13 2575.750 0.14423 
055 080410 13 2656.125 0.14208 
055 080410 13 2688.925 0.12976 
055 080410 13 2696.725 0.14097 
055 080410 13 2701.575 0.22370 
055 080410 13 2702.825 0.11868 
055 080410 13 2724.450 0.18361 
055 080410 13 2727.950 0.18228 
055 080410 13 2767.075 0.11830 
055 080410 13 2785.500 0.13592 
055 080410 13 2790.775 0.17067 
055 080410 13 2819.675 0.28984 
055 080410 13 2829.525 0.15662 
055 080410 13 2850.000 0.30615 
055 080410 13 3001.350 0.18695 
055 080410 13 3020.675 0.15074 
055 080410 13 3075.075 0.24424 
055 080410 13 3204.025 0.14397 
055 080410 13 3209.425 0.16623 
055 080410 13 3215.675 0.31233 
055 080410 13 3220.075 0.20235 
055 080410 13 3231.475 0.27093 
055 080410 13 3272.150 0.12154 
055 080410 13 3276.500 0.31304 
055 080410 13 3322.425 0.15028 
055 080410 13 3324.300 0.18019 
055 080410 13 3389.400 0.18957 
055 080410 13 3456.475 0.24204 
055 080410 13 3458.700 0.19639 
055 080410 13 3569.975 0.13089 
055 080410 14 253.625 0.14967 
055 080410 14 470.925 0.15970 
055 080410 14 508.750 0.17697 
055 080410 14 544.400 0.19441 
055 080410 14 546.750 0.16589 
055 080410 14 549.275 0.18564 
055 080410 14 550.475 0.16665 
055 080410 14 559.300 0.12957 
055 080410 14 1136.700 0.24292 
055 080410 14 1168.225 0.27069 
055 080410 14 1209.500 0.17939 
055 080410 14 1235.750 0.25758 
055 080410 14 1246.925 0.16993 
055 080410 14 1249.850 0.33762 
055 080410 14 1778.000 0.20718 
055 080410 14 1788.775 0.18259 
055 080410 14 1853.825 0.15177 
055 080410 14 1864.350 0.25423 
055 080410 14 1867.400 0.24392 
055 080410 14 1932.975 0.15873 
055 080410 14 1941.775 0.21843 
055 080410 14 1948.700 0.16906 
055 080410 14 1990.250 0.16858 
055 080410 14 1994.425 0.24509 
055 080410 14 2818.150 0.13747 
055 080410 14 2961.625 0.14008 
055 080410 14 3000.050 0.11994 
055 080410 14 3041.100 0.14861 
055 080410 14 3059.750 0.24533 
055 080410 14 3456.250 0.17211 
055 080410 14 3488.100 0.32472 
055 080410 14 3495.450 0.12323 
055 080410 14 3505.050 0.16253 
055 080410 15 126.050 0.12552 
055 080410 15 145.575 0.17650 
055 080410 15 148.025 0.16617 
055 080410 15 172.625 0.18297 
055 080410 15 193.600 0.23343 
055 080410 15 288.650 0.13623 
055 080410 15 302.200 0.27636 
055 080410 15 310.250 0.19270 
055 080410 17 656.075 0.12573 
055 080410 17 712.950 0.19610 
055 080410 17 739.500 0.21379 
055 080410 17 747.825 0.16733 
055 080410 17 766.875 0.14790 
055 080410 17 769.275 0.23802 
055 080410 17 841.550 0.14742 
055 080410 17 870.875 0.15957 
055 080410 17 1018.275 0.20849 
055 080410 17 1071.650 0.12037 
055 080410 17 1234.225 0.12066 
055 080411 4 2927.300 0.12656 
055 080411 4 3281.075 0.17101 
055 080411 4 3332.375 0.13128 
055 080411 5 185.275 0.14953 
055 080411 5 268.575 0.11576 
055 080411 5 310.000 0.17552 
055 080411 5 585.400 0.31364 
055 080411 5 592.250 0.13386 
055 080411 5 602.075 0.16880 
055 080411 5 603.925 0.16609 
055 080411 5 720.725 0.13973 
055 080411 5 1033.050 0.15971 
055 080411 5 1129.125 0.13395 
055 080411 5 1130.350 0.15775 
055 080411 5 1169.900 0.18608 
055 080411 6 293.950 0.15264 
