KHBB WDC  ME27 ME28 ME08 ME26 ME12 ME57  
Threshhold: 8 
024 080325 17 2031.750 0.10429 
024 080325 20 889.075 0.16554 
024 080325 20 921.425 0.15472 
024 080325 20 955.825 0.19954 
024 080325 20 958.675 0.24259 
024 080325 20 1097.550 0.10419 
024 080325 20 1100.375 0.14774 
024 080325 20 1120.325 0.18393 
024 080325 20 1223.400 0.17654 
024 080325 20 1243.625 0.25949 
024 080325 20 1250.175 0.12290 
024 080325 20 1251.600 0.23815 
024 080325 21 3324.050 0.10976 
024 080325 24 2175.650 0.14257 
024 080325 24 2314.900 0.13921 
024 080401 4 2085.150 0.16945 
024 080401 4 2148.925 0.28219 
024 080401 4 2179.150 0.14607 
024 080401 4 2192.050 0.11899 
024 080401 4 2198.025 0.20840 
024 080401 4 2260.700 0.20378 
024 080401 4 2335.075 0.23343 
024 080401 4 2370.500 0.18820 
024 080401 4 2385.775 0.41754 
024 080401 4 2402.650 0.12762 
024 080401 4 2404.125 0.22624 
024 080401 4 2405.550 0.15236 
024 080401 4 2660.450 0.13852 
024 080401 4 2689.100 0.16411 
024 080401 4 2843.175 0.15376 
024 080401 4 2872.475 0.12042 
024 080401 4 2886.400 0.20557 
024 080404 4 1913.725 0.11843 
024 080404 10 863.325 0.15537 
024 080404 10 890.025 0.22553 
024 080404 10 895.750 0.16402 
024 080404 10 972.450 0.11199 
024 080404 10 982.750 0.21293 
024 080404 10 985.625 0.17363 
024 080404 10 1088.850 0.15955 
024 080404 10 1103.600 0.21405 
024 080404 10 1152.825 0.12187 
024 080404 10 1229.450 0.23127 
024 080404 10 1238.075 0.24405 
024 080404 10 1252.775 0.27118 
024 080404 10 1292.450 0.16324 
024 080404 10 1356.075 0.14225 
024 080404 10 1365.275 0.11478 
024 080404 10 1368.225 0.21917 
024 080404 10 1378.150 0.12025 
024 080404 10 1380.000 0.41836 
024 080404 10 1435.725 0.16831 
024 080404 10 1439.350 0.21407 
024 080404 10 1672.875 0.24299 
024 080404 10 1674.775 0.13925 
024 080404 10 1790.125 0.17837 
024 080404 10 2197.250 0.17006 
024 080404 10 3409.525 0.19005 
024 080405 12 3573.500 0.18109 
