YBH  B039 ME04 ME29 ME09 ME10 ME30 ME13 KHBB WDC  ME27 ME28 ME08 ME12  
Threshhold: 8 
023 080408 4 2289.350 0.09362 
023 080408 4 2646.150 0.17475 
023 080408 4 2647.425 0.15886 
023 080408 4 2842.350 0.12632 
023 080408 4 3159.600 0.13175 
023 080408 5 35.175 0.10518 
023 080408 5 277.425 0.13179 
023 080408 5 278.725 0.16924 
023 080408 5 297.575 0.15089 
023 080408 5 306.375 0.26009 
023 080408 5 369.225 0.13876 
023 080408 5 397.600 0.13705 
023 080408 5 420.650 0.14002 
023 080408 5 1094.875 0.13038 
023 080408 5 1306.500 0.10879 
023 080408 5 1314.625 0.12060 
023 080408 5 1315.750 0.09287 
023 080408 5 1323.050 0.14854 
023 080408 5 1339.675 0.15941 
023 080408 5 1341.775 0.13776 
023 080408 5 1979.600 0.16396 
023 080408 5 1980.900 0.13466 
023 080408 5 2269.475 0.10028 
023 080408 5 2513.650 0.11403 
023 080408 5 2514.900 0.17893 
023 080408 5 2516.125 0.17895 
023 080408 5 2517.350 0.17297 
023 080408 5 2522.575 0.13997 
023 080408 5 2576.100 0.13192 
023 080408 5 2683.800 0.11004 
023 080408 5 3143.000 0.09354 
023 080408 5 3205.475 0.15416 
023 080408 5 3206.725 0.16469 
023 080408 5 3246.000 0.11126 
023 080408 6 513.625 0.14487 
023 080408 6 515.325 0.11053 
023 080408 6 557.250 0.14748 
023 080408 6 560.525 0.13762 
023 080408 6 1132.875 0.09446 
023 080408 6 1624.025 0.29220 
023 080408 6 1625.350 0.20282 
023 080408 7 3491.275 0.20246 
023 080408 8 306.875 0.13321 
023 080408 8 313.625 0.25716 
023 080408 8 325.300 0.09803 
023 080408 8 341.450 0.14819 
023 080408 8 342.775 0.20168 
023 080408 8 353.850 0.15880 
023 080408 8 356.475 0.27289 
023 080408 8 357.825 0.16978 
023 080408 8 359.725 0.10208 
023 080408 8 373.550 0.10757 
023 080408 8 375.775 0.08918 
023 080408 8 390.075 0.11648 
023 080408 8 642.075 0.12132 
023 080408 8 748.075 0.13118 
023 080408 8 856.500 0.17090 
023 080408 8 861.625 0.12835 
023 080408 8 866.300 0.09407 
023 080408 8 951.775 0.09034 
023 080408 8 1003.450 0.18608 
023 080408 8 1009.325 0.19108 
023 080408 8 1011.175 0.10398 
023 080408 8 1036.300 0.10903 
023 080408 8 3313.175 0.14298 
023 080408 8 3349.100 0.17622 
023 080408 8 3489.350 0.18390 
023 080408 8 3490.625 0.16754 
023 080408 15 171.900 0.12020 
023 080408 15 892.475 0.15901 
023 080408 15 919.000 0.11777 
023 080408 15 933.700 0.09059 
023 080408 15 950.525 0.09635 
023 080408 15 960.350 0.15135 
023 080408 15 994.275 0.18880 
023 080408 15 1012.450 0.17001 
023 080408 15 1022.275 0.12625 
023 080408 15 1023.450 0.12661 
023 080408 15 1027.450 0.19620 
023 080408 15 1040.100 0.10010 
023 080408 15 1052.400 0.16963 
023 080408 15 1068.850 0.21169 
023 080408 15 1100.375 0.13001 
023 080408 15 1315.625 0.14234 
023 080408 15 1333.650 0.09225 
023 080408 15 1335.475 0.09231 
023 080408 15 1336.775 0.17278 
023 080408 15 1338.700 0.15995 
023 080408 15 1340.000 0.29925 
023 080408 15 1669.775 0.12409 
023 080408 15 1670.950 0.11191 
023 080408 15 1691.200 0.09756 
023 080408 15 1694.850 0.09186 
023 080408 15 1733.525 0.13005 
023 080408 15 1743.475 0.19857 
023 080408 15 1781.250 0.11969 
023 080408 15 2189.650 0.14120 
023 080408 15 2215.675 0.14276 
023 080408 15 2218.150 0.16613 
023 080408 15 2219.325 0.13500 
023 080408 15 2224.400 0.15739 
023 080408 15 2225.675 0.09215 
023 080408 16 2316.650 0.17354 
023 080408 16 2370.675 0.12589 
023 080408 16 2374.425 0.11132 
023 080408 16 2376.500 0.16340 
023 080408 16 2378.825 0.16375 
023 080408 16 2393.400 0.14352 
023 080408 16 3277.250 0.16918 
023 080408 16 3370.550 0.12751 
