ME01 YBH  ME02 ME04 ME29 ME09 ME10 ME30 ME13 ME27 KHBB WDC  ME24 ME28 ME08 ME12  
Threshhold: 8 
038 080412 8 1265.500 0.10160 
038 080412 9 2967.050 0.14821 
038 080412 9 3310.025 0.12288 
038 080412 9 3318.375 0.09240 
038 080412 10 557.575 0.10201 
038 080412 10 1112.875 0.11339 
038 080412 10 1844.950 0.14134 
038 080412 10 2001.075 0.10956 
038 080412 10 2306.625 0.17768 
038 080412 10 2345.325 0.14147 
038 080412 10 2478.750 0.11611 
038 080412 10 2483.750 0.09397 
038 080412 10 3061.950 0.09701 
038 080412 10 3101.200 0.13589 
038 080412 10 3498.275 0.22062 
038 080412 10 3510.475 0.14015 
038 080412 11 862.925 0.11208 
038 080412 11 933.050 0.15059 
038 080412 11 972.775 0.15188 
038 080412 11 987.750 0.12751 
038 080412 11 996.350 0.12709 
038 080412 11 1046.275 0.16623 
038 080412 11 1048.350 0.11655 
038 080412 11 1062.750 0.09302 
038 080412 11 1069.475 0.14361 
038 080412 11 1470.650 0.13662 
038 080412 11 1527.550 0.09338 
038 080412 11 1997.525 0.11995 
038 080412 11 2130.775 0.10027 
038 080412 11 2140.850 0.15819 
038 080412 11 2155.700 0.10336 
038 080412 11 2172.675 0.13885 
038 080412 11 2190.000 0.50851 
038 080412 11 2225.075 0.18253 
038 080412 11 2315.625 0.17040 
038 080412 11 2317.100 0.12986 
038 080412 11 2326.775 0.18545 
038 080412 11 2687.650 0.09308 
038 080412 11 2884.575 0.14697 
038 080412 11 2917.350 0.11121 
038 080412 11 2930.375 0.20210 
038 080412 11 2993.125 0.13828 
038 080412 11 3535.575 0.09345 
038 080412 11 3555.425 0.13258 
038 080412 11 3560.600 0.15156 
038 080412 11 3566.250 0.13490 
038 080412 12  6.275 0.27052 
038 080412 12 28.525 0.13594 
038 080412 12 48.875 0.10598 
038 080412 12 62.725 0.13057 
038 080412 12 87.875 0.14999 
038 080412 13 373.325 0.13892 
038 080412 14 2843.350 0.12485 
038 080412 14 3328.400 0.14720 
038 080412 15  6.000 0.15472 
038 080412 15 10.600 0.18193 
038 080412 15 32.400 0.17516 
038 080412 15 34.175 0.09549 
038 080412 15 44.550 0.11997 
038 080412 15 154.850 0.14148 
038 080412 15 474.200 0.11852 
038 080415 4 634.325 0.11409 
038 080415 10 503.675 0.13559 
038 080415 10 519.325 0.11255 
038 080415 10 1241.125 0.17474 
038 080415 10 1315.025 0.13888 
038 080415 10 1375.125 0.20744 
038 080415 10 1378.675 0.13004 
038 080415 10 1413.000 0.13897 
038 080415 10 1586.850 0.16920 
038 080415 10 1633.450 0.23176 
038 080415 10 1655.875 0.09867 
038 080415 10 1659.775 0.15798 
038 080415 10 1676.450 0.20466 
038 080415 10 1696.550 0.18023 
038 080415 10 1699.150 0.15277 
038 080415 10 1716.825 0.19223 
038 080415 10 1743.300 0.14422 
038 080415 10 1751.450 0.13934 
038 080415 10 1858.525 0.12321 
038 080415 10 1863.125 0.13428 
038 080415 10 2036.950 0.09798 
038 080415 10 2048.225 0.18307 
038 080415 10 2059.075 0.11473 
038 080415 10 2583.125 0.13400 
038 080415 10 2598.525 0.14512 
038 080415 10 2616.850 0.17812 
038 080415 10 2662.125 0.11804 
038 080415 10 2682.425 0.11983 
038 080415 10 3480.475 0.11925 
038 080415 11 890.150 0.12591 
038 080415 11 967.175 0.15383 
038 080415 11 970.975 0.12172 
038 080415 11 980.375 0.20310 
038 080415 11 1048.700 0.14686 
038 080415 11 1052.900 0.18580 
038 080415 11 1064.350 0.09960 
038 080415 11 1083.925 0.11067 
038 080415 11 1096.675 0.15230 
038 080415 11 1116.800 0.12934 
038 080415 11 1216.875 0.14072 
038 080415 12 3268.325 0.10986 
038 080420 4 2943.600 0.10411 
038 080420 6 2123.075 0.14990 
038 080420 6 2174.575 0.14824 
038 080420 6 3367.750 0.15105 
038 080420 7  5.225 0.12154 
038 080420 7 21.825 0.20605 
038 080420 7 33.175 0.13792 
038 080420 7 92.650 0.17336 
038 080420 7 207.050 0.10892 
038 080420 7 312.100 0.14653 
038 080420 7 325.325 0.16549 
038 080420 7 332.050 0.09901 
038 080420 7 340.175 0.20426 
038 080420 7 408.275 0.19051 
038 080420 7 414.425 0.14788 
038 080420 7 483.650 0.18623 
038 080420 7 500.925 0.18601 
038 080420 7 569.475 0.18766 
038 080420 7 588.150 0.12482 
038 080420 7 624.625 0.17754 
038 080420 7 661.050 0.10576 
038 080420 7 679.025 0.13717 
038 080420 7 680.800 0.13222 
038 080420 7 683.200 0.10917 
038 080420 7 707.025 0.12703 
038 080420 7 834.850 0.15718 
038 080420 7 872.225 0.14298 
038 080420 7 881.950 0.15554 
038 080420 7 888.500 0.12804 
038 080420 7 898.600 0.20297 
038 080420 7 957.275 0.11268 
038 080420 7 977.200 0.13833 
038 080420 7 1193.900 0.09894 
038 080420 7 1203.800 0.09879 
038 080420 7 1211.325 0.13196 
038 080420 7 1546.200 0.14287 
038 080420 7 1548.925 0.12454 
038 080420 7 1568.275 0.10702 
038 080420 7 1622.925 0.09906 
038 080420 7 1639.175 0.10373 
038 080420 7 2454.525 0.14224 
038 080420 10 862.825 0.12781 
038 080420 10 877.375 0.14101 
038 080420 10 1088.750 0.13256 
038 080420 10 1164.475 0.12935 
038 080420 10 1224.100 0.10292 
038 080421 5 3487.775 0.10138 
038 080421 7 903.125 0.09443 
038 080422 9 1108.450 0.09725 
