KSXB ME01 YBH  ME03 KRMB ME04 ME09 ME13 KHBB ME27  
Threshhold: 8 
056 080421 13 1514.800 0.14112 
056 080421 13 1683.225 0.15485 
056 080421 13 1790.375 0.18368 
056 080421 13 2595.125 0.13370 
056 080421 13 2961.850 0.11755 
056 080421 13 3048.850 0.17581 
056 080421 13 3276.775 0.14421 
056 080421 13 3288.650 0.11427 
056 080421 14 2076.375 0.12219 
056 080421 14 2134.150 0.13083 
056 080421 14 2175.800 0.19045 
056 080421 14 2204.075 0.11462 
056 080421 14 2389.650 0.11512 
056 080421 14 2391.650 0.15747 
056 080421 14 2416.175 0.17277 
056 080421 14 2420.900 0.13949 
056 080421 14 2427.150 0.14705 
056 080421 14 2428.400 0.10967 
056 080421 14 2528.775 0.14770 
056 080421 14 2535.575 0.10661 
056 080421 14 2547.325 0.10990 
056 080421 14 2555.350 0.11974 
056 080421 14 2595.175 0.12857 
056 080421 14 2600.150 0.22596 
056 080421 14 2715.625 0.13211 
056 080421 14 2795.725 0.12057 
056 080421 14 2826.950 0.16831 
056 080421 14 2844.650 0.21545 
056 080421 14 2861.250 0.15760 
056 080421 14 2868.475 0.11644 
056 080421 14 2871.125 0.17843 
056 080421 14 2977.850 0.15438 
056 080421 14 3040.150 0.13404 
056 080421 14 3117.225 0.18933 
056 080421 14 3169.850 0.10389 
056 080421 14 3191.525 0.17723 
056 080421 14 3198.975 0.10333 
056 080421 14 3208.525 0.16105 
056 080421 14 3213.400 0.19433 
056 080421 14 3239.350 0.10358 
056 080421 14 3264.250 0.17289 
056 080421 14 3267.575 0.11180 
056 080421 14 3411.250 0.13386 
056 080421 14 3433.425 0.15176 
056 080421 14 3503.675 0.13103 
056 080421 14 3521.625 0.13173 
056 080421 14 3531.075 0.12130 
056 080421 14 3547.200 0.14468 
056 080421 15 75.550 0.11687 
056 080421 15 292.050 0.13721 
056 080421 15 364.525 0.12547 
056 080421 15 376.975 0.18383 
056 080421 15 430.900 0.11088 
056 080421 15 875.650 0.14987 
056 080421 15 898.700 0.13367 
056 080421 15 912.025 0.10720 
056 080421 15 934.525 0.10759 
056 080421 15 936.425 0.10490 
056 080421 15 938.450 0.11358 
056 080421 15 952.200 0.15913 
056 080421 15 961.025 0.11106 
056 080421 15 973.875 0.11941 
056 080421 15 988.900 0.11098 
056 080421 15 991.500 0.15563 
056 080421 15 992.850 0.13434 
056 080421 15 1016.675 0.10802 
056 080421 15 1017.750 0.15365 
056 080421 15 1026.900 0.13420 
056 080421 15 1059.750 0.10723 
056 080421 15 1061.000 0.12113 
056 080421 15 2914.375 0.15400 
056 080421 15 2983.100 0.16370 
056 080421 16 2996.275 0.12140 
056 080421 16 3199.950 0.20338 
056 080421 16 3210.225 0.15406 
056 080421 16 3245.250 0.12314 
056 080421 16 3266.375 0.12505 
056 080421 16 3281.300 0.18835 
056 080421 16 3293.700 0.23011 
056 080421 16 3304.825 0.11414 
056 080421 16 3325.050 0.14582 
056 080421 16 3341.500 0.14757 
056 080421 16 3385.575 0.13560 
056 080421 16 3402.625 0.14190 
056 080421 16 3409.400 0.12499 
056 080421 16 3424.375 0.10372 
056 080421 17 22.475 0.19590 
056 080421 17 35.100 0.12337 
056 080421 17 57.475 0.14098 
056 080421 17 59.300 0.15664 
056 080421 17 61.850 0.10297 
056 080421 17 71.625 0.11178 
056 080421 17 127.475 0.14701 
056 080421 17 138.850 0.14185 
056 080421 17 239.200 0.10733 
056 080421 17 384.950 0.16813 
056 080421 17 410.775 0.11285 
056 080421 17 464.925 0.11186 
056 080421 17 474.525 0.14123 
056 080421 17 495.775 0.20574 
056 080421 17 500.675 0.14432 
056 080421 17 506.925 0.18599 
056 080421 17 517.000 0.14567 
056 080421 17 565.400 0.15470 
056 080421 17 613.150 0.19697 
056 080421 17 615.100 0.14412 
056 080421 17 1712.500 0.11905 
056 080421 17 1794.475 0.10545 
056 080421 17 2924.675 0.11960 
056 080421 17 3047.075 0.20340 
056 080421 17 3115.475 0.14441 
056 080421 17 3172.000 0.13112 
056 080421 17 3231.225 0.14597 
056 080421 17 3268.975 0.16339 
056 080421 17 3301.000 0.41823 
056 080421 17 3382.550 0.10680 
056 080421 19 1609.675 0.15675 
056 080421 19 1706.300 0.11646 
056 080421 21  9.700 0.11104 
056 080421 22 1419.350 0.11060 
056 080421 23 1309.725 0.10412 
056 080421 23 1399.300 0.14080 
056 080421 23 1507.100 0.13169 
056 080421 23 1518.650 0.14208 
056 080421 23 1555.025 0.18686 
056 080421 23 1617.525 0.19273 
056 080421 23 1625.850 0.14688 
056 080421 23 1650.025 0.23561 
056 080421 23 1665.725 0.10382 
056 080421 23 1710.450 0.14301 
056 080421 23 1726.725 0.12747 
056 080421 23 1857.500 0.13169 
056 080421 23 1872.475 0.12454 
056 080422 2 176.600 0.15106 
056 080422 2 322.225 0.12909 
056 080422 2 331.525 0.17673 
056 080422 2 345.200 0.17585 
056 080422 2 360.025 0.12660 
056 080422 2 410.700 0.16538 
056 080422 2 516.400 0.22702 
056 080422 2 518.225 0.11583 
056 080422 2 577.600 0.18183 
056 080422 2 581.625 0.15898 
056 080422 2 597.050 0.11091 
056 080422 2 708.575 0.16463 
056 080422 2 714.450 0.16712 
056 080422 2 892.575 0.15398 
056 080422 2 897.800 0.18818 
056 080422 2 911.475 0.14423 
056 080422 2 922.925 0.16431 
056 080422 2 950.300 0.16968 
056 080422 2 1018.775 0.17416 
056 080422 2 1021.350 0.18603 
056 080422 2 1024.400 0.18898 
056 080422 2 1143.275 0.13262 
056 080422 2 1172.075 0.11634 
056 080422 2 1181.325 0.19236 
056 080422 4 703.050 0.10844 
056 080422 4 704.625 0.10962 
056 080422 4 944.625 0.11326 
056 080422 4 1210.800 0.11574 
056 080422 4 1345.625 0.17735 
056 080422 4 1347.225 0.12834 
056 080422 4 1357.750 0.11925 
056 080422 4 1416.025 0.11031 
056 080422 4 1459.500 0.11896 
056 080422 4 1579.850 0.16222 
056 080422 4 1607.600 0.14877 
056 080422 4 1616.125 0.15051 
056 080422 4 1623.725 0.12294 
056 080422 4 2280.375 0.13124 
056 080422 4 3142.100 0.13812 
056 080422 4 3163.675 0.19753 
056 080422 4 3189.300 0.17643 
056 080422 4 3195.950 0.12226 
056 080422 4 3222.925 0.12921 
056 080422 4 3250.750 0.14169 
056 080422 5 205.450 0.12428 
056 080422 5 295.675 0.11047 
056 080422 5 396.825 0.11811 
056 080422 5 867.225 0.11098 
056 080422 10 1756.700 0.12986 
056 080422 12 224.925 0.13467 
056 080422 12 2512.650 0.13130 
056 080422 12 2564.300 0.15373 
056 080422 12 2643.050 0.16639 
056 080422 12 3312.050 0.11260 
056 080422 12 3470.375 0.10874 
056 080422 12 3519.150 0.11725 
056 080422 12 3551.025 0.20860 
056 080422 12 3592.850 0.15682 
056 080422 13 60.050 0.11338 
056 080422 13 70.325 0.29137 
056 080422 13 163.800 0.17642 
056 080422 13 293.200 0.12543 
056 080423 2 1713.875 0.11323 
056 080423 3 1228.275 0.11713 
056 080423 3 1810.450 0.13232 
056 080423 3 2389.125 0.13268 
056 080423 3 2710.800 0.14456 
056 080423 3 2971.550 0.11349 
056 080423 3 3028.800 0.12841 
056 080423 3 3043.950 0.13627 
056 080423 3 3047.900 0.10770 
056 080423 3 3086.250 0.13758 
056 080423 3 3121.250 0.16205 
056 080423 3 3440.500 0.11465 
056 080423 3 3449.725 0.10776 
056 080423 3 3456.975 0.11249 
056 080423 3 3492.675 0.15963 
056 080423 4 17.975 0.14428 
056 080423 4 22.625 0.11199 
056 080423 4 26.300 0.13060 
056 080423 4 54.025 0.12164 
056 080423 4 57.250 0.25370 
056 080423 4 356.125 0.13738 
056 080423 4 375.950 0.15190 
056 080423 4 1242.400 0.11497 
056 080423 4 1660.750 0.10906 
056 080423 4 2589.000 0.14121 
056 080423 4 2718.225 0.12020 
056 080423 4 2721.725 0.20556 
056 080423 4 2739.700 0.11813 
056 080423 4 2803.550 0.16389 
056 080423 4 2941.475 0.11429 
056 080423 5 148.950 0.11705 
056 080423 15 2116.650 0.11075 
