ME04 ME29 ME09 ME10 ME30 ME13 KHBB WDC  ME27 ME24 ME28 ME08 ME26 ME12  
Threshhold: 8 
007 080408 4 2639.650 0.18605 
007 080408 4 2642.225 0.23858 
007 080408 4 2968.150 0.13102 
007 080408 4 3152.400 0.15326 
007 080408 4 3170.850 0.19091 
007 080408 4 3173.475 0.12057 
007 080408 4 3352.400 0.16378 
007 080408 5 270.250 0.15237 
007 080408 5 272.825 0.16321 
007 080408 5 298.575 0.24925 
007 080408 5 301.200 0.36838 
007 080408 5 370.575 0.12427 
007 080408 5 417.250 0.15882 
007 080408 5 1133.400 0.14788 
007 080408 5 1159.050 0.11459 
007 080408 5 1306.800 0.10863 
007 080408 5 1311.850 0.14382 
007 080408 5 1319.200 0.15665 
007 080408 5 1323.450 0.14050 
007 080408 5 1333.975 0.19106 
007 080408 5 1336.600 0.19291 
007 080408 5 1971.100 0.12758 
007 080408 5 1973.100 0.18230 
007 080408 5 1975.750 0.14945 
007 080408 5 2265.500 0.12160 
007 080408 5 2512.125 0.10805 
007 080408 5 2518.725 0.18941 
007 080408 5 2567.175 0.10891 
007 080408 5 2569.650 0.17360 
007 080408 5 2597.900 0.13613 
007 080408 5 3171.800 0.13992 
007 080408 5 3200.250 0.14009 
007 080408 6 553.800 0.16502 
007 080408 6 555.325 0.14462 
007 080408 6 1575.175 0.10888 
007 080408 6 1601.850 0.18960 
007 080408 6 1617.550 0.15236 
007 080408 6 1620.175 0.24556 
007 080408 6 1733.375 0.15548 
007 080408 7 2401.000 0.16554 
007 080408 7 3466.225 0.12367 
007 080408 7 3484.800 0.21253 
007 080408 7 3487.400 0.23634 
007 080408 8 297.800 0.15840 
007 080408 8 300.375 0.22897 
007 080408 8 303.000 0.15125 
007 080408 8 307.100 0.16539 
007 080408 8 308.275 0.13190 
007 080408 8 309.725 0.20025 
007 080408 8 320.625 0.15648 
007 080408 8 323.675 0.11639 
007 080408 8 335.025 0.15084 
007 080408 8 337.625 0.18751 
007 080408 8 347.375 0.15834 
007 080408 8 350.000 0.43078 
007 080408 8 352.600 0.22526 
007 080408 8 367.950 0.10802 
007 080408 8 748.350 0.13799 
007 080408 8 856.525 0.22386 
007 080408 8 864.825 0.14778 
007 080408 8 890.150 0.13266 
007 080408 8 993.800 0.11045 
007 080408 8 996.375 0.18824 
007 080408 8 998.900 0.17811 
007 080408 8 1005.450 0.20869 
007 080408 8 3309.350 0.13905 
007 080408 8 3343.875 0.17808 
007 080408 8 3482.825 0.13875 
007 080408 8 3485.450 0.12663 
007 080408 15 885.975 0.22517 
007 080408 15 888.550 0.11595 
007 080408 15 928.000 0.14843 
007 080408 15 930.525 0.15388 
007 080408 15 946.600 0.11843 
007 080408 15 954.625 0.17271 
007 080408 15 957.925 0.16737 
007 080408 15 987.775 0.20545 
007 080408 15 990.350 0.24721 
007 080408 15 1004.650 0.15608 
007 080408 15 1007.875 0.18608 
007 080408 15 1019.600 0.20351 
007 080408 15 1022.225 0.11318 
007 080408 15 1039.000 0.14003 
007 080408 15 1049.275 0.23364 
007 080408 15 1061.025 0.19540 
007 080408 15 1063.675 0.17558 
007 080408 15 1092.550 0.14837 
007 080408 15 1310.950 0.15610 
007 080408 15 1318.025 0.14295 
007 080408 15 1330.275 0.12376 
007 080408 15 1332.175 0.25240 
007 080408 15 1336.125 0.24271 
007 080408 15 1703.775 0.15438 
007 080408 15 1730.650 0.14025 
007 080408 15 1735.675 0.11709 
007 080408 15 1737.500 0.15724 
007 080408 15 1740.025 0.12051 
007 080408 15 1773.400 0.14722 
007 080408 15 2204.125 0.12872 
007 080408 15 2209.200 0.13206 
007 080408 15 2211.775 0.13776 
007 080408 15 2220.525 0.16834 
007 080408 16 2308.825 0.17798 
007 080408 16 2311.475 0.16029 
007 080408 16 2367.250 0.10876 
007 080408 16 2370.550 0.14266 
007 080408 16 3272.025 0.10840 
007 080408 16 3365.325 0.12068 
007 080408 22 834.975 0.14453 
