ME01 YBH  ME02 ME04 ME29 ME09 ME10 ME30 ME13 KHBB WDC  ME27 ME24 ME28 ME08 ME26 ME12  
Threshhold: 8 
036 080413 6 387.950 0.09382 
036 080413 11 832.175 0.11084 
036 080413 11 2315.200 0.12123 
036 080413 11 3298.700 0.09525 
036 080413 11 3305.100 0.10093 
036 080413 12 1263.950 0.10744 
036 080413 12 1274.175 0.09369 
036 080413 12 1475.000 0.12586 
036 080413 12 1478.575 0.10824 
036 080413 13 1180.800 0.14341 
036 080413 13 1243.600 0.11696 
036 080413 13 1248.725 0.13765 
036 080413 13 1798.250 0.11694 
036 080413 13 1884.850 0.10228 
036 080413 13 2274.725 0.08726 
036 080413 14 1001.025 0.09694 
036 080413 14 1127.250 0.16727 
036 080413 14 1149.200 0.13380 
036 080413 14 1159.950 0.13365 
036 080413 14 1392.350 0.17753 
036 080413 14 1399.625 0.12872 
036 080413 15 228.550 0.10763 
036 080413 15 279.675 0.08814 
036 080413 15 412.450 0.14094 
036 080413 15 439.150 0.13056 
036 080413 15 1030.700 0.13910 
036 080413 15 1042.950 0.10253 
036 080413 16 3330.700 0.10764 
036 080413 16 3333.975 0.09176 
036 080413 16 3421.125 0.08882 
036 080413 16 3548.800 0.10907 
036 080413 16 3577.700 0.19759 
036 080413 17 1994.925 0.10270 
036 080413 17 2018.175 0.12598 
036 080413 17 2022.475 0.23213 
036 080413 17 2064.650 0.13582 
036 080413 17 2204.000 0.16919 
036 080413 17 2205.575 0.14892 
036 080413 17 2208.850 0.15368 
036 080413 18 195.800 0.10099 
036 080413 18 482.375 0.10759 
036 080413 18 491.300 0.12674 
036 080413 18 498.675 0.09010 
036 080413 18 550.975 0.11762 
036 080413 18 694.650 0.24861 
036 080413 19 677.025 0.11944 
036 080413 20 211.900 0.14554 
036 080413 20 228.875 0.14072 
036 080413 20 230.425 0.09852 
036 080413 20 1616.075 0.11711 
036 080413 20 1636.775 0.09974 
036 080413 20 1658.100 0.11429 
036 080413 20 1662.050 0.12832 
036 080413 20 1694.775 0.11478 
036 080413 20 1720.000 0.09882 
036 080413 20 1941.425 0.17466 
036 080413 20 1996.025 0.08789 
036 080413 20 2054.475 0.08787 
036 080413 20 2059.725 0.15712 
036 080413 20 2070.025 0.23242 
036 080413 21 734.700 0.12126 
036 080413 21 787.225 0.11947 
036 080413 21 798.125 0.09036 
036 080413 21 877.500 0.12892 
036 080413 22 1025.200 0.12409 
036 080413 22 1027.275 0.11063 
036 080413 22 1233.600 0.09124 
036 080413 22 1285.100 0.14445 
036 080413 22 1317.375 0.12642 
036 080413 22 2256.550 0.27519 
036 080413 22 2262.025 0.12527 
036 080413 22 2270.025 0.23842 
036 080413 22 2502.000 0.12318 
036 080413 23 1294.475 0.18226 
036 080413 23 1371.625 0.13610 
036 080413 23 1380.800 0.18894 
036 080413 23 1664.800 0.15294 
036 080413 23 1671.200 0.11351 
036 080413 23 1679.550 0.14695 
036 080413 23 2895.550 0.14556 
036 080413 23 2899.975 0.11613 
036 080413 24 616.250 0.12746 
036 080413 24 635.075 0.14472 
036 080413 24 652.000 0.17158 
036 080413 24 675.925 0.12672 
036 080413 24 707.325 0.22725 
036 080413 24 743.250 0.16896 
036 080413 24 1230.950 0.12062 
036 080413 24 1257.375 0.10821 
036 080413 24 1260.725 0.16901 
036 080413 24 2828.650 0.11533 
036 080413 24 2844.325 0.14167 
036 080413 24 2848.275 0.14210 
036 080413 24 2855.375 0.12675 
036 080413 24 2872.200 0.19250 
036 080413 24 2974.150 0.10572 
036 080413 24 2981.550 0.12847 
036 080414 2 465.600 0.15344 
036 080414 3 1249.950 0.11960 
036 080414 3 1252.900 0.20617 
036 080414 3 1281.000 0.11780 
036 080414 3 1293.625 0.14421 
036 080414 3 1318.350 0.20509 
036 080414 3 1408.625 0.15714 
036 080414 3 1449.900 0.12364 
036 080414 3 1451.650 0.13307 
036 080414 3 1510.975 0.09872 
036 080414 3 1513.400 0.20456 
036 080414 3 1515.550 0.11120 
036 080414 3 1617.150 0.12944 
036 080414 3 1646.875 0.11453 
036 080414 3 1656.300 0.11740 
036 080414 3 1664.325 0.15963 
036 080414 3 2110.775 0.11713 
036 080414 3 2131.850 0.09313 
036 080414 4 3348.425 0.09022 
036 080414 4 3349.775 0.19464 
036 080414 4 3372.675 0.15521 
036 080414 4 3374.025 0.10329 
036 080414 5 3212.075 0.14787 
036 080414 5 3246.875 0.12576 
036 080414 8 2731.725 0.10781 
036 080414 8 2746.075 0.13466 
036 080414 8 2767.000 0.14967 
036 080414 8 2778.175 0.09410 
036 080414 8 2780.350 0.17449 
036 080414 8 2830.150 0.09183 
036 080414 8 2831.450 0.10996 
036 080414 8 2865.625 0.10457 
036 080414 8 2899.125 0.15303 
036 080414 8 3000.350 0.19237 
036 080414 8 3002.075 0.14396 
036 080414 8 3006.000 0.09867 
036 080414 8 3251.425 0.12222 
036 080414 8 3261.475 0.09322 
036 080414 8 3387.375 0.10423 
036 080414 8 3388.650 0.22331 
036 080414 8 3418.300 0.12927 
036 080414 8 3419.625 0.25498 
036 080414 9 467.550 0.11233 
036 080414 9 477.850 0.12300 
036 080414 9 478.975 0.17392 
036 080414 9 725.150 0.10631 
036 080414 9 997.200 0.17621 
036 080414 9 1018.225 0.14643 
036 080414 11 1045.000 0.11381 
036 080414 11 1061.000 0.08685 
036 080414 11 1205.250 0.18076 
036 080414 11 1353.325 0.17024 
036 080414 11 1357.150 0.17416 
036 080414 12 133.975 0.10721 
036 080414 12 217.700 0.10213 
036 080414 12 330.150 0.16205 
036 080414 12 870.050 0.13289 
036 080414 12 883.075 0.11201 
036 080414 12 915.200 0.19039 
036 080414 12 917.100 0.10189 
036 080414 12 1043.375 0.13130 
036 080414 12 1111.775 0.10297 
036 080414 12 1113.475 0.13344 
036 080414 12 1115.000 0.22602 
036 080414 12 2592.125 0.09400 
036 080414 19 1945.175 0.13101 
036 080414 19 1964.325 0.16726 
036 080414 19 1995.800 0.10674 
036 080414 19 2283.275 0.14026 
036 080414 19 2897.225 0.10312 
036 080414 19 2904.300 0.13115 
036 080414 19 2968.475 0.11981 
036 080414 19 2987.875 0.12239 
036 080414 20 2052.250 0.09317 
036 080414 20 2150.025 0.10799 
036 080414 20 2151.575 0.15205 
036 080414 20 2202.950 0.10632 
036 080415 1 1812.800 0.16674 
036 080415 1 1830.925 0.09663 
036 080415 10 730.250 0.11195 
036 080415 10 951.100 0.14541 
036 080415 10 1061.725 0.13404 
036 080415 10 1066.100 0.11093 
036 080415 10 1940.550 0.13075 
036 080415 10 3431.600 0.18639 
036 080415 10 3440.400 0.17573 
036 080415 10 3442.650 0.12256 
036 080415 10 3445.925 0.19529 
036 080415 10 3543.125 0.12299 
036 080415 12 121.250 0.18776 
036 080415 13 1579.850 0.09992 
036 080415 13 3541.050 0.09992 
036 080415 13 3553.875 0.19381 
036 080415 13 3572.775 0.10104 
036 080415 14 34.550 0.14044 
036 080415 14 41.700 0.11203 
036 080415 14 492.200 0.10006 
036 080415 14 536.600 0.14947 
036 080415 14 537.700 0.08975 
036 080415 14 2740.550 0.09103 
036 080415 14 3104.425 0.11098 
036 080415 14 3251.800 0.11826 
036 080415 14 3254.775 0.09212 
