ME04 ME29 ME09 ME10 ME30 ME13 KHBB WDC  ME27  
Threshhold: 8 
028 080420 1 1395.875 0.13786 
028 080420 3 1310.575 0.18377 
028 080420 5 3488.650 0.13102 
028 080420 12 315.475 0.17074 
028 080420 12 629.000 0.23530 
028 080420 12 677.350 0.22740 
028 080420 12 680.025 0.18448 
028 080420 12 721.475 0.19099 
028 080420 12 730.050 0.12646 
028 080420 12 750.700 0.17827 
028 080420 12 753.825 0.18676 
028 080420 12 802.275 0.22976 
028 080420 12 979.125 0.21791 
028 080420 12 1063.100 0.19006 
028 080420 12 1521.300 0.21002 
028 080420 12 1525.675 0.17960 
028 080420 12 1617.125 0.12971 
028 080420 12 1622.000 0.41383 
028 080420 13 1971.075 0.20050 
028 080420 13 3551.175 0.12290 
028 080420 22 3482.125 0.17866 
028 080421 4 1413.600 0.12090 
028 080421 4 1436.375 0.12278 
028 080421 4 1502.725 0.18066 
028 080421 4 1580.275 0.16812 
028 080421 4 2076.425 0.12099 
028 080421 5 516.075 0.19644 
028 080421 5 2418.775 0.17524 
028 080421 7 1193.225 0.14485 
028 080421 7 1885.175 0.15831 
028 080421 14 459.800 0.16251 
028 080421 16 3292.900 0.16268 
028 080421 16 3447.050 0.14030 
028 080421 17 71.375 0.16390 
028 080421 18 3251.500 0.14844 
028 080421 20 2213.525 0.18464 
028 080421 20 2328.175 0.13822 
028 080421 20 2329.750 0.12592 
028 080421 21 101.100 0.19642 
028 080421 21 108.350 0.15013 
028 080421 23 930.075 0.11804 
028 080422 11 2441.650 0.16515 
028 080422 12 985.775 0.17926 
028 080422 12 1004.675 0.13505 
028 080422 13 103.500 0.11701 
028 080422 14 1707.375 0.15620 
028 080422 14 2135.500 0.17248 
028 080422 14 2859.825 0.23465 
028 080422 14 2998.800 0.20003 
028 080422 14 3568.575 0.15810 
028 080423 4 1273.550 0.15561 
028 080423 4 2368.500 0.18754 
028 080423 4 2438.225 0.17016 
028 080423 4 2453.400 0.19268 
028 080423 4 2619.525 0.16475 
028 080423 6 1006.650 0.11641 
028 080423 6 1063.225 0.24010 
028 080423 6 1142.150 0.22860 
028 080423 6 1144.375 0.12978 
028 080423 6 1146.550 0.25913 
028 080423 6 1592.300 0.18436 
028 080423 6 1673.900 0.16006 
028 080423 6 2206.575 0.12230 
028 080423 6 2211.850 0.12071 
028 080423 6 2227.325 0.18675 
028 080423 6 2253.100 0.11850 
028 080423 8 436.625 0.15375 
