ME01 YBH  ME04 ME29 ME09 ME10 ME30 ME13 KHBB WDC  ME27 ME24 ME28 ME08 ME12  
Threshhold: 8 
058 080412 1 2948.250 0.09611 
058 080412 5 1783.825 0.10263 
058 080412 11 1599.825 0.09246 
058 080412 13 2388.975 0.09164 
058 080412 21 2790.600 0.10475 
058 080413 6 3384.325 0.12638 
058 080413 7 381.200 0.09803 
058 080413 7 476.150 0.14772 
058 080413 7 490.925 0.13232 
058 080413 7 493.575 0.12473 
058 080413 7 622.650 0.11914 
058 080413 7 656.900 0.15107 
058 080413 7 1000.900 0.10414 
058 080413 7 1016.925 0.15695 
058 080413 7 1034.450 0.15683 
058 080413 7 1411.225 0.12300 
058 080413 7 1456.575 0.10990 
058 080413 7 1459.275 0.15997 
058 080413 7 1582.900 0.15061 
058 080413 7 1663.025 0.11804 
058 080413 7 1688.625 0.12935 
058 080413 7 2825.250 0.14893 
058 080413 7 2900.550 0.11622 
058 080413 7 2903.850 0.14814 
058 080413 7 2906.100 0.12025 
058 080413 7 2925.225 0.11796 
058 080413 7 2929.950 0.17294 
058 080413 8 197.125 0.10092 
058 080413 8 260.175 0.13849 
058 080413 8 263.650 0.17821 
058 080413 8 294.150 0.20380 
058 080413 8 707.725 0.12088 
058 080413 8 747.300 0.13938 
058 080413 8 780.950 0.10930 
058 080413 8 784.450 0.15483 
058 080413 8 795.750 0.15450 
058 080413 8 803.000 0.13162 
058 080413 8 2018.800 0.14225 
058 080413 8 2052.300 0.13188 
058 080413 8 2114.075 0.10233 
058 080413 8 2155.450 0.12646 
058 080413 8 2168.300 0.10700 
058 080413 8 3308.450 0.13204 
058 080413 8 3409.925 0.09978 
058 080413 8 3424.075 0.14928 
058 080413 8 3432.575 0.12057 
058 080413 8 3517.025 0.14107 
058 080413 9 618.800 0.15756 
058 080413 9 709.700 0.12296 
058 080413 9 711.650 0.17866 
058 080413 9 730.725 0.14455 
058 080413 9 1733.875 0.09978 
058 080413 9 1768.050 0.10908 
058 080413 10 394.750 0.10925 
058 080413 10 1521.825 0.14400 
058 080413 10 1524.675 0.13688 
058 080413 10 1597.650 0.12546 
058 080413 10 1671.825 0.13003 
058 080413 10 1679.700 0.15621 
058 080413 10 1725.075 0.12183 
058 080413 10 2680.300 0.11036 
058 080413 10 2781.300 0.17938 
058 080413 10 2858.400 0.18984 
058 080413 10 2863.075 0.16982 
058 080413 11 881.375 0.15485 
058 080413 11 901.200 0.12021 
058 080413 11 903.025 0.10518 
058 080413 11 946.750 0.29793 
058 080413 11 1012.425 0.14709 
058 080413 11 1022.400 0.13248 
058 080413 11 1032.675 0.09969 
058 080413 11 1035.275 0.15372 
058 080413 11 1181.700 0.11521 
058 080413 11 2786.850 0.13499 
058 080413 12 84.275 0.12695 
058 080413 12 90.375 0.15618 
058 080413 12 95.675 0.15603 
058 080413 12 119.525 0.18556 
058 080413 12 122.950 0.18266 
058 080413 12 131.925 0.12117 
058 080413 12 141.775 0.19138 
058 080413 12 156.075 0.10273 
058 080413 12 163.150 0.14284 
058 080413 12 246.400 0.11598 
058 080413 12 267.625 0.11525 
058 080413 12 269.625 0.16953 
058 080413 12 1411.875 0.11119 
058 080413 12 2276.200 0.12894 
058 080413 12 2344.950 0.10771 
058 080413 12 2393.150 0.10696 
058 080413 12 2400.575 0.15277 
058 080413 12 2467.375 0.13052 
058 080413 12 2476.200 0.13204 
058 080413 12 2486.325 0.15449 
058 080413 12 2506.275 0.11829 
058 080413 12 2665.250 0.14047 
058 080413 12 2667.400 0.19614 
058 080413 12 2677.650 0.14114 
058 080413 12 2718.700 0.13567 
058 080413 12 3434.525 0.16237 
058 080413 12 3462.500 0.10421 
058 080413 13 354.575 0.16036 
058 080413 13 357.250 0.10984 
058 080413 13 367.175 0.21084 
058 080413 13 373.150 0.16114 
058 080413 13 384.600 0.22085 
058 080413 13 406.825 0.23189 
058 080413 13 3412.100 0.15452 
058 080413 13 3414.050 0.13710 
058 080413 13 3457.850 0.14369 
058 080413 13 3502.250 0.16292 
058 080413 13 3513.550 0.10965 
058 080413 13 3547.075 0.13242 
058 080413 13 3551.200 0.16941 
058 080413 13 3562.050 0.19726 
058 080413 14  5.350 0.12693 
058 080413 14 10.950 0.31938 
058 080413 15 710.125 0.14909 
058 080413 15 842.800 0.11925 
058 080413 15 854.100 0.17366 
058 080413 15 967.425 0.13394 
058 080413 15 968.825 0.13287 
058 080413 15 979.950 0.12897 
058 080413 15 987.725 0.15417 
058 080413 15 989.375 0.12784 
058 080413 15 1042.950 0.13101 
058 080413 15 1052.925 0.13283 
058 080413 16 3232.000 0.13882 
058 080413 16 3253.550 0.15721 
058 080413 16 3260.450 0.11352 
058 080413 16 3339.575 0.12494 
058 080413 16 3342.025 0.17062 
058 080413 16 3390.000 0.30334 
058 080413 16 3394.925 0.13518 
058 080413 16 3529.725 0.17352 
058 080413 16 3576.250 0.17545 
058 080413 16 3580.000 0.22247 
058 080413 17  6.350 0.15551 
058 080413 17 23.725 0.34098 
058 080413 17 2275.425 0.13369 
058 080413 17 2343.750 0.26466 
058 080413 17 2393.650 0.13553 
058 080413 17 2448.050 0.18765 
058 080413 17 2492.600 0.13095 
058 080413 17 2499.675 0.16426 
058 080413 17 2506.925 0.11853 
058 080413 17 2514.925 0.13342 
058 080413 17 2553.475 0.11806 
058 080413 17 2557.775 0.11833 
058 080413 17 2781.550 0.13409 
058 080413 17 2783.550 0.11872 
058 080413 17 2785.425 0.19032 
058 080413 17 2798.550 0.15227 
058 080413 17 3512.225 0.14206 
058 080413 17 3518.200 0.15749 
058 080413 20 1547.175 0.14300 
058 080413 20 1554.550 0.11154 
058 080413 20 1595.425 0.18724 
058 080413 20 1609.325 0.09938 
058 080413 20 1628.975 0.11785 
058 080413 20 1630.925 0.12660 
058 080413 20 2157.275 0.14953 
058 080413 22 2478.775 0.14150 
058 080413 22 2503.100 0.16073 
058 080413 22 2529.750 0.12500 
058 080413 22 2793.825 0.12368 
058 080413 23 1353.350 0.14535 
058 080413 23 1401.000 0.13103 
058 080413 23 1595.100 0.11664 
058 080413 23 1597.025 0.13084 
058 080413 23 1599.925 0.11255 
058 080414 3 25.500 0.10855 
058 080414 9 1264.975 0.15569 
058 080414 9 1271.975 0.11319 
058 080414 9 1283.675 0.13564 
058 080414 9 1285.625 0.11708 
058 080414 9 1303.200 0.16137 
058 080414 9 1313.450 0.09788 
058 080414 9 1320.425 0.11433 
058 080414 9 1321.900 0.11673 
058 080414 9 1340.925 0.10842 
058 080414 9 1365.675 0.09709 
058 080414 9 1400.750 0.12129 
058 080414 9 1462.775 0.13467 
058 080414 9 1517.950 0.18124 
058 080414 9 1523.375 0.17980 
058 080414 9 1526.100 0.14255 
058 080414 9 1550.800 0.11721 
058 080414 9 1585.000 0.18323 
058 080414 11 418.775 0.12350 
058 080414 11 2993.950 0.11947 
058 080414 11 3145.350 0.11055 
058 080414 11 3150.575 0.14077 
058 080414 12 13.925 0.17435 
058 080414 12 86.300 0.13227 
058 080414 12 131.025 0.12579 
058 080414 12 136.575 0.15792 
058 080415 4 629.700 0.10921 
058 080415 8 2755.425 0.11199 
058 080415 14 3476.375 0.10319 
058 080415 14 3596.825 0.11895 
058 080415 15 404.550 0.18660 
058 080416 24 611.325 0.09925 
