WDC  ME04 ME09 ME10 ME30 KHBB ME04 ME02 ME27 ME29 YBH  ME28 ME12 ME24 ME26  
Threshhold: 8 
054 080415 11 3137.125 0.11917 
054 080415 12 2310.625 0.10484 
054 080415 14 2760.400 0.17924 
054 080415 14 3016.025 0.17556 
054 080415 14 3044.100 0.10348 
054 080415 14 3101.350 0.17532 
054 080415 14 3457.350 0.10598 
054 080415 15 812.200 0.16778 
054 080415 15 850.900 0.15944 
054 080415 15 1192.100 0.10914 
054 080415 15 1196.050 0.20140 
054 080415 15 1297.275 0.11426 
054 080415 15 1715.625 0.15985 
054 080415 15 2089.875 0.13476 
054 080415 15 2197.775 0.13289 
054 080415 16 166.725 0.12731 
054 080415 16 188.350 0.14658 
054 080415 16 199.300 0.15136 
054 080415 16 244.800 0.14008 
054 080415 16 263.000 0.20832 
054 080415 16 267.725 0.14223 
054 080415 16 292.400 0.13767 
054 080415 16 341.075 0.17692 
054 080415 16 365.875 0.10818 
054 080415 16 369.725 0.16570 
054 080415 16 423.225 0.11937 
054 080415 16 426.000 0.12125 
054 080415 16 431.100 0.11928 
054 080415 16 3263.500 0.13914 
054 080415 16 3300.000 0.10465 
054 080415 16 3304.500 0.16376 
054 080415 19 1340.125 0.10092 
054 080415 19 1455.875 0.13456 
054 080415 19 1459.150 0.12318 
054 080415 19 1499.575 0.11805 
054 080415 19 1556.550 0.19870 
054 080415 19 1568.625 0.17608 
054 080415 19 1617.325 0.25775 
054 080415 19 1619.775 0.11758 
054 080415 19 1629.850 0.20950 
054 080415 19 1632.250 0.10082 
054 080415 19 1719.050 0.13558 
054 080415 19 1767.000 0.14881 
054 080415 19 1776.100 0.14214 
054 080415 19 1783.600 0.20520 
054 080415 19 1862.475 0.09960 
054 080415 19 1868.075 0.15826 
054 080415 19 1946.275 0.14691 
054 080415 19 1950.975 0.15349 
054 080415 19 1961.525 0.15032 
054 080415 19 2051.100 0.15398 
054 080415 19 2148.725 0.09972 
054 080415 19 2172.375 0.16258 
054 080416 7 226.650 0.15874 
054 080416 13 1796.250 0.13014 
054 080416 13 2618.750 0.11181 
054 080416 14 485.625 0.12762 
054 080416 14 3202.625 0.10699 
054 080416 15 617.200 0.15126 
054 080416 15 621.700 0.11261 
054 080416 15 1308.700 0.10675 
054 080416 15 1393.950 0.10122 
054 080416 15 3070.000 0.13931 
054 080416 21 2500.700 0.10791 
054 080417 16 1497.200 0.16151 
054 080417 16 1597.800 0.12066 
054 080417 16 1679.500 0.15974 
054 080417 16 1864.000 0.10595 
054 080417 16 1909.775 0.10617 
054 080417 16 1927.150 0.12859 
054 080417 16 1942.025 0.21215 
054 080417 16 2069.825 0.11220 
054 080417 16 2097.575 0.24521 
054 080417 16 2116.225 0.14436 
054 080417 16 2130.350 0.21643 
054 080417 16 2585.650 0.18349 
054 080417 16 2595.300 0.18446 
054 080417 16 2609.175 0.14298 
054 080417 16 2618.700 0.13341 
054 080417 16 2972.250 0.10476 
054 080417 17 50.350 0.11860 
054 080417 17 55.125 0.20297 
054 080417 17 83.925 0.20991 
054 080417 17 87.150 0.20704 
054 080417 17 112.325 0.14477 
054 080417 17 116.325 0.13752 
054 080417 17 131.425 0.15779 
054 080417 17 134.275 0.10807 
054 080417 17 237.300 0.13061 
054 080417 17 248.200 0.17782 
054 080417 17 264.725 0.12370 
054 080417 17 276.125 0.13399 
054 080417 17 278.525 0.15628 
054 080417 17 282.350 0.21895 
054 080417 17 772.425 0.12533 
054 080417 17 1259.625 0.10285 
054 080418 3 3588.975 0.11246 
054 080418 4 13.350 0.13680 
054 080418 4 1579.975 0.14388 
054 080418 4 2722.875 0.10503 
054 080418 4 2726.800 0.21138 
054 080418 4 2917.250 0.36974 
054 080418 4 2919.675 0.18148 
054 080418 7 3385.525 0.15628 
054 080418 7 3479.300 0.10630 
054 080419 1 691.225 0.12877 
054 080419 24 1505.275 0.10057 
054 080419 24 3016.475 0.10001 
054 080419 24 3039.900 0.16451 
054 080419 24 3136.350 0.16341 
054 080419 24 3147.650 0.11358 
054 080419 24 3150.000 0.27864 
054 080419 24 3266.850 0.20374 
054 080419 24 3273.350 0.10574 
054 080419 24 3470.075 0.10343 
054 080419 24 3473.275 0.13993 
054 080419 24 3510.000 0.22208 
054 080420 1 240.300 0.10223 
054 080420 1 260.475 0.12190 
054 080420 1 301.325 0.17068 
054 080420 1 713.250 0.12359 
054 080420 1 723.975 0.14654 
054 080420 1 750.850 0.16029 
054 080420 1 764.225 0.10862 
054 080420 1 773.025 0.22791 
054 080420 1 2504.575 0.09969 
054 080420 1 2507.775 0.15831 
054 080420 1 2524.800 0.17932 
054 080420 1 2566.375 0.12042 
054 080420 1 2573.975 0.11538 
054 080420 1 2643.900 0.16626 
054 080420 1 2656.300 0.10499 
054 080420 1 2711.725 0.16708 
054 080420 1 2721.275 0.16368 
054 080420 1 2723.775 0.14313 
054 080420 1 2741.350 0.20551 
054 080420 1 2744.575 0.16718 
054 080420 1 2834.525 0.10784 
054 080420 1 2851.100 0.12456 
054 080420 1 2974.050 0.11049 
054 080420 1 3014.150 0.12288 
054 080420 2 2574.700 0.13076 
054 080420 2 2661.400 0.10295 
054 080420 2 3114.675 0.09980 
054 080420 2 3136.375 0.14225 
054 080420 2 3169.075 0.19855 
054 080420 2 3230.450 0.11246 
054 080420 3 2336.900 0.10041 
054 080420 5 1218.425 0.10080 
054 080420 5 1506.325 0.10789 
054 080420 5 1947.875 0.10111 
054 080420 5 2517.900 0.13928 
054 080420 5 2542.600 0.10469 
054 080420 5 2572.800 0.14324 
054 080420 5 2653.050 0.18063 
054 080420 5 2654.150 0.10399 
054 080420 5 2691.625 0.11516 
054 080420 5 2702.675 0.10439 
054 080420 5 2705.025 0.12732 
054 080420 5 2722.475 0.11280 
054 080420 5 2728.875 0.16674 
054 080420 5 2732.100 0.16165 
054 080420 5 2745.500 0.13628 
054 080420 5 2761.700 0.10472 
054 080420 5 2878.850 0.37565 
054 080420 5 2953.075 0.16519 
054 080422 4 1275.100 0.13455 
054 080422 12 2043.725 0.10773 
054 080422 16 2240.675 0.09874 
