KSXB ME01 YBH  ME03 ME02 KRMB B039 ME04 ME09 ME30 ME13 KHBB ME27  
Threshhold: 8 
003 080420 4 1315.125 0.09146 
003 080420 5 1775.775 0.12826 
003 080420 5 3364.075 0.12866 
003 080420 6 304.050 0.13456 
003 080420 6 315.250 0.08650 
003 080420 6 725.975 0.09113 
003 080420 6 1582.175 0.08704 
003 080420 8 2906.000 0.09242 
003 080420 11 1603.600 0.11084 
003 080420 12 672.325 0.09331 
003 080420 12 1078.325 0.09705 
003 080420 15 3150.450 0.08629 
003 080421 4 465.950 0.11597 
003 080421 6 669.050 0.10880 
003 080421 7 1726.175 0.12295 
003 080421 13 1259.925 0.16556 
003 080421 13 1308.675 0.10765 
003 080421 14 2084.500 0.13893 
003 080421 14 2375.075 0.15011 
003 080421 14 2399.725 0.12672 
003 080421 14 2574.425 0.10126 
003 080421 14 2576.825 0.12450 
003 080421 14 2584.125 0.15264 
003 080421 14 2853.450 0.12339 
003 080421 14 2880.300 0.13666 
003 080421 14 2883.700 0.17381 
003 080421 14 2952.500 0.12184 
003 080421 14 3041.025 0.15118 
003 080421 14 3050.850 0.11123 
003 080421 14 3092.000 0.12363 
003 080421 14 3126.875 0.19023 
003 080421 14 3175.350 0.15546 
003 080421 14 3200.750 0.09452 
003 080421 14 3202.800 0.10621 
003 080421 14 3235.175 0.10048 
003 080421 14 3304.600 0.16733 
003 080421 14 3361.775 0.09248 
003 080421 14 3442.650 0.16765 
003 080421 15 84.750 0.15521 
003 080421 15 101.350 0.11730 
003 080421 15 355.275 0.13216 
003 080421 15 362.525 0.14417 
003 080421 15 363.700 0.09387 
003 080421 15 386.200 0.23105 
003 080421 15 398.025 0.10554 
003 080421 15 654.050 0.14985 
003 080421 15 676.725 0.11960 
003 080421 15 876.850 0.09521 
003 080421 15 880.225 0.13367 
003 080421 15 906.775 0.09251 
003 080421 15 909.825 0.15170 
003 080421 15 912.950 0.08960 
003 080421 15 919.225 0.10302 
003 080421 15 946.550 0.14588 
003 080421 15 956.350 0.14305 
003 080421 15 961.950 0.14061 
003 080421 15 977.125 0.11791 
003 080421 15 986.575 0.08962 
003 080421 15 1000.200 0.09369 
003 080421 15 1006.550 0.12972 
003 080421 15 2825.875 0.13034 
003 080421 15 2867.250 0.15841 
003 080421 15 2923.100 0.13908 
003 080421 15 2946.075 0.08862 
003 080421 15 2987.275 0.09168 
003 080421 15 2992.275 0.15753 
003 080421 16 2807.625 0.11577 
003 080421 16 3141.375 0.14303 
003 080421 16 3144.425 0.11649 
003 080421 16 3171.525 0.11784 
003 080421 16 3172.700 0.09397 
003 080421 16 3195.575 0.11273 
003 080421 16 3216.100 0.09415 
003 080421 16 3218.950 0.12535 
003 080421 16 3231.725 0.10260 
003 080421 16 3273.650 0.10079 
003 080421 16 3274.725 0.11023 
003 080421 16 3302.875 0.24231 
003 080421 16 3419.500 0.13125 
003 080421 16 3477.850 0.08927 
003 080421 17 71.875 0.13037 
003 080421 17 151.450 0.17689 
003 080421 17 246.050 0.11899 
003 080421 17 472.925 0.12246 
003 080421 17 519.025 0.17580 
003 080421 17 520.725 0.09541 
003 080421 17 522.500 0.09542 
003 080421 17 526.675 0.14083 
003 080421 17 590.250 0.16947 
003 080421 17 593.300 0.13153 
003 080421 17 617.600 0.08849 
003 080421 17 621.200 0.18510 
003 080421 17 624.300 0.10191 
003 080421 17 922.975 0.12944 
003 080421 17 3310.175 0.09575 
003 080421 17 3313.575 0.16279 
003 080421 17 3392.225 0.18034 
003 080421 17 3455.325 0.14522 
003 080421 22 1470.300 0.09811 
003 080421 23 1490.050 0.09422 
003 080421 23 1560.000 0.09815 
003 080421 23 1634.575 0.16104 
003 080421 23 1676.950 0.10046 
003 080421 23 1694.300 0.11491 
003 080421 23 1730.425 0.10112 
003 080421 23 1735.950 0.09144 
003 080421 23 1770.575 0.11078 
003 080421 23 1788.225 0.08819 
003 080421 23 1845.775 0.10664 
003 080421 23 1848.500 0.09511 
003 080421 23 1850.475 0.16678 
003 080421 23 1861.700 0.13643 
003 080421 23 1879.575 0.15152 
003 080421 23 1882.575 0.17931 
003 080421 23 1933.175 0.11720 
003 080421 23 1967.475 0.11591 
003 080421 23 1998.450 0.12151 
003 080421 23 2003.125 0.19376 
003 080422 2 38.175 0.11016 
003 080422 2 103.475 0.09155 
003 080422 2 189.200 0.13379 
003 080422 2 266.700 0.13711 
003 080422 2 303.850 0.16213 
003 080422 2 404.325 0.13992 
003 080422 2 485.300 0.10097 
003 080422 2 524.075 0.09625 
003 080422 2 550.400 0.19451 
003 080422 2 551.875 0.12821 
003 080422 2 911.700 0.10691 
003 080422 2 917.450 0.12653 
003 080422 2 959.925 0.12676 
003 080422 2 983.800 0.12003 
003 080422 2 1028.325 0.16392 
003 080422 2 1030.550 0.19783 
003 080422 2 1034.550 0.17778 
003 080422 2 1047.850 0.19030 
003 080422 2 1086.550 0.09354 
003 080422 2 1190.550 0.09566 
003 080422 4 1043.700 0.10542 
003 080422 4 1190.625 0.12165 
003 080422 4 1223.900 0.14316 
003 080422 4 1241.850 0.12211 
003 080422 4 1245.000 0.12420 
003 080422 4 1292.400 0.20312 
003 080422 4 1338.700 0.15057 
003 080422 4 1620.775 0.09554 
003 080422 4 3175.850 0.09271 
003 080422 4 3182.525 0.12030 
003 080422 4 3211.200 0.15944 
003 080422 4 3228.100 0.09857 
003 080422 4 3260.475 0.16827 
003 080422 4 3271.200 0.20609 
003 080422 4 3273.075 0.14499 
003 080422 5 406.850 0.12687 
003 080422 5 1008.800 0.10445 
003 080422 8 746.150 0.09834 
003 080422 12 2652.250 0.12088 
003 080422 12 3519.725 0.10959 
003 080422 12 3525.650 0.13995 
003 080422 12 3561.700 0.10901 
003 080422 12 3564.025 0.19465 
003 080422 13 98.775 0.16283 
003 080422 13 120.000 0.24845 
003 080422 13 147.525 0.10589 
003 080422 13 509.750 0.17704 
003 080422 13 1111.375 0.09914 
003 080422 24 1154.400 0.12233 
003 080423 3 2813.800 0.09527 
003 080423 3 3453.375 0.11661 
003 080423 3 3469.175 0.17568 
003 080423 4 41.825 0.10636 
003 080423 4 126.200 0.10328 
003 080423 4 142.950 0.14351 
003 080423 4 247.325 0.11115 
003 080423 4 620.350 0.09271 
003 080423 4 2641.200 0.14076 
003 080423 4 2673.600 0.09239 
003 080423 4 2726.850 0.09768 
003 080423 4 2747.325 0.20129 
003 080423 6  9.700 0.11103 
003 080423 6 2225.125 0.09447 
003 080423 14 2548.675 0.10861 
003 080424 3 1471.300 0.08873 
003 080424 3 3584.575 0.08685 
003 080424 4 650.925 0.08341 
003 080424 4 1808.125 0.09897 
003 080424 4 2181.575 0.11696 
003 080424 4 2468.400 0.12694 
003 080424 4 3064.450 0.12777 
003 080424 4 3385.500 0.12439 
003 080424 5 792.375 0.09290 
003 080425 4 2640.475 0.08177 
003 080425 4 3430.475 0.09009 
003 080425 9 912.775 0.09319 
003 080425 9 2128.650 0.08955 
003 080425 12 322.800 0.09724 
003 080425 18 1008.825 0.09853 
