ME10 ME30 ME13 KHBB WDC  ME27 ME24 ME28 ME08 ME26 ME12  
Threshhold: 8 
013 080409 2 1806.775 0.11796 
013 080410 4 2930.675 0.12239 
013 080410 8 701.650 0.18558 
013 080410 8 989.875 0.18435 
013 080410 8 2687.000 0.16900 
013 080410 8 2804.775 0.15016 
013 080410 8 2865.050 0.21447 
013 080410 8 2906.300 0.16129 
013 080410 9 250.500 0.12967 
013 080410 9 1587.950 0.12886 
013 080410 9 1619.100 0.12149 
013 080410 9 1705.275 0.26196 
013 080410 9 1792.375 0.14136 
013 080410 9 1801.875 0.16856 
013 080410 9 1835.250 0.19029 
013 080410 9 1854.700 0.35712 
013 080410 9 1866.650 0.17911 
013 080410 9 1920.000 0.17709 
013 080410 9 1942.500 0.12124 
013 080410 9 2086.625 0.19500 
013 080410 9 2089.150 0.15222 
013 080410 9 2090.450 0.12091 
013 080410 9 2105.450 0.20354 
013 080410 9 2108.650 0.21751 
013 080410 9 2119.275 0.12282 
013 080410 9 2121.775 0.26332 
013 080410 9 2146.100 0.12393 
013 080410 9 2148.475 0.17161 
013 080410 9 2151.750 0.12769 
013 080410 9 2163.250 0.27336 
013 080410 9 2292.450 0.21212 
013 080410 9 2514.875 0.12273 
013 080410 9 2519.225 0.15240 
013 080410 9 2527.200 0.20240 
013 080410 9 2540.775 0.13589 
013 080410 9 2549.275 0.12659 
013 080410 9 2583.250 0.24462 
013 080410 9 2605.575 0.24940 
013 080410 10 1384.875 0.14033 
013 080410 10 1443.500 0.15180 
013 080410 12 1737.975 0.16356 
013 080410 12 1909.700 0.12077 
013 080410 12 2197.125 0.15273 
013 080410 12 2275.100 0.24492 
013 080410 12 2345.350 0.12547 
013 080410 12 2368.275 0.25060 
013 080410 12 2379.150 0.17458 
013 080410 12 2402.100 0.12401 
013 080410 12 2428.350 0.23594 
013 080410 12 2432.225 0.20225 
013 080410 12 2470.800 0.15600 
013 080410 12 2473.475 0.16462 
013 080410 12 2487.700 0.13843 
013 080410 12 2489.775 0.24190 
013 080410 12 2504.375 0.20104 
013 080410 12 2585.250 0.18190 
013 080410 12 2680.175 0.14633 
013 080410 12 2794.150 0.23503 
013 080410 12 2795.925 0.14873 
013 080410 12 2810.125 0.14435 
013 080410 12 2956.375 0.16552 
013 080410 12 2990.800 0.32882 
013 080410 12 2992.900 0.13137 
013 080410 12 3045.375 0.14169 
013 080410 13 1355.025 0.12160 
013 080410 13 1440.475 0.12495 
013 080410 13 1463.000 0.12597 
013 080410 13 1480.500 0.16011 
013 080410 13 1596.250 0.13573 
013 080410 13 1803.125 0.12686 
013 080410 13 1834.550 0.21575 
013 080411 3 644.575 0.13401 
013 080411 3 2748.500 0.14408 
013 080411 4 288.575 0.11787 
013 080411 4 427.575 0.12645 
013 080411 4 531.825 0.15262 
013 080411 4 540.725 0.11562 
013 080411 4 623.650 0.11783 
013 080411 4 648.325 0.17284 
013 080411 4 690.000 0.21944 
013 080411 4 696.750 0.15225 
013 080411 4 743.025 0.25728 
013 080411 4 797.250 0.26010 
013 080411 4 852.125 0.21833 
013 080411 4 932.350 0.19157 
013 080411 4 979.450 0.24280 
013 080411 4 1003.550 0.12012 
013 080411 4 1008.500 0.20912 
013 080411 4 1033.325 0.21197 
013 080411 4 1036.575 0.20469 
013 080411 4 1045.875 0.17481 
013 080411 4 1122.550 0.12953 
013 080411 4 1147.100 0.14898 
013 080411 4 1292.275 0.19000 
013 080411 4 1306.625 0.15929 
013 080411 4 1314.300 0.28461 
013 080411 4 1330.575 0.40514 
013 080411 4 1337.250 0.14467 
013 080411 4 1355.350 0.16791 
013 080411 4 1364.525 0.11654 
013 080411 4 1425.100 0.34928 
013 080411 4 1433.150 0.18171 
013 080411 4 1444.725 0.18912 
013 080411 4 1712.375 0.13832 
013 080411 4 2086.950 0.21609 
013 080411 4 2634.650 0.21780 
013 080411 4 2656.850 0.16817 
013 080412 6 1962.425 0.11526 
013 080412 13 1598.975 0.11810 
013 080415 9 1446.825 0.12040 
013 080415 9 1968.050 0.12998 
