ME04 ME29 ME09 ME10 ME30 ME13 KHBB WDC  ME27 ME24 ME28 ME08  
Threshhold: 8 
008 080415 8 1279.200 0.14585 
008 080415 8 1360.800 0.14867 
008 080415 8 1903.900 0.17387 
008 080415 8 1957.650 0.15906 
008 080415 8 2127.925 0.19217 
008 080415 8 2139.925 0.14245 
008 080415 8 2229.375 0.24042 
008 080415 8 3189.150 0.37360 
008 080415 8 3442.950 0.26698 
008 080415 9 1529.100 0.16701 
008 080415 9 1575.925 0.19182 
008 080415 9 2772.475 0.15582 
008 080415 10 191.075 0.16458 
008 080415 10 197.450 0.35843 
008 080415 10 242.150 0.19326 
008 080415 10 277.600 0.15492 
008 080415 10 286.000 0.15601 
008 080415 10 663.225 0.19192 
008 080415 10 1107.050 0.14081 
008 080415 10 1304.900 0.14129 
008 080415 10 1935.200 0.13995 
008 080415 10 1962.050 0.25366 
008 080415 10 2030.800 0.15761 
008 080415 10 2893.975 0.13862 
008 080415 11 167.475 0.14013 
008 080415 11 177.300 0.32211 
008 080415 11 189.200 0.14980 
008 080415 11 195.700 0.23356 
008 080415 11 246.050 0.16000 
008 080415 11 252.375 0.13869 
008 080415 11 274.225 0.30461 
008 080415 11 283.075 0.21558 
008 080415 11 362.800 0.14799 
008 080415 11 390.000 0.29894 
008 080415 11 456.125 0.14480 
008 080415 11 461.075 0.14179 
008 080415 24 1385.925 0.13918 
008 080415 24 1420.150 0.19313 
008 080415 24 1584.850 0.27324 
008 080416 14 2272.275 0.14629 
008 080416 14 2342.075 0.15025 
008 080416 14 2622.775 0.16197 
008 080416 14 2648.725 0.15318 
008 080416 14 2651.875 0.20484 
008 080416 14 2681.975 0.14054 
008 080416 14 2749.100 0.16276 
008 080416 14 2751.000 0.18522 
008 080416 14 2758.325 0.21658 
008 080416 14 2968.625 0.13879 
008 080416 14 3212.225 0.17920 
008 080416 14 3473.950 0.17578 
008 080416 14 3506.650 0.17469 
008 080416 14 3573.925 0.20323 
008 080416 14 3596.650 0.30102 
008 080416 15  6.225 0.18823 
008 080416 15 31.850 0.19665 
008 080416 15 36.000 0.24187 
008 080416 15 42.225 0.15522 
008 080416 15 52.450 0.14858 
008 080416 15 74.025 0.21217 
008 080416 15 77.275 0.25193 
008 080416 15 85.725 0.28695 
008 080416 15 113.400 0.14064 
008 080416 15 153.800 0.16088 
008 080416 15 170.550 0.20783 
008 080416 15 211.425 0.17106 
008 080416 15 215.525 0.29628 
008 080416 15 621.925 0.19047 
008 080416 15 640.925 0.21218 
008 080416 15 683.325 0.29232 
008 080416 15 3563.750 0.25393 
008 080416 15 3585.125 0.14991 
008 080416 16  2.525 0.14991 
008 080416 16  4.800 0.15545 
008 080416 16 30.750 0.35208 
008 080416 16 67.625 0.27581 
008 080416 16 85.225 0.23517 
008 080416 16 109.175 0.25745 
008 080416 18 1631.725 0.13841 
008 080416 20 1052.100 0.18347 
008 080418 2 2815.000 0.15341 
008 080418 2 3133.225 0.18158 
008 080418 2 3136.025 0.14456 
008 080418 2 3243.125 0.27616 
008 080418 2 3449.250 0.22465 
008 080418 2 3546.300 0.25618 
008 080418 2 3577.175 0.14439 
008 080418 3 190.800 0.19605 
008 080418 3 198.150 0.18698 
008 080418 3 200.700 0.25874 
008 080418 3 210.075 0.20514 
008 080418 3 419.600 0.17817 
008 080418 3 421.925 0.14516 
008 080418 9 127.000 0.18938 
008 080418 9 362.875 0.19836 
008 080418 9 371.600 0.22178 
008 080420 2 2779.625 0.14362 
008 080420 4 1049.725 0.13459 
008 080420 4 1079.025 0.17314 
008 080420 4 2437.750 0.17174 
008 080420 4 3082.250 0.15392 
008 080420 5 278.275 0.23237 
008 080420 5 284.550 0.17519 
008 080420 5 285.875 0.14845 
008 080420 5 291.625 0.13682 
008 080420 5 617.750 0.13387 
008 080420 5 628.600 0.16827 
008 080420 5 646.100 0.20714 
008 080420 5 653.925 0.14786 
008 080420 5 667.325 0.22155 
008 080420 5 689.875 0.15004 
008 080420 5 725.850 0.19051 
008 080420 5 872.350 0.27569 
008 080420 5 879.300 0.19443 
008 080420 5 1027.025 0.14659 
008 080420 5 1044.850 0.16136 
008 080420 5 1637.925 0.16952 
008 080420 5 1643.825 0.13465 
008 080420 5 1704.350 0.24454 
008 080420 5 1722.300 0.17660 
008 080420 5 1736.475 0.14722 
008 080420 5 1787.575 0.13679 
008 080420 5 1808.500 0.20120 
008 080420 5 2151.100 0.14245 
008 080420 5 2169.150 0.17827 
008 080420 5 2474.525 0.15482 
008 080420 5 3169.925 0.15187 
008 080420 5 3217.050 0.14206 
008 080420 5 3319.700 0.14087 
008 080420 5 3329.950 0.21205 
008 080420 5 3331.275 0.20336 
008 080420 5 3479.725 0.23709 
008 080420 5 3491.400 0.16036 
008 080420 7 2103.200 0.20464 
008 080420 7 2161.550 0.14441 
008 080420 7 2170.575 0.20252 
008 080420 7 2199.525 0.17140 
008 080420 7 2261.500 0.14803 
008 080420 7 2268.100 0.29912 
008 080420 7 2272.975 0.17258 
008 080420 7 2284.200 0.19835 
008 080420 7 2288.325 0.34097 
008 080420 7 2329.175 0.14138 
008 080420 7 2437.425 0.18572 
008 080420 7 2446.200 0.16809 
008 080420 7 2493.575 0.30826 
008 080420 7 2511.150 0.40640 
