ME01 YBH  ME02 ME04 ME29 ME09 ME10 ME30 ME13 KHBB WDC  ME27 ME24 ME28 ME08 ME26 ME12  
Threshhold: 8 
026 080412 11 2031.225 0.10155 
026 080412 13 401.625 0.12827 
026 080412 13 1114.775 0.10424 
026 080412 13 1170.650 0.12331 
026 080412 13 1534.850 0.08768 
026 080412 13 2608.075 0.13746 
026 080412 13 2899.025 0.12615 
026 080412 13 3491.400 0.12321 
026 080412 14 16.550 0.11855 
026 080412 14 142.925 0.10348 
026 080412 14 149.075 0.11705 
026 080412 14 160.150 0.10151 
026 080412 14 254.900 0.15891 
026 080412 14 393.750 0.09522 
026 080412 14 412.625 0.12600 
026 080412 14 416.625 0.19071 
026 080412 14 438.400 0.10167 
026 080412 14 538.650 0.10654 
026 080412 14 617.300 0.13921 
026 080412 14 622.000 0.17888 
026 080412 14 950.350 0.12996 
026 080412 14 977.850 0.14256 
026 080412 14 1255.350 0.13754 
026 080412 14 1345.700 0.09888 
026 080412 14 1370.750 0.11336 
026 080412 14 1387.000 0.13654 
026 080412 14 1407.400 0.16959 
026 080412 14 1415.800 0.19935 
026 080412 14 1450.975 0.08856 
026 080412 14 1847.200 0.11655 
026 080412 14 2827.500 0.11855 
026 080412 15 783.375 0.09931 
026 080412 15 787.400 0.16701 
026 080412 15 798.950 0.19804 
026 080412 15 805.550 0.11226 
026 080412 15 806.900 0.10917 
026 080412 15 844.825 0.12121 
026 080412 15 867.875 0.11418 
026 080412 15 1039.075 0.11680 
026 080412 15 1043.075 0.13391 
026 080412 15 1048.650 0.15481 
026 080412 15 1057.875 0.12208 
026 080412 15 1064.975 0.17480 
026 080412 15 1099.550 0.32119 
026 080412 15 1108.700 0.15350 
026 080412 15 1217.575 0.12231 
026 080412 15 1230.200 0.11425 
026 080412 15 1231.825 0.13846 
026 080412 15 1549.125 0.12918 
026 080412 15 1605.175 0.11211 
026 080412 16 148.475 0.11855 
026 080412 20 212.700 0.09873 
026 080412 22 812.475 0.12375 
026 080412 22 883.525 0.10903 
026 080412 22 1030.000 0.12316 
026 080412 22 1039.800 0.14813 
026 080412 22 1111.100 0.08861 
026 080412 22 1172.600 0.16146 
026 080412 22 2318.925 0.14142 
026 080412 22 2336.375 0.12627 
026 080412 22 2375.325 0.13783 
026 080412 22 2450.000 0.10779 
026 080412 22 2593.200 0.13106 
026 080412 22 2675.650 0.11116 
026 080412 22 2720.225 0.21097 
026 080412 22 2737.200 0.13028 
026 080412 22 2742.775 0.17794 
026 080412 22 2755.750 0.09954 
026 080412 22 2769.775 0.09346 
026 080412 22 2800.750 0.11018 
026 080412 22 2825.325 0.10071 
026 080412 22 2837.500 0.10123 
026 080412 22 2849.025 0.10962 
026 080412 22 2874.525 0.12173 
026 080412 23 113.650 0.10646 
026 080412 24 2502.100 0.10829 
026 080412 24 2542.500 0.10371 
026 080412 24 2651.900 0.08892 
026 080413 13 13.975 0.14522 
026 080413 13 706.925 0.11757 
026 080413 13 757.550 0.14826 
026 080413 13 891.225 0.08881 
026 080413 13 1027.800 0.11362 
026 080413 13 1034.275 0.20154 
026 080413 13 1178.950 0.10762 
026 080413 13 1187.350 0.15899 
026 080413 13 1276.875 0.17693 
026 080413 13 1283.750 0.17102 
026 080413 13 1379.900 0.14816 
026 080413 13 1401.050 0.14520 
026 080413 13 1410.300 0.20285 
026 080413 13 1434.900 0.33470 
026 080413 13 1470.000 0.38964 
026 080413 13 1491.650 0.08951 
026 080413 13 1567.425 0.11070 
026 080413 13 1584.425 0.10082 
026 080413 13 1586.475 0.21201 
026 080413 13 1613.450 0.09804 
026 080413 13 1615.050 0.09096 
026 080413 13 1626.050 0.21903 
026 080413 13 1631.625 0.11482 
026 080413 13 1763.575 0.08967 
026 080413 13 1765.675 0.12886 
026 080413 13 1779.350 0.16197 
026 080413 13 1781.225 0.14202 
026 080413 13 1803.575 0.10802 
026 080413 13 1934.300 0.09641 
026 080413 13 1957.875 0.11392 
026 080413 13 1967.750 0.12210 
026 080413 13 1984.300 0.08866 
026 080413 13 2094.500 0.14669 
026 080413 13 2119.425 0.17255 
026 080413 13 2161.175 0.11673 
026 080413 13 2162.550 0.09470 
026 080413 13 2171.150 0.18076 
026 080413 13 2357.475 0.15399 
026 080413 13 3201.900 0.13063 
026 080413 13 3207.825 0.12002 
026 080413 13 3233.125 0.13536 
026 080413 13 3257.100 0.08916 
026 080413 13 3264.600 0.16499 
026 080413 13 3288.925 0.11116 
026 080413 13 3292.500 0.11559 
026 080413 13 3306.125 0.16378 
026 080413 13 3322.725 0.14347 
026 080413 13 3338.525 0.13076 
026 080413 13 3360.550 0.14590 
026 080413 13 3504.900 0.09338 
026 080414 9 1463.975 0.10676 
026 080414 11 224.775 0.11053 
026 080414 18 1676.225 0.10283 
026 080414 18 1677.675 0.09524 
026 080414 18 1714.100 0.12240 
026 080414 18 2178.350 0.13864 
026 080415 3 367.900 0.10294 
026 080415 3 370.800 0.11656 
026 080415 3 396.450 0.12292 
026 080415 3 399.100 0.12659 
026 080415 3 473.025 0.19833 
026 080415 3 523.075 0.10728 
026 080415 3 591.400 0.12417 
026 080415 3 598.800 0.19214 
026 080415 3 654.525 0.15488 
026 080415 3 754.150 0.13080 
026 080415 3 760.375 0.11085 
026 080415 3 1617.225 0.09629 
026 080415 3 1619.500 0.14206 
026 080415 3 1624.150 0.11559 
026 080415 3 1641.975 0.13972 
026 080415 3 1646.900 0.09981 
026 080415 3 1656.200 0.19537 
026 080415 3 1659.375 0.10572 
026 080415 3 1663.900 0.11722 
026 080415 3 1706.975 0.20414 
026 080415 3 1775.900 0.10490 
026 080415 3 2320.425 0.17485 
026 080415 3 2353.450 0.11362 
026 080415 3 2459.100 0.14750 
026 080415 3 2463.175 0.13041 
026 080415 3 2498.675 0.25259 
026 080415 3 2543.900 0.19322 
026 080415 9 1152.525 0.16885 
026 080415 9 1768.125 0.12262 
026 080415 9 1778.700 0.12028 
026 080415 9 1808.625 0.13126 
026 080415 9 1815.925 0.17100 
026 080415 9 1863.500 0.16207 
026 080415 9 2481.900 0.10582 
026 080415 9 2487.200 0.10794 
026 080415 24 461.375 0.12462 
026 080416 7 128.100 0.12934 
026 080416 10 3258.600 0.10941 
026 080416 20 874.125 0.09344 
026 080416 20 986.500 0.14030 
026 080416 20 1176.725 0.10901 
026 080416 20 1178.400 0.09743 
026 080416 20 1544.325 0.10670 
026 080416 20 1555.950 0.14280 
026 080416 20 1559.350 0.12384 
026 080416 20 1598.900 0.11190 
026 080416 20 1608.200 0.13701 
026 080416 20 1622.100 0.13607 
026 080416 20 2316.050 0.13491 
026 080416 20 2320.675 0.13500 
026 080416 20 2340.150 0.12225 
026 080416 20 2349.650 0.13166 
026 080416 20 2351.500 0.20396 
026 080416 20 2364.775 0.13254 
026 080416 20 2372.075 0.20549 
026 080416 20 2609.950 0.13239 
026 080416 20 2611.600 0.17352 
026 080416 20 2613.700 0.12832 
026 080416 20 2625.325 0.16703 
026 080416 20 3342.925 0.10487 
026 080416 21 677.725 0.09665 
