ME01 YBH  ME03 ME02 B039 ME04 ME29 ME30  
Threshhold: 8 
005 080427 1 2497.950 0.10413 
005 080427 1 2543.225 0.12410 
005 080427 1 2920.550 0.11487 
005 080427 1 2958.250 0.18040 
005 080427 2 57.800 0.16334 
005 080427 2 769.250 0.20838 
005 080427 2 834.900 0.18122 
005 080427 2 874.000 0.16872 
005 080427 2 2845.800 0.17039 
005 080427 4 1225.575 0.13862 
005 080427 5 658.550 0.15749 
005 080427 10 1296.125 0.10614 
005 080427 13 534.350 0.11505 
005 080427 13 600.875 0.10197 
005 080427 13 1762.450 0.12706 
005 080427 13 1801.200 0.16255 
005 080427 13 2081.950 0.10434 
005 080427 13 2088.100 0.12470 
005 080427 13 2091.400 0.17783 
005 080427 13 2503.075 0.12499 
005 080427 13 2561.125 0.18454 
005 080427 13 2868.475 0.10450 
005 080427 13 2881.625 0.10197 
005 080427 13 3016.025 0.17433 
005 080427 13 3032.325 0.13709 
005 080427 13 3066.775 0.11663 
005 080427 13 3144.050 0.11873 
005 080427 14 302.750 0.16032 
005 080427 14 458.875 0.16673 
005 080427 14 484.500 0.13214 
005 080427 14 629.650 0.10226 
005 080427 14 690.150 0.13246 
005 080427 14 1404.825 0.13575 
005 080427 14 1652.975 0.16661 
005 080427 14 2072.600 0.12846 
005 080427 14 2128.450 0.14003 
005 080427 14 2206.950 0.23307 
005 080427 14 2227.375 0.14727 
005 080427 14 2228.650 0.15090 
005 080427 14 2277.750 0.18362 
005 080427 14 2392.650 0.12234 
005 080427 15 638.100 0.10490 
005 080427 17 457.650 0.14788 
005 080427 18 1003.475 0.10072 
005 080427 20 2843.125 0.10726 
005 080427 20 3088.275 0.16037 
005 080427 20 3231.300 0.17191 
005 080427 21  2.300 0.11627 
005 080427 21 575.650 0.11821 
005 080427 21 892.225 0.13088 
005 080427 21 2724.325 0.12456 
005 080427 21 2776.500 0.14116 
005 080427 21 2787.925 0.11347 
005 080427 21 2808.550 0.19772 
005 080427 21 3200.325 0.14343 
005 080427 21 3223.025 0.10511 
005 080428 6 3122.150 0.11561 
005 080428 7 38.475 0.13465 
005 080428 7 42.975 0.09376 
005 080428 7 174.200 0.10848 
005 080428 8 2600.125 0.25463 
005 080428 8 2667.200 0.09650 
005 080428 8 2712.350 0.10793 
005 080428 8 2763.625 0.12295 
005 080428 8 2796.050 0.12367 
005 080428 8 2947.900 0.16511 
005 080428 8 3055.675 0.11481 
005 080428 8 3083.750 0.11276 
005 080428 8 3095.475 0.20401 
005 080428 8 3101.725 0.14614 
005 080428 8 3147.125 0.09365 
005 080428 8 3232.600 0.11621 
005 080428 8 3308.700 0.11553 
005 080428 8 3509.550 0.11089 
005 080428 8 3587.400 0.14380 
005 080428 9 17.350 0.14424 
005 080428 9 43.325 0.10598 
005 080428 9 204.425 0.17899 
005 080428 9 216.100 0.12463 
005 080428 9 242.750 0.12824 
005 080428 9 257.675 0.11803 
005 080428 9 324.600 0.10548 
005 080428 9 377.925 0.09398 
005 080428 9 532.000 0.13316 
005 080428 9 541.600 0.10228 
005 080428 9 548.225 0.14710 
005 080428 9 622.375 0.16824 
005 080428 9 633.475 0.14466 
005 080428 9 634.950 0.11117 
005 080428 9 655.975 0.14377 
005 080428 9 679.075 0.10191 
005 080428 9 704.125 0.15296 
005 080428 9 860.750 0.14495 
005 080428 9 899.450 0.09788 
005 080428 9 1302.825 0.10186 
005 080428 9 1314.325 0.09576 
005 080428 9 1617.825 0.09525 
005 080428 9 1706.425 0.14694 
005 080428 9 1849.950 0.14912 
005 080428 9 1892.475 0.12960 
005 080428 9 2197.850 0.14282 
005 080428 12 2711.250 0.11880 
005 080428 13 418.700 0.11336 
005 080428 15 3225.050 0.11561 
005 080429 6 2578.425 0.17176 
005 080429 8 2427.000 0.12682 
005 080429 8 2572.425 0.18575 
005 080429 8 3181.925 0.15540 
005 080429 8 3421.625 0.11231 
005 080429 8 3591.400 0.14525 
005 080429 9  4.675 0.20018 
005 080429 9 209.725 0.10898 
005 080429 9 404.400 0.13436 
005 080429 9 406.275 0.24937 
005 080429 9 1524.375 0.11424 
005 080429 9 1595.925 0.11098 
005 080429 10 453.925 0.14939 
005 080429 11 294.875 0.14439 
005 080429 11 406.025 0.11498 
005 080429 14 2064.050 0.13257 
005 080429 14 3380.550 0.15685 
005 080429 15 110.150 0.11133 
005 080429 15 111.575 0.18809 
005 080429 15 270.000 0.31442 
005 080429 15 458.200 0.10378 
005 080429 15 659.475 0.10320 
005 080429 15 1098.700 0.11298 
005 080429 15 1978.350 0.15320 
005 080429 15 2133.450 0.21805 
005 080429 15 2213.850 0.13381 
005 080429 15 2258.950 0.13858 
005 080429 15 2275.475 0.12579 
005 080429 15 2420.950 0.13913 
005 080429 15 2448.575 0.11602 
005 080429 15 2536.550 0.10259 
005 080429 15 2563.425 0.10159 
005 080429 15 2710.950 0.11812 
005 080429 15 3109.125 0.10297 
005 080429 15 3159.750 0.11807 
005 080429 16 1995.850 0.11346 
005 080429 16 2405.200 0.11894 
005 080429 17 2029.850 0.10376 
005 080429 23 439.050 0.10256 
005 080429 23 2496.075 0.11727 
005 080429 23 2600.350 0.14153 
005 080429 23 2774.350 0.14730 
005 080429 24 616.725 0.13809 
005 080429 24 727.675 0.16199 
005 080429 24 781.675 0.18400 
005 080429 24 1639.000 0.13668 
005 080429 24 1654.775 0.10346 
005 080429 24 1758.400 0.10371 
005 080429 24 3457.800 0.10683 
005 080429 24 3467.300 0.15794 
005 080430 2 856.725 0.12109 
005 080430 2 1646.425 0.11016 
005 080430 4  0.225 0.12881 
005 080430 8 3376.875 0.12706 
005 080430 9 296.500 0.11750 
005 080430 9 1216.675 0.16182 
005 080430 10 2997.325 0.11531 
005 080430 10 3108.500 0.14064 
005 080430 10 3375.750 0.12014 
005 080430 11 129.875 0.11886 
005 080430 11 185.850 0.13501 
005 080430 11 375.125 0.24512 
005 080430 11 501.575 0.16498 
005 080430 11 959.275 0.14233 
