KSXB ME01 YBH  ME03 ME02 KRMB ME04  
Threshhold: 8 
008 080425 2 1227.525 0.13416 
008 080425 4 2276.925 0.11842 
008 080425 5 1251.175 0.11706 
008 080425 9 2435.150 0.12177 
008 080425 10 731.200 0.11953 
008 080425 10 1728.325 0.13942 
008 080425 10 2901.125 0.11762 
008 080425 11 134.225 0.16554 
008 080425 11 186.375 0.13368 
008 080425 11 350.375 0.12065 
008 080425 11 362.900 0.14121 
008 080425 11 384.325 0.13961 
008 080425 11 469.850 0.14244 
008 080425 11 543.425 0.14709 
008 080425 11 547.725 0.15364 
008 080425 11 598.200 0.15643 
008 080425 11 688.500 0.16603 
008 080425 11 728.525 0.11841 
008 080425 11 1128.075 0.15405 
008 080425 11 1135.000 0.15958 
008 080425 11 1152.725 0.14078 
008 080425 11 1156.075 0.12769 
008 080425 11 1157.350 0.22817 
008 080425 11 1262.800 0.13780 
008 080425 11 1292.675 0.12487 
008 080425 11 1359.575 0.21967 
008 080425 11 1476.900 0.11463 
008 080425 11 1504.000 0.16508 
008 080425 11 1515.425 0.17101 
008 080425 11 1559.975 0.12774 
008 080425 11 1640.900 0.12406 
008 080425 11 1811.700 0.14251 
008 080425 11 1825.525 0.11705 
008 080425 11 1839.775 0.11571 
008 080425 11 1843.125 0.18560 
008 080425 11 2215.200 0.14879 
008 080425 11 2231.675 0.14412 
008 080425 11 2752.900 0.16617 
008 080425 11 2867.175 0.14275 
008 080425 11 3145.500 0.14754 
008 080425 11 3489.875 0.15982 
008 080425 11 3492.850 0.11502 
008 080425 12 244.100 0.13602 
008 080425 12 248.125 0.20621 
008 080425 12 254.425 0.17592 
008 080425 12 279.400 0.12756 
008 080425 12 281.475 0.16236 
008 080425 12 311.400 0.13148 
008 080425 12 317.675 0.25925 
008 080425 12 349.025 0.14724 
008 080425 12 425.225 0.14923 
008 080425 12 441.000 0.12386 
008 080425 12 516.275 0.16591 
008 080425 12 520.300 0.11710 
008 080425 12 525.225 0.11788 
008 080425 12 533.000 0.13167 
008 080425 12 796.475 0.11547 
008 080425 12 998.325 0.12931 
008 080425 12 1000.125 0.19733 
008 080425 12 1013.600 0.13056 
008 080425 12 1088.450 0.11743 
008 080425 12 1902.575 0.13192 
008 080425 12 2311.875 0.11682 
008 080425 12 2339.800 0.12706 
008 080425 12 2341.800 0.14713 
008 080425 12 3099.925 0.15096 
008 080425 12 3161.450 0.19720 
008 080425 12 3164.600 0.15095 
008 080425 12 3165.775 0.14679 
008 080425 12 3175.125 0.20181 
008 080425 12 3176.375 0.18378 
008 080425 12 3196.450 0.11707 
008 080425 12 3209.875 0.17134 
008 080425 12 3211.550 0.12846 
008 080425 12 3212.825 0.11561 
008 080425 12 3241.050 0.13641 
008 080425 12 3242.250 0.17682 
008 080425 12 3254.800 0.17072 
008 080425 12 3462.275 0.13939 
008 080425 12 3513.125 0.12548 
008 080425 12 3582.050 0.14337 
008 080425 12 3587.075 0.13993 
008 080425 13 2256.450 0.12655 
008 080425 13 2302.950 0.12621 
008 080425 13 2331.400 0.11804 
008 080425 13 2430.000 0.17679 
008 080425 13 2581.100 0.13601 
008 080425 14 268.275 0.12744 
008 080425 14 276.375 0.15370 
008 080425 14 621.825 0.12735 
008 080425 14 688.850 0.15200 
008 080425 14 1493.825 0.18395 
008 080425 14 1539.450 0.13655 
008 080425 14 1616.325 0.12930 
008 080425 14 1617.650 0.19918 
008 080425 14 1628.775 0.15328 
008 080425 14 1636.900 0.16954 
008 080425 14 1638.975 0.14856 
008 080425 14 1723.325 0.14955 
008 080425 14 1741.600 0.18162 
008 080425 14 1744.025 0.14171 
008 080425 14 1771.150 0.13648 
008 080425 14 2218.950 0.11897 
008 080425 14 2237.150 0.15367 
008 080425 14 2238.450 0.17500 
008 080425 15 638.925 0.16461 
008 080425 15 1417.725 0.17067 
008 080425 16 76.800 0.11626 
008 080425 16 195.250 0.16389 
008 080425 16 206.700 0.20908 
008 080425 16 232.050 0.15579 
008 080425 16 234.150 0.13284 
008 080425 16 238.000 0.21615 
008 080425 16 259.900 0.11881 
008 080425 16 268.225 0.14391 
008 080425 16 279.900 0.17688 
008 080425 16 281.250 0.15083 
008 080425 16 304.950 0.12983 
008 080425 16 314.300 0.16491 
008 080425 16 380.425 0.11506 
008 080425 16 988.475 0.12632 
008 080425 16 1117.050 0.14824 
008 080425 16 1139.750 0.11755 
008 080425 16 1210.475 0.13931 
008 080425 17 2787.625 0.13451 
008 080425 17 2896.075 0.21941 
008 080425 17 2914.350 0.18475 
008 080425 17 2921.750 0.14768 
008 080425 17 2927.000 0.11553 
008 080425 17 2949.525 0.16938 
008 080425 17 2967.650 0.15412 
008 080425 17 2968.950 0.30764 
008 080425 17 2988.150 0.15832 
008 080425 17 2989.425 0.11914 
008 080425 17 2991.075 0.11559 
008 080425 17 2992.775 0.18985 
008 080425 17 3086.125 0.14497 
008 080425 17 3173.700 0.13320 
008 080425 17 3202.675 0.21244 
008 080425 17 3238.125 0.14045 
008 080425 18 820.850 0.15715 
008 080425 18 860.875 0.16367 
008 080425 18 918.775 0.16706 
008 080425 18 986.175 0.21731 
008 080425 18 1300.550 0.11856 
008 080425 18 1352.900 0.14351 
008 080425 24 1448.200 0.14313 
008 080426 4 457.675 0.17468 
008 080426 4 474.875 0.14004 
008 080426 4 517.425 0.11737 
008 080426 4 598.525 0.14092 
008 080426 4 627.175 0.11952 
008 080426 4 698.175 0.13476 
008 080426 4 807.900 0.11917 
008 080426 4 832.250 0.15191 
008 080426 4 841.575 0.17798 
008 080426 4 909.700 0.12039 
008 080426 4 954.375 0.18068 
008 080426 4 972.775 0.16244 
008 080426 4 985.550 0.13116 
008 080426 4 1006.975 0.21448 
008 080426 4 1009.625 0.11811 
008 080426 4 1049.525 0.19917 
008 080426 4 1084.300 0.13556 
008 080426 4 1086.050 0.15082 
008 080426 4 1093.800 0.35771 
008 080426 4 1158.675 0.15426 
008 080426 4 1161.950 0.13263 
008 080426 4 1334.775 0.13414 
008 080426 4 1345.200 0.21976 
008 080426 4 1363.900 0.12115 
008 080426 4 1387.825 0.12127 
008 080426 4 1390.225 0.17068 
008 080426 4 1404.475 0.13727 
008 080426 4 1410.850 0.13968 
008 080426 4 1637.700 0.13883 
008 080426 5 297.900 0.17430 
008 080426 5 335.175 0.15135 
008 080426 5 374.625 0.11927 
008 080426 5 386.300 0.14032 
008 080426 5 406.050 0.15500 
008 080426 5 407.400 0.14129 
008 080426 5 409.275 0.22124 
008 080426 5 422.450 0.24353 
008 080426 5 441.825 0.12105 
008 080426 5 445.000 0.34798 
008 080426 5 1797.075 0.11869 
008 080426 5 3055.025 0.11833 
008 080426 5 3065.700 0.13473 
008 080426 5 3105.375 0.14259 
008 080426 5 3178.250 0.16063 
008 080426 5 3252.100 0.17826 
008 080426 5 3253.500 0.16198 
008 080426 5 3358.200 0.13582 
008 080426 5 3379.500 0.12970 
008 080426 7 1443.925 0.12470 
008 080426 7 1568.725 0.16102 
008 080426 7 1632.400 0.13514 
008 080426 7 1643.225 0.15794 
008 080426 7 1703.025 0.19430 
008 080426 7 1710.100 0.11959 
008 080426 7 2277.125 0.17111 
008 080426 7 2286.125 0.12623 
008 080426 8 3548.500 0.14284 
008 080426 9 142.925 0.16387 
008 080426 9 144.725 0.12194 
008 080426 9 175.500 0.17644 
008 080426 9 222.150 0.14195 
008 080426 9 254.700 0.19032 
008 080426 9 260.550 0.13938 
008 080426 9 319.900 0.11956 
008 080426 9 332.475 0.14475 
008 080426 9 356.850 0.12933 
008 080426 9 377.375 0.14942 
008 080426 9 410.875 0.20550 
008 080426 9 431.100 0.13949 
008 080426 9 500.425 0.14098 
008 080426 9 522.275 0.25495 
008 080426 9 602.500 0.14050 
008 080426 9 794.600 0.18646 
008 080426 9 795.875 0.16012 
008 080426 9 797.100 0.13252 
008 080426 9 836.225 0.12511 
008 080426 9 863.800 0.22681 
008 080426 9 968.100 0.21083 
008 080426 9 1220.900 0.13092 
008 080426 9 1282.625 0.26445 
008 080426 11 2556.250 0.12488 
008 080426 11 2557.400 0.14875 
008 080426 11 2806.575 0.14164 
008 080426 11 2826.600 0.13835 
008 080426 12 3508.175 0.12497 
008 080426 12 3594.675 0.12785 
008 080426 13 24.850 0.17696 
008 080426 13 41.600 0.18228 
008 080426 13 59.275 0.15266 
008 080426 13 60.500 0.13390 
008 080426 13 85.425 0.13345 
008 080426 13 86.775 0.12969 
008 080426 13 92.575 0.24848 
008 080426 13 111.700 0.12906 
008 080426 13 160.250 0.15079 
008 080426 13 161.525 0.20696 
008 080426 13 163.600 0.22446 
008 080426 13 185.875 0.15515 
008 080426 13 189.200 0.21402 
008 080426 13 208.975 0.14718 
008 080426 13 210.425 0.14627 
008 080426 13 214.725 0.27804 
008 080426 13 221.875 0.17944 
008 080426 13 239.825 0.21229 
008 080426 13 283.550 0.15005 
008 080426 13 586.300 0.12227 
008 080426 13 1375.625 0.12232 
008 080426 15 2592.100 0.14074 
008 080426 15 2645.325 0.13146 
008 080426 15 2950.625 0.12595 
008 080426 15 3115.250 0.14409 
008 080426 15 3147.650 0.13581 
008 080426 15 3196.975 0.13204 
008 080426 15 3199.550 0.17882 
008 080426 15 3273.900 0.15708 
008 080426 15 3303.550 0.15114 
008 080426 15 3565.025 0.21840 
008 080426 15 3573.950 0.21107 
008 080426 16 83.650 0.15376 
008 080426 16 134.550 0.14167 
008 080426 16 171.425 0.13381 
008 080426 16 174.450 0.17583 
008 080426 16 342.600 0.11863 
008 080426 16 1511.850 0.13023 
008 080426 16 2297.875 0.11742 
008 080426 16 2415.225 0.14662 
008 080426 16 2960.425 0.11935 
008 080426 17 304.600 0.13066 
008 080426 17 478.675 0.12080 
008 080426 17 797.675 0.21291 
008 080426 17 895.275 0.12707 
008 080426 17 1012.150 0.11931 
008 080426 17 1212.750 0.20118 
008 080426 17 1518.000 0.14180 
008 080426 17 2158.175 0.16455 
008 080426 17 2292.800 0.12213 
008 080426 17 2297.000 0.38608 
008 080426 17 2309.625 0.12799 
008 080426 17 2347.775 0.15899 
008 080426 20 1725.775 0.13376 
008 080427 2 831.250 0.12807 
008 080427 4 2297.250 0.10048 
008 080427 13 3134.425 0.11423 
008 080427 14 182.275 0.12524 
008 080427 14 388.625 0.10319 
008 080427 14 3587.850 0.10457 
008 080427 15 97.475 0.10205 
008 080427 15 144.300 0.12243 
008 080427 15 485.625 0.15220 
008 080427 15 660.625 0.10553 
008 080427 17 387.100 0.11677 
008 080427 20 3083.775 0.10216 
008 080427 20 3586.000 0.11130 
008 080428 1 766.625 0.13575 
008 080428 8 2375.175 0.09969 
008 080428 8 2690.350 0.09968 
008 080428 8 3370.800 0.10974 
008 080428 9 251.725 0.09817 
008 080428 9 366.675 0.10033 
008 080428 9 389.975 0.12565 
008 080428 9 712.575 0.11986 
008 080428 9 806.800 0.11414 
008 080428 9 1143.650 0.11631 
008 080428 9 1698.025 0.11975 
008 080429 8 2435.850 0.12056 
008 080429 8 3184.325 0.14135 
008 080429 9 110.325 0.13364 
008 080429 9 616.325 0.12626 
008 080429 11 857.025 0.11450 
008 080429 11 1463.550 0.12724 
008 080429 11 1576.025 0.11671 
008 080429 15 3118.750 0.11342 
008 080429 15 3365.300 0.10724 
008 080429 17 1972.450 0.11829 
008 080429 17 2399.175 0.15104 
008 080429 17 2647.050 0.11548 
008 080429 17 2662.375 0.13132 
008 080429 17 2960.200 0.11159 
008 080429 17 3184.325 0.13053 
008 080429 17 3249.200 0.12814 
008 080429 17 3256.375 0.10913 
008 080429 18 266.000 0.15513 
008 080429 18 297.775 0.17123 
008 080429 18 360.625 0.12735 
008 080429 18 456.100 0.11802 
008 080429 18 458.875 0.18072 
008 080429 18 502.425 0.16957 
008 080429 18 503.675 0.12353 
008 080429 18 548.050 0.11171 
008 080429 18 601.550 0.13947 
008 080429 18 638.500 0.10876 
008 080429 18 695.250 0.14211 
008 080429 18 718.950 0.21835 
008 080429 18 720.250 0.13629 
008 080429 18 794.150 0.17436 
008 080429 18 1008.900 0.17797 
008 080429 18 1442.450 0.14822 
008 080429 18 1474.550 0.12219 
008 080429 18 1475.800 0.11010 
008 080429 18 1483.250 0.20254 
008 080429 18 2242.850 0.12603 
008 080429 18 2253.400 0.16974 
008 080429 18 2258.025 0.22057 
008 080429 18 2266.950 0.13281 
008 080429 19 461.350 0.16975 
008 080429 23 2571.050 0.13235 
008 080429 24 1842.550 0.11734 
008 080429 24 1956.925 0.15870 
008 080429 24 2029.975 0.10942 
008 080429 24 2144.100 0.15921 
008 080429 24 2145.400 0.16175 
008 080429 24 2146.550 0.23190 
008 080429 24 2149.525 0.12220 
008 080429 24 2340.775 0.19169 
008 080429 24 2456.375 0.14931 
008 080429 24 2543.825 0.12586 
008 080429 24 2860.050 0.12255 
008 080429 24 2869.050 0.10973 
008 080429 24 2872.425 0.14435 
008 080429 24 2879.500 0.18615 
008 080429 24 2887.125 0.12198 
008 080429 24 2890.075 0.15144 
008 080429 24 2904.350 0.15448 
008 080429 24 2905.650 0.19100 
008 080429 24 3329.900 0.10847 
008 080430 1 2581.975 0.13152 
008 080430 1 2597.025 0.11673 
008 080430 2 3149.950 0.12613 
008 080430 2 3169.275 0.12893 
008 080430 2 3225.450 0.12039 
008 080430 2 3231.650 0.14078 
008 080430 2 3233.375 0.14230 
008 080430 2 3234.650 0.14666 
008 080430 2 3235.950 0.16111 
008 080430 2 3266.675 0.20954 
008 080430 2 3347.200 0.11499 
008 080430 2 3383.700 0.13580 
008 080430 19 3384.125 0.12948 
