KSXB ME01 YBH  ME03 ME02 KRMB B039 ME04  
Threshhold: 8 
009 080419 8 100.500 0.12165 
009 080419 23 3021.100 0.12106 
009 080419 24 354.375 0.11927 
009 080419 24 371.425 0.11845 
009 080419 24 674.425 0.13284 
009 080419 24 970.075 0.13555 
009 080419 24 977.700 0.13742 
009 080419 24 996.675 0.12991 
009 080419 24 1033.200 0.19540 
009 080419 24 1039.200 0.16945 
009 080419 24 1184.750 0.12894 
009 080419 24 1211.025 0.11986 
009 080419 24 1215.625 0.25973 
009 080419 24 1494.775 0.12973 
009 080419 24 2081.375 0.13011 
009 080419 24 2102.050 0.13460 
009 080419 24 2133.975 0.15654 
009 080419 24 2136.925 0.12046 
009 080419 24 2257.100 0.13024 
009 080420 1 838.125 0.12879 
009 080420 1 1018.600 0.20693 
009 080420 1 1040.300 0.13818 
009 080420 1 1047.000 0.11706 
009 080420 1 1052.225 0.16660 
009 080420 1 1059.400 0.29733 
009 080420 1 1071.450 0.29544 
009 080420 1 1088.400 0.17598 
009 080420 1 1113.575 0.21934 
009 080420 1 1137.425 0.12475 
009 080420 1 2101.525 0.12345 
009 080420 1 2298.000 0.12156 
009 080420 1 2385.125 0.19494 
009 080420 2 2130.500 0.11716 
009 080420 3 2539.525 0.11343 
009 080420 3 2841.775 0.12025 
009 080420 3 2884.900 0.16064 
009 080420 3 3337.900 0.12748 
009 080420 3 3340.250 0.12543 
009 080420 3 3380.250 0.20901 
009 080420 3 3400.150 0.16005 
009 080420 3 3552.150 0.16754 
009 080420 4  0.875 0.13048 
009 080420 4 29.175 0.11721 
009 080420 4 82.875 0.11580 
009 080420 4 284.375 0.15493 
009 080420 4 440.375 0.12116 
009 080420 4 485.325 0.15096 
009 080420 4 490.000 0.35180 
009 080420 4 519.050 0.14196 
009 080420 4 889.425 0.11942 
009 080420 4 2116.275 0.12141 
009 080420 4 2136.125 0.14261 
009 080420 4 2189.175 0.11399 
009 080420 4 2267.800 0.17057 
009 080420 4 2278.325 0.25606 
009 080420 5 1573.525 0.13696 
009 080420 5 1857.475 0.12076 
009 080420 6 20.425 0.12902 
009 080420 6 50.575 0.16864 
009 080420 6 295.175 0.16595 
009 080420 6 331.750 0.14778 
009 080420 6 369.300 0.12264 
009 080420 6 444.100 0.12208 
009 080420 6 486.425 0.11903 
009 080420 6 518.025 0.19098 
009 080420 6 542.150 0.29864 
009 080420 6 546.875 0.28677 
009 080420 6 565.750 0.17429 
009 080420 6 570.475 0.11545 
009 080420 6 588.025 0.16146 
009 080420 6 597.750 0.12132 
009 080420 6 610.150 0.12736 
009 080420 6 613.150 0.11940 
009 080420 6 617.875 0.11630 
009 080420 6 784.025 0.20588 
009 080420 6 796.800 0.20548 
009 080420 6 811.425 0.13512 
009 080420 6 825.125 0.13666 
009 080420 6 2799.800 0.12760 
009 080420 7 805.900 0.11585 
009 080420 7 963.450 0.13237 
009 080420 7 976.900 0.20023 
009 080420 7 1034.600 0.24589 
009 080420 7 1053.800 0.17194 
009 080420 7 1178.675 0.15724 
009 080420 7 1192.750 0.11914 
009 080420 7 1217.075 0.22051 
009 080420 9 383.625 0.11741 
009 080420 13 3104.375 0.11654 
009 080420 13 3274.650 0.11673 
009 080420 13 3278.050 0.17875 
009 080420 13 3309.425 0.13596 
009 080420 13 3321.650 0.11333 
009 080420 13 3323.550 0.13690 
009 080420 13 3328.725 0.12491 
009 080420 13 3339.150 0.16039 
009 080420 13 3389.600 0.21172 
009 080420 13 3453.325 0.11829 
009 080420 13 3470.025 0.16948 
009 080420 13 3473.725 0.13685 
009 080420 13 3479.375 0.11817 
009 080420 13 3502.200 0.12034 
009 080420 13 3510.625 0.15424 
009 080420 13 3536.775 0.18852 
009 080420 13 3552.200 0.12124 
009 080420 13 3556.400 0.17216 
009 080420 13 3594.050 0.17147 
009 080420 14 43.675 0.11881 
009 080420 14 116.750 0.13946 
009 080420 14 134.925 0.14888 
009 080420 14 183.425 0.12453 
009 080420 14 197.950 0.13352 
009 080420 14 209.875 0.12564 
009 080420 14 386.825 0.13814 
009 080420 14 441.025 0.11369 
009 080420 14 445.675 0.13581 
009 080420 14 1159.925 0.11557 
009 080420 14 1211.475 0.12167 
009 080420 14 1882.275 0.11737 
009 080420 14 1898.350 0.15717 
009 080420 15 3264.475 0.12315 
009 080420 15 3414.250 0.12939 
009 080420 15 3418.975 0.12961 
009 080420 15 3565.425 0.11964 
009 080420 15 3570.500 0.14627 
009 080421 10 2291.050 0.11706 
009 080421 12 264.800 0.11794 
009 080421 12 1272.100 0.12535 
009 080421 12 1683.650 0.11633 
009 080421 12 1722.850 0.13986 
009 080421 12 1788.850 0.11385 
009 080421 12 1807.950 0.19084 
009 080421 12 1818.025 0.15906 
009 080421 12 2296.500 0.18747 
009 080421 12 2336.300 0.12569 
009 080421 12 3257.350 0.17534 
009 080421 13 1190.300 0.13421 
009 080421 13 1202.750 0.15138 
009 080421 13 1236.075 0.11807 
009 080421 13 1251.150 0.18101 
009 080421 13 1313.275 0.12398 
009 080421 14 2371.700 0.12735 
009 080421 14 2569.325 0.15738 
009 080421 14 3531.550 0.13294 
009 080421 16 2943.550 0.12593 
009 080421 16 3079.725 0.13104 
009 080421 16 3198.175 0.15161 
009 080421 16 3308.200 0.20762 
009 080421 16 3437.650 0.22920 
009 080421 17 212.350 0.11845 
009 080421 17 215.225 0.13153 
009 080421 17 249.025 0.12269 
009 080421 17 298.150 0.12731 
009 080421 17 339.875 0.11420 
009 080421 17 430.075 0.14216 
009 080421 17 464.500 0.12920 
009 080421 17 585.425 0.12479 
009 080421 17 680.100 0.13131 
009 080421 17 686.775 0.12259 
009 080421 17 822.150 0.11501 
009 080421 17 852.275 0.12745 
009 080421 17 867.725 0.16153 
009 080421 17 960.575 0.19902 
009 080421 17 964.025 0.12262 
009 080421 17 981.675 0.16906 
009 080421 17 1077.375 0.18483 
009 080421 17 1123.400 0.16586 
009 080421 17 1129.250 0.20997 
009 080421 17 1137.775 0.23424 
009 080421 17 1217.425 0.12876 
009 080421 17 1278.925 0.18011 
009 080421 17 1502.800 0.14764 
009 080421 17 1665.425 0.14759 
009 080421 17 1679.675 0.18047 
009 080421 17 1949.550 0.11505 
009 080421 17 2122.825 0.13824 
009 080421 17 2138.550 0.14208 
009 080421 17 2153.225 0.13351 
009 080421 17 2238.000 0.13642 
009 080421 17 2469.900 0.12489 
009 080421 17 2538.100 0.20983 
009 080421 17 2698.100 0.13623 
009 080421 23 846.725 0.11610 
009 080421 23 896.500 0.13899 
009 080421 23 920.750 0.11494 
009 080421 23 932.100 0.11477 
009 080421 23 975.375 0.11441 
009 080421 23 978.150 0.20480 
009 080421 23 1083.725 0.18714 
009 080421 23 1129.700 0.12824 
009 080421 23 1190.300 0.11706 
009 080421 23 1297.550 0.20252 
009 080421 23 1369.325 0.11585 
009 080421 23 1374.425 0.14157 
009 080421 23 1392.300 0.16623 
009 080421 23 1397.000 0.11419 
009 080421 23 1431.025 0.15556 
009 080421 23 1438.850 0.11882 
009 080421 23 1588.775 0.19788 
009 080421 23 1593.475 0.26726 
009 080421 23 1982.000 0.11679 
009 080421 23 1986.250 0.17507 
009 080421 23 1991.400 0.19175 
009 080421 23 2081.350 0.12616 
009 080421 23 2095.200 0.18344 
009 080421 23 2107.025 0.12047 
009 080421 23 2124.325 0.11597 
009 080421 23 2128.525 0.18428 
009 080421 23 2178.975 0.14292 
009 080425 2 69.675 0.11187 
009 080425 19 2318.775 0.10734 
