YBH  B039 ME09 ME10 ME30 ME13 KHBB WDC  ME27 ME28 ME26 ME12  
Threshhold: 8 
026 080408 2 326.200 0.13350 
026 080408 2 995.900 0.12353 
026 080408 2 1367.550 0.10540 
026 080408 2 1665.425 0.13095 
026 080408 2 1667.950 0.09972 
026 080408 2 1890.275 0.14713 
026 080408 2 1892.275 0.17896 
026 080408 2 2294.400 0.11973 
026 080408 2 2493.350 0.10432 
026 080408 2 2832.975 0.14496 
026 080408 2 3471.575 0.17315 
026 080408 2 3511.425 0.18523 
026 080408 2 3518.100 0.19549 
026 080408 3 328.500 0.13696 
026 080408 3 1037.550 0.13420 
026 080408 3 1045.725 0.12127 
026 080408 3 1086.325 0.11501 
026 080408 3 1090.075 0.14647 
026 080408 3 1092.525 0.10444 
026 080408 3 2051.650 0.12813 
026 080408 3 2080.400 0.13444 
026 080408 3 2105.075 0.12951 
026 080408 3 2107.850 0.14348 
026 080408 3 2157.000 0.24030 
026 080408 3 2158.475 0.10112 
026 080408 3 2167.800 0.13092 
026 080408 3 2207.825 0.18651 
026 080408 4 131.825 0.11555 
026 080408 4 139.650 0.14228 
026 080408 4 147.625 0.18515 
026 080408 4 156.775 0.10417 
026 080408 4 158.725 0.28201 
026 080408 4 172.300 0.20454 
026 080408 4 186.350 0.10205 
026 080408 4 285.625 0.10651 
026 080408 4 294.450 0.23035 
026 080408 4 299.675 0.14242 
026 080408 4 678.875 0.15817 
026 080408 4 684.575 0.20752 
026 080408 4 1065.025 0.11189 
026 080408 4 1081.700 0.10284 
026 080408 4 1083.675 0.14488 
026 080408 4 1112.900 0.26216 
026 080408 4 1114.850 0.10707 
026 080408 4 1221.675 0.11006 
026 080408 4 1223.725 0.21417 
026 080408 4 1871.350 0.17619 
026 080408 4 3171.375 0.16726 
026 080408 4 3192.375 0.13391 
026 080408 4 3195.550 0.15630 
026 080408 4 3197.575 0.12244 
026 080408 4 3201.200 0.18862 
026 080408 4 3226.150 0.12560 
026 080408 4 3236.650 0.23050 
026 080408 5 304.200 0.10016 
026 080408 5 1385.350 0.10114 
026 080408 5 1408.475 0.14802 
026 080408 5 1428.650 0.17637 
026 080408 5 1440.175 0.10108 
026 080408 5 1459.175 0.13392 
026 080408 5 1461.275 0.21858 
026 080408 5 1471.975 0.13410 
026 080408 5 1473.500 0.15059 
026 080408 5 2722.975 0.21252 
026 080408 5 2734.175 0.16203 
026 080408 5 2736.475 0.16801 
026 080408 5 2745.825 0.13500 
026 080408 5 2751.625 0.14561 
026 080408 5 2787.400 0.13957 
026 080408 5 2881.200 0.17082 
026 080408 5 2888.925 0.09974 
026 080408 5 3195.475 0.13681 
026 080408 5 3263.150 0.15607 
026 080408 5 3266.950 0.23732 
026 080408 6 722.550 0.15833 
026 080408 6 751.475 0.15674 
026 080408 6 765.100 0.14930 
026 080408 6 793.450 0.11557 
026 080408 6 1102.825 0.14453 
026 080408 6 2971.675 0.20382 
026 080408 7 914.500 0.13691 
026 080408 7 928.900 0.10597 
026 080408 7 931.150 0.18291 
026 080408 7 941.850 0.17054 
026 080408 7 993.675 0.19616 
026 080408 7 994.775 0.18415 
026 080408 7 1015.250 0.12433 
026 080408 7 1019.025 0.21548 
026 080408 7 1020.875 0.12845 
026 080408 7 1104.400 0.13230 
026 080408 7 1108.350 0.17217 
026 080408 8 1311.975 0.09964 
026 080408 8 1599.550 0.11560 
026 080408 8 1613.950 0.13299 
026 080408 8 1628.750 0.09990 
026 080408 8 1652.000 0.17641 
026 080408 8 1686.200 0.16732 
026 080408 8 1747.100 0.13484 
026 080408 8 1749.700 0.12981 
026 080408 8 1801.350 0.23674 
026 080408 8 1826.225 0.15906 
026 080408 8 2116.850 0.33945 
026 080408 8 2120.050 0.10842 
026 080408 10 1901.900 0.19423 
026 080408 10 1949.200 0.15776 
026 080408 10 2002.100 0.14992 
026 080408 10 2004.100 0.10309 
026 080408 10 2040.575 0.14796 
026 080408 10 2058.900 0.22670 
026 080408 10 2088.775 0.11709 
026 080408 10 2178.200 0.22721 
026 080408 10 2189.500 0.17569 
026 080408 15 2075.825 0.11892 
026 080408 15 2121.125 0.15976 
026 080408 15 2184.950 0.10877 
026 080408 15 2242.150 0.09957 
026 080408 15 2267.375 0.10518 
026 080408 15 2775.975 0.21547 
026 080408 16 1348.075 0.17386 
026 080408 16 1361.425 0.16168 
026 080408 16 1438.225 0.15498 
026 080408 16 1444.475 0.11355 
026 080408 16 1465.175 0.10132 
026 080408 16 1519.000 0.25015 
026 080408 16 1522.675 0.22818 
026 080408 16 1664.925 0.15920 
026 080408 16 1812.700 0.11974 
026 080408 16 1826.800 0.13322 
026 080408 16 2294.750 0.10314 
026 080408 16 2376.200 0.10044 
026 080408 16 2400.725 0.10421 
026 080408 16 3377.775 0.20056 
