KSXB ME01 YBH  ME03 ME02 KRMB B039 ME04 ME29 ME09  
Threshhold: 8 
060 080422 5 3042.425 0.14268 
060 080422 9 3436.925 0.12665 
060 080422 12 1798.900 0.14860 
060 080422 15 1475.900 0.14086 
060 080422 15 2501.200 0.14360 
060 080422 16 1789.350 0.17185 
060 080422 16 1800.775 0.11930 
060 080422 16 1881.750 0.12013 
060 080422 16 1882.900 0.15488 
060 080422 16 1888.125 0.10678 
060 080422 16 1916.850 0.13033 
060 080422 16 1941.175 0.12695 
060 080422 16 1950.025 0.19829 
060 080422 16 1952.525 0.10613 
060 080422 16 1955.025 0.17457 
060 080422 16 1957.525 0.13832 
060 080422 16 1964.675 0.19129 
060 080422 16 1967.175 0.15567 
060 080422 16 1971.225 0.16308 
060 080422 16 1981.525 0.14283 
060 080422 16 1984.000 0.12665 
060 080422 16 1993.150 0.13443 
060 080422 16 2005.775 0.13699 
060 080422 16 2008.250 0.16034 
060 080422 16 2012.725 0.16962 
060 080422 16 2014.750 0.13876 
060 080422 16 2020.950 0.14360 
060 080422 16 2022.975 0.14007 
060 080422 16 2042.100 0.20940 
060 080422 16 2044.600 0.15159 
060 080422 16 2052.200 0.20793 
060 080422 16 2054.675 0.14495 
060 080422 16 2055.775 0.20342 
060 080422 16 2057.850 0.18240 
060 080422 16 2069.050 0.18684 
060 080422 16 2071.525 0.12715 
060 080422 16 2081.150 0.20928 
060 080422 16 2122.625 0.20451 
060 080422 16 2157.850 0.19020 
060 080422 16 2240.125 0.11101 
060 080422 16 2242.050 0.17193 
060 080422 16 2249.650 0.20907 
060 080422 16 2253.175 0.15274 
060 080422 16 2265.550 0.15456 
060 080422 16 2266.600 0.12692 
060 080422 16 2268.450 0.14680 
060 080422 16 2341.050 0.17915 
060 080422 16 2343.525 0.15063 
060 080422 16 2345.050 0.12820 
060 080422 16 2468.225 0.12098 
060 080422 16 2477.125 0.13602 
060 080422 16 2489.900 0.23417 
060 080422 16 2492.350 0.17545 
060 080422 16 2494.875 0.17899 
060 080422 16 2497.375 0.30470 
060 080422 16 2499.850 0.12162 
060 080422 16 2523.700 0.12924 
060 080422 16 2537.300 0.19351 
060 080422 16 2538.800 0.21577 
060 080422 16 2540.825 0.17711 
060 080422 16 2604.450 0.23993 
060 080422 16 2901.700 0.13989 
060 080422 16 2902.800 0.22966 
060 080422 16 2905.275 0.12741 
060 080422 16 3142.425 0.18178 
060 080422 16 3144.900 0.13758 
060 080422 16 3159.725 0.26382 
060 080422 16 3208.550 0.16523 
060 080422 16 3230.725 0.10830 
060 080422 16 3333.475 0.15473 
060 080422 16 3341.150 0.13987 
060 080422 16 3344.050 0.16401 
060 080422 16 3347.650 0.13117 
060 080422 16 3594.050 0.14953 
060 080422 17 16.750 0.16203 
060 080422 17 19.225 0.13589 
060 080422 17 598.325 0.14803 
060 080422 17 602.525 0.17582 
060 080422 17 610.250 0.13103 
060 080422 17 631.225 0.15330 
060 080422 17 683.475 0.13678 
060 080422 17 1586.650 0.13260 
060 080422 19 2148.975 0.10589 
060 080422 19 2172.625 0.15725 
060 080422 19 2358.600 0.16907 
060 080422 19 2581.275 0.14074 
060 080422 19 3311.075 0.16192 
060 080422 20 668.175 0.13906 
060 080422 23 3108.575 0.13142 
060 080422 24 631.050 0.13643 
060 080422 24 643.300 0.18236 
060 080422 24 793.775 0.16967 
060 080422 24 796.275 0.13757 
060 080422 24 1034.625 0.17169 
060 080422 24 1101.825 0.17295 
060 080422 24 1103.400 0.15428 
060 080422 24 1107.900 0.14385 
060 080422 24 1675.825 0.10494 
060 080422 24 1724.075 0.14342 
060 080422 24 1922.425 0.13356 
060 080422 24 2056.500 0.18594 
060 080422 24 2061.300 0.12463 
060 080422 24 2064.275 0.15166 
060 080422 24 2067.425 0.13546 
060 080422 24 2079.050 0.15973 
060 080422 24 2081.500 0.11188 
060 080422 24 2087.600 0.13391 
060 080422 24 2105.800 0.12120 
060 080422 24 2143.025 0.11110 
060 080422 24 2167.025 0.17046 
060 080422 24 2639.800 0.17946 
060 080423 1 1159.175 0.10354 
060 080423 4 853.800 0.14361 
060 080423 4 2501.150 0.14700 
060 080423 4 2912.200 0.16498 
060 080423 4 2968.275 0.25971 
060 080423 4 2970.775 0.13179 
060 080423 4 3289.675 0.13700 
060 080423 4 3290.775 0.12878 
060 080423 4 3307.200 0.13391 
060 080423 4 3320.800 0.20995 
060 080423 4 3323.275 0.15116 
060 080423 5 220.125 0.14975 
060 080423 5 237.525 0.16832 
060 080423 5 252.725 0.14927 
060 080423 5 267.550 0.13976 
060 080423 5 272.975 0.16737 
060 080423 5 603.675 0.10570 
060 080423 13 1377.850 0.11571 
060 080424 3 424.325 0.13881 
060 080424 3 2152.625 0.11371 
060 080424 4 2254.150 0.12801 
060 080424 4 2550.275 0.12208 
060 080424 4 2848.375 0.13711 
060 080424 4 2919.325 0.13242 
060 080424 5 144.825 0.12524 
060 080424 5 795.275 0.12611 
060 080424 5 2197.525 0.13766 
060 080424 5 2248.850 0.09874 
060 080424 5 2302.225 0.09952 
060 080424 5 2304.700 0.15744 
060 080424 5 2307.125 0.11374 
060 080424 5 2309.600 0.12463 
060 080424 5 2311.650 0.13538 
060 080424 5 2317.175 0.13627 
060 080424 5 2325.975 0.14455 
060 080424 5 2331.875 0.14272 
060 080424 5 2340.950 0.21811 
060 080424 5 2359.500 0.13172 
060 080424 5 2365.575 0.15463 
060 080424 5 2374.075 0.15971 
060 080424 5 2386.525 0.14431 
060 080424 5 2398.200 0.13506 
060 080424 5 2400.275 0.19523 
060 080424 5 2402.725 0.14733 
060 080424 5 2409.300 0.18756 
060 080424 5 2433.025 0.13870 
060 080424 5 2467.300 0.16040 
060 080424 5 2508.650 0.12721 
060 080424 5 2510.750 0.17986 
060 080424 5 2513.875 0.14337 
060 080424 5 2515.925 0.23656 
060 080424 5 2518.425 0.14322 
060 080424 5 2534.675 0.35367 
060 080424 5 2537.150 0.15057 
060 080424 5 2638.125 0.12957 
060 080424 5 2641.175 0.13215 
060 080424 5 2651.650 0.17963 
060 080424 5 2654.150 0.12903 
060 080424 5 2780.125 0.13776 
060 080424 5 2782.125 0.16740 
060 080424 5 2790.800 0.28369 
060 080424 5 2793.250 0.16739 
060 080424 5 2816.275 0.17678 
060 080424 5 2818.300 0.28923 
060 080424 5 2820.775 0.20364 
060 080424 5 2855.400 0.13280 
060 080424 5 2865.725 0.12580 
060 080424 5 2870.325 0.15606 
060 080424 5 3148.575 0.14425 
060 080424 5 3498.775 0.14667 
060 080424 5 3511.625 0.12405 
060 080424 5 3512.725 0.12852 
060 080424 5 3514.075 0.14443 
060 080424 5 3530.550 0.13658 
060 080424 5 3533.200 0.25532 
060 080424 5 3535.675 0.13272 
060 080424 5 3548.700 0.15799 
060 080424 5 3558.425 0.17535 
060 080424 5 3560.050 0.29901 
060 080424 5 3562.500 0.44267 
060 080424 5 3564.950 0.15450 
060 080424 6 23.150 0.16393 
060 080424 6 26.700 0.15417 
060 080424 6 1917.625 0.10424 
060 080424 6 1929.600 0.12012 
060 080424 9 2920.575 0.14908 
060 080424 14 2290.725 0.12972 
060 080424 15 2448.325 0.10445 
060 080426 2 842.900 0.09283 
060 080426 19 3392.925 0.10071 
060 080426 20 1944.050 0.10140 
060 080426 20 2922.625 0.09348 
060 080427 2 832.600 0.08490 
060 080428 9 525.350 0.08386 
060 080428 15 1029.025 0.08200 
060 080429 7 165.175 0.09331 
060 080429 17 2160.725 0.09595 
060 080429 23 2773.275 0.09372 
060 080430 10 3496.200 0.09927 
