KSXB ME01 YBH  ME03 ME02 KRMB ME04 ME29  
Threshhold: 8 
030 080424 1 53.475 0.14904 
030 080424 2 80.275 0.19681 
030 080424 2 81.950 0.15882 
030 080424 2 1076.700 0.16949 
030 080424 2 1137.900 0.18373 
030 080424 2 1747.000 0.15005 
030 080424 3 1265.425 0.20088 
030 080424 4 869.200 0.12880 
030 080424 6 1626.700 0.17388 
030 080424 6 1654.625 0.22863 
030 080424 6 1655.750 0.16271 
030 080424 6 1670.250 0.18906 
030 080424 6 1678.875 0.17969 
030 080424 6 1697.225 0.21135 
030 080424 6 1931.625 0.24868 
030 080424 6 1934.050 0.12466 
030 080424 6 1998.025 0.12230 
030 080424 8 1066.300 0.11975 
030 080424 9 2479.975 0.15354 
030 080424 9 3076.225 0.18646 
030 080424 9 3171.100 0.14179 
030 080424 10 46.425 0.16238 
030 080424 10 59.950 0.12513 
030 080424 10 139.425 0.16512 
030 080424 10 204.200 0.12546 
030 080424 10 206.000 0.19439 
030 080424 10 229.225 0.16663 
030 080424 10 897.400 0.13658 
030 080424 10 987.250 0.15992 
030 080424 10 1171.450 0.18689 
030 080424 10 1338.850 0.24743 
030 080424 10 1615.150 0.15344 
030 080424 10 1619.975 0.12814 
030 080424 23 1538.675 0.17234 
030 080424 23 1741.075 0.20210 
030 080424 23 1758.700 0.12140 
030 080424 23 1888.650 0.12166 
030 080425 4 1817.350 0.15866 
030 080425 4 2260.025 0.14724 
030 080425 4 2261.250 0.11378 
030 080425 4 2421.100 0.12101 
030 080425 4 2437.875 0.15302 
030 080425 4 2513.075 0.16833 
030 080425 4 2558.775 0.19077 
030 080425 4 2561.050 0.12883 
030 080425 4 2881.300 0.10975 
030 080425 4 3547.375 0.16573 
030 080425 5 168.725 0.18959 
030 080425 5 220.475 0.18116 
030 080425 5 246.700 0.15732 
030 080425 5 330.625 0.17674 
030 080425 5 367.525 0.15665 
030 080425 5 664.150 0.17165 
030 080425 5 1060.850 0.12932 
030 080425 5 1192.225 0.14153 
030 080425 5 1202.400 0.21754 
030 080425 5 1204.675 0.12075 
030 080425 5 1838.650 0.17288 
030 080425 5 2024.625 0.19187 
030 080425 8 3466.900 0.12860 
030 080425 9 460.050 0.17361 
030 080425 9 1564.925 0.15036 
030 080425 16 868.475 0.14259 
030 080425 18 2542.575 0.16929 
030 080426 2 869.050 0.14574 
030 080426 7 1320.900 0.13265 
030 080426 7 2698.850 0.11209 
030 080426 7 3525.300 0.17566 
030 080426 9 520.375 0.18517 
030 080426 9 1624.125 0.12911 
030 080426 10 1255.600 0.13876 
030 080426 10 1765.125 0.19239 
030 080426 10 1766.375 0.24737 
030 080426 10 1883.900 0.19113 
030 080426 10 1949.050 0.14735 
030 080426 10 2124.575 0.15312 
030 080426 10 2531.400 0.16223 
030 080426 10 2793.775 0.12610 
030 080426 15 2778.600 0.16858 
030 080426 15 2783.150 0.12981 
030 080426 17 1445.225 0.18467 
030 080426 17 2198.575 0.13817 
030 080426 17 2617.250 0.12724 
030 080426 17 2912.100 0.11845 
030 080426 17 3385.950 0.11520 
030 080426 18 110.250 0.12950 
030 080426 18 175.125 0.11247 
030 080426 18 2036.725 0.13733 
030 080426 18 2040.100 0.13551 
030 080426 18 2106.825 0.16365 
030 080426 18 2116.825 0.14131 
030 080426 18 2119.225 0.22646 
030 080426 18 2120.400 0.11666 
030 080426 18 2211.275 0.12283 
030 080426 18 2216.100 0.18964 
030 080426 19 2228.025 0.19996 
030 080426 19 2256.325 0.17935 
030 080426 19 2306.650 0.17300 
030 080426 19 3128.975 0.11311 
030 080426 20 803.675 0.18027 
030 080426 20 1216.225 0.16050 
030 080426 20 1374.900 0.13682 
030 080426 20 1605.375 0.12473 
030 080426 20 1725.000 0.42986 
030 080426 20 1804.725 0.18025 
030 080426 20 1976.825 0.17433 
030 080426 20 1979.100 0.15048 
030 080426 20 2026.300 0.12671 
030 080427 6 1926.325 0.11467 
030 080427 13 3431.200 0.13552 
030 080427 14 143.525 0.17373 
030 080427 14 1019.950 0.15532 
030 080427 14 1161.650 0.13112 
030 080427 14 1197.750 0.16975 
030 080427 14 2236.175 0.12161 
030 080427 14 2291.275 0.15339 
030 080427 14 2441.850 0.10198 
030 080427 14 2443.475 0.10503 
030 080427 14 2454.500 0.14649 
030 080427 14 2979.125 0.12314 
030 080427 17 387.800 0.11302 
030 080427 17 487.450 0.14695 
030 080427 20 2904.175 0.10692 
030 080427 21 227.200 0.11453 
030 080427 21 920.475 0.13860 
030 080427 21 2785.275 0.10637 
