ME09 ME10 ME30 ME13 KHBB WDC  ME27 ME24 ME28 ME08 ME12 ME04 ME29 ME02 ME26  
Threshhold: 8 
040 080410 8 1489.125 0.14611 
040 080410 8 2058.625 0.09941 
040 080410 8 2721.325 0.14011 
040 080410 8 2747.975 0.10468 
040 080410 8 2840.500 0.09938 
040 080410 8 2941.225 0.11417 
040 080410 8 3055.925 0.11958 
040 080410 9 284.850 0.10015 
040 080410 9 326.300 0.14128 
040 080410 9 1192.850 0.13823 
040 080410 9 1701.275 0.14365 
040 080410 9 1727.275 0.13339 
040 080410 9 1740.225 0.19085 
040 080410 9 1836.225 0.11492 
040 080410 9 1869.575 0.21683 
040 080410 9 1886.500 0.09913 
040 080410 9 1889.000 0.21902 
040 080410 9 1911.425 0.14454 
040 080410 9 2044.675 0.12036 
040 080410 9 2140.425 0.14438 
040 080410 9 2147.000 0.18748 
040 080410 9 2156.700 0.15681 
040 080410 9 2157.850 0.09948 
040 080410 9 2183.450 0.10319 
040 080410 9 2197.625 0.22067 
040 080410 9 2206.525 0.13701 
040 080410 9 2327.450 0.19479 
040 080410 9 2342.350 0.15708 
040 080410 9 2390.325 0.10529 
040 080410 9 2509.450 0.16912 
040 080410 9 2561.575 0.15811 
040 080410 9 2618.250 0.14848 
040 080410 9 2639.925 0.17183 
040 080410 10 505.900 0.10144 
040 080410 10 559.900 0.11571 
040 080410 10 1419.250 0.15806 
040 080410 10 1468.650 0.18213 
040 080410 10 1478.925 0.15116 
040 080410 12 1306.525 0.14232 
040 080410 12 1476.525 0.11693 
040 080410 12 1543.825 0.16891 
040 080410 12 1602.500 0.15856 
040 080410 12 1619.625 0.17368 
040 080410 12 1620.925 0.16012 
040 080410 12 1628.100 0.15186 
040 080410 12 1682.950 0.17747 
040 080410 12 1772.875 0.19243 
040 080410 12 1774.050 0.14396 
040 080410 12 1775.700 0.14958 
040 080410 12 1792.050 0.22475 
040 080410 12 1818.475 0.10464 
040 080410 12 1923.150 0.12559 
040 080410 12 1937.950 0.20996 
040 080410 12 1944.625 0.18996 
040 080410 12 2207.000 0.13464 
040 080410 12 2223.975 0.10759 
040 080410 12 2231.450 0.12016 
040 080410 12 2310.000 0.32509 
040 080410 12 2329.900 0.11635 
040 080410 12 2331.875 0.14276 
040 080410 12 2376.650 0.09915 
040 080410 12 2402.675 0.16691 
040 080410 12 2440.675 0.10893 
040 080410 12 2463.300 0.16226 
040 080410 12 2466.550 0.17362 
040 080410 12 2505.675 0.10238 
040 080410 12 2512.575 0.10209 
040 080410 12 2513.750 0.10443 
040 080410 12 2524.100 0.20737 
040 080410 12 2539.325 0.17328 
040 080410 12 2548.250 0.13232 
040 080410 12 2555.500 0.11938 
040 080410 12 2619.600 0.15727 
040 080410 12 2680.450 0.11223 
040 080410 12 2828.525 0.23767 
040 080410 12 2830.225 0.13670 
040 080410 12 3017.275 0.11327 
040 080410 12 3025.750 0.23601 
040 080410 12 3060.950 0.12855 
040 080410 12 3064.225 0.10668 
040 080410 12 3066.400 0.10303 
040 080410 13 1398.475 0.11551 
040 080410 13 1415.275 0.12944 
040 080410 13 1472.175 0.14839 
040 080410 13 1474.800 0.10822 
040 080410 13 1497.875 0.16475 
040 080410 13 1514.825 0.13160 
040 080410 13 1558.325 0.20765 
040 080410 13 1565.100 0.14170 
040 080410 13 1604.075 0.17814 
040 080410 13 1617.900 0.10852 
040 080410 13 1631.175 0.20785 
040 080410 13 1721.625 0.23233 
040 080410 13 1838.075 0.15126 
040 080410 13 1868.950 0.18744 
040 080411 3 3111.350 0.13386 
040 080411 3 3364.775 0.10756 
040 080411 3 3425.500 0.12281 
040 080411 3 3523.025 0.16910 
040 080411 4  0.825 0.14532 
040 080411 4 133.825 0.13016 
040 080411 4 309.600 0.12582 
040 080411 4 323.475 0.20298 
040 080411 4 341.625 0.18664 
040 080411 4 539.100 0.10930 
040 080411 4 593.700 0.12199 
040 080411 4 658.600 0.18922 
040 080411 4 683.250 0.19604 
040 080411 4 724.900 0.15155 
040 080411 4 777.425 0.10906 
040 080411 4 831.650 0.15414 
040 080411 4 950.700 0.11645 
040 080411 4 1002.700 0.12843 
040 080411 4 1010.075 0.18252 
040 080411 4 1013.725 0.16194 
040 080411 4 1042.850 0.13591 
040 080411 4 1067.675 0.21778 
040 080411 4 1070.975 0.14812 
040 080411 4 1080.800 0.15328 
040 080411 4 1115.350 0.12759 
040 080411 4 1326.600 0.15405 
040 080411 4 1340.975 0.11998 
040 080411 4 1348.675 0.17227 
040 080411 4 1364.950 0.26982 
040 080411 4 1389.700 0.14254 
040 080411 4 1459.475 0.21875 
040 080411 4 1479.125 0.15582 
040 080411 4 2074.800 0.14060 
040 080411 4 2110.300 0.14617 
040 080411 4 2121.300 0.15032 
040 080411 4 2669.625 0.20612 
040 080411 4 2691.825 0.11692 
