ME02 ME04 ME29 ME09 ME10 ME30 ME13 KHBB WDC  ME27 ME08  
Threshhold: 8 
033 080419 4 692.750 0.12985 
033 080419 15 2433.225 0.11098 
033 080420 3 2574.525 0.09951 
033 080420 12 969.650 0.11509 
033 080420 13 3415.325 0.15946 
033 080420 13 3509.500 0.10886 
033 080420 14 458.600 0.10097 
033 080420 14 1874.950 0.15743 
033 080420 15 2963.975 0.10610 
033 080420 15 2970.700 0.16865 
033 080420 15 3020.050 0.17549 
033 080420 16 158.375 0.11851 
033 080420 16 375.800 0.11691 
033 080420 16 383.325 0.11056 
033 080420 16 420.625 0.16669 
033 080420 16 1042.350 0.12684 
033 080421 12 1723.950 0.11910 
033 080421 12 1771.325 0.11562 
033 080421 12 1880.275 0.09978 
033 080421 13 1229.425 0.10866 
033 080421 13 1519.150 0.10083 
033 080421 13 1532.875 0.15633 
033 080421 13 1672.600 0.12160 
033 080421 13 1694.150 0.12703 
033 080421 13 1700.675 0.14379 
033 080421 13 1807.450 0.15624 
033 080421 13 1987.125 0.18886 
033 080421 13 2624.625 0.15115 
033 080421 13 3067.525 0.14623 
033 080421 13 3294.375 0.12786 
033 080421 14 149.850 0.11841 
033 080421 14 2190.825 0.16559 
033 080421 14 2193.300 0.16027 
033 080421 14 2223.900 0.15286 
033 080421 14 2407.250 0.12666 
033 080421 14 2409.225 0.15455 
033 080421 14 2414.075 0.10186 
033 080421 14 2433.725 0.13642 
033 080421 14 2438.525 0.21010 
033 080421 14 2444.100 0.11378 
033 080421 14 2445.950 0.17200 
033 080421 14 2553.075 0.14952 
033 080421 14 2555.375 0.15059 
033 080421 14 2564.150 0.14714 
033 080421 14 2569.725 0.17383 
033 080421 14 2572.950 0.21001 
033 080421 14 2582.675 0.09955 
033 080421 14 2599.175 0.10822 
033 080421 14 2600.350 0.10822 
033 080421 14 2617.675 0.25043 
033 080421 14 2740.350 0.10830 
033 080421 14 2763.900 0.12020 
033 080421 14 2812.800 0.13077 
033 080421 14 2844.450 0.12652 
033 080421 14 2862.075 0.15354 
033 080421 14 2878.800 0.23789 
033 080421 14 2887.850 0.12003 
033 080421 14 2891.225 0.20136 
033 080421 14 2913.025 0.10033 
033 080421 14 3060.700 0.15584 
033 080421 14 3136.250 0.15460 
033 080421 14 3171.625 0.11034 
033 080421 14 3190.275 0.13531 
033 080421 14 3209.075 0.11879 
033 080421 14 3226.100 0.18865 
033 080421 14 3229.525 0.14638 
033 080421 14 3238.825 0.16469 
033 080421 14 3242.700 0.11620 
033 080421 14 3244.650 0.13027 
033 080421 14 3255.850 0.20914 
033 080421 14 3281.075 0.14264 
033 080421 14 3312.675 0.10044 
033 080421 14 3474.775 0.09917 
033 080421 14 3493.850 0.13141 
033 080421 14 3548.175 0.12174 
033 080421 14 3556.800 0.15816 
033 080421 15 433.750 0.15660 
033 080421 15 765.500 0.10784 
033 080421 15 864.575 0.13008 
033 080421 15 992.525 0.15265 
033 080421 15 1006.475 0.21280 
033 080421 15 1008.950 0.14715 
033 080421 15 1035.900 0.16822 
033 080421 15 1044.450 0.12302 
033 080421 15 1077.325 0.20862 
033 080421 15 2920.050 0.11150 
033 080421 16 2661.500 0.10514 
033 080421 16 2738.425 0.12166 
033 080421 16 2816.975 0.16879 
033 080421 16 2832.875 0.10529 
033 080421 16 2955.525 0.11766 
033 080421 16 3032.425 0.15062 
033 080421 16 3042.125 0.11422 
033 080421 16 3044.450 0.13808 
033 080421 16 3088.875 0.11078 
033 080421 16 3095.175 0.16780 
033 080421 16 3125.250 0.12042 
033 080421 16 3149.500 0.15902 
033 080421 16 3171.100 0.11069 
033 080421 16 3182.000 0.19565 
033 080421 16 3194.175 0.10085 
033 080421 16 3204.575 0.11946 
033 080421 16 3213.450 0.20984 
033 080421 16 3228.325 0.14852 
033 080421 16 3242.700 0.09947 
033 080421 16 3253.075 0.13655 
033 080421 16 3268.300 0.25136 
033 080421 16 3280.825 0.09958 
033 080421 16 3282.125 0.13308 
033 080421 16 3284.575 0.16232 
033 080421 16 3298.800 0.23425 
033 080421 16 3303.650 0.18504 
033 080421 16 3310.425 0.25240 
033 080421 16 3348.900 0.13388 
033 080421 16 3360.200 0.12738 
033 080421 16 3403.825 0.10506 
033 080421 16 3422.525 0.11464 
033 080421 16 3424.250 0.10013 
033 080421 16 3425.975 0.18997 
033 080421 16 3428.150 0.22320 
033 080421 16 3443.575 0.11073 
033 080421 16 3450.500 0.12156 
033 080421 16 3453.475 0.17734 
033 080421 17 66.675 0.11805 
033 080421 17 75.575 0.13072 
033 080421 17 80.450 0.17471 
033 080421 17 82.800 0.12317 
033 080421 17 86.275 0.10431 
033 080421 17 445.025 0.11826 
033 080421 17 449.200 0.11375 
033 080421 17 475.300 0.14410 
033 080421 17 478.750 0.10178 
033 080421 17 508.450 0.15512 
033 080421 17 513.300 0.21308 
033 080421 17 527.800 0.15903 
033 080421 17 595.525 0.12497 
033 080421 17 628.150 0.16312 
033 080421 17 630.650 0.20537 
033 080421 17 632.475 0.12280 
033 080421 17 684.100 0.10910 
033 080421 17 706.150 0.13597 
033 080421 17 762.350 0.13070 
033 080421 17 1763.275 0.12102 
033 080421 17 3281.775 0.11891 
033 080421 17 3370.825 0.12351 
033 080421 17 3419.825 0.10554 
033 080421 22 1479.725 0.13671 
033 080421 23 1330.275 0.10404 
033 080421 23 1366.425 0.12745 
033 080421 23 1525.700 0.18508 
033 080421 23 1531.950 0.12277 
033 080421 23 1572.600 0.15293 
033 080421 23 1580.450 0.10868 
033 080421 23 1598.025 0.14439 
033 080421 23 1621.425 0.11297 
033 080421 23 1635.075 0.22675 
033 080421 23 1644.550 0.22653 
033 080421 23 1660.275 0.10030 
033 080421 23 1668.625 0.13869 
033 080421 23 1685.375 0.13285 
033 080421 23 1708.750 0.20562 
033 080421 23 1728.525 0.14551 
033 080421 23 1744.300 0.20001 
033 080421 23 1752.200 0.18051 
033 080421 23 1781.125 0.09987 
033 080421 23 1789.100 0.11771 
033 080421 23 1831.200 0.13856 
033 080421 23 1858.450 0.14230 
033 080421 23 1871.050 0.10188 
033 080421 23 1878.950 0.20752 
033 080421 23 1890.000 0.34159 
033 080421 23 2072.200 0.12125 
033 080421 23 2171.725 0.15089 
033 080422 2 47.425 0.10141 
033 080422 2 149.800 0.11354 
033 080422 2 292.500 0.13714 
033 080422 2 471.800 0.12586 
033 080422 2 489.350 0.11406 
033 080422 2 510.450 0.09921 
033 080422 2 533.900 0.15709 
033 080422 2 554.450 0.12237 
033 080422 2 560.400 0.12323 
033 080422 2 595.150 0.13507 
033 080422 2 613.225 0.20429 
033 080422 2 726.125 0.14122 
033 080422 2 788.450 0.12283 
033 080422 2 880.675 0.11245 
033 080422 2 907.150 0.11389 
033 080422 2 910.100 0.17372 
033 080422 2 913.425 0.10820 
033 080422 2 915.875 0.23181 
033 080422 2 928.525 0.13497 
033 080422 2 964.550 0.10609 
033 080422 2 969.775 0.13184 
033 080422 2 991.175 0.10454 
033 080422 2 1008.125 0.17707 
033 080422 2 1010.850 0.11698 
033 080422 2 1036.925 0.10249 
033 080422 2 1039.975 0.11670 
033 080422 2 1041.925 0.16703 
033 080422 2 1056.025 0.12793 
033 080422 2 1185.900 0.12061 
033 080422 4 542.325 0.10218 
033 080422 4 588.050 0.11572 
033 080422 4 747.950 0.10574 
033 080422 4 1039.400 0.10898 
033 080422 4 1228.250 0.14562 
033 080422 4 1243.275 0.11098 
033 080422 4 1251.800 0.11966 
033 080422 4 1274.225 0.10153 
033 080422 4 1345.075 0.12797 
033 080422 4 1366.025 0.11077 
033 080422 4 1375.950 0.15061 
033 080422 4 1597.050 0.09805 
033 080422 4 1633.650 0.14824 
033 080422 4 1818.750 0.11179 
033 080422 4 1837.650 0.09995 
033 080422 4 1857.100 0.13128 
033 080422 4 2771.750 0.15424 
033 080422 4 2834.425 0.10407 
033 080422 4 2893.950 0.14983 
033 080422 4 2906.725 0.16651 
033 080422 4 2918.100 0.11078 
033 080422 4 3045.825 0.18171 
033 080422 4 3093.800 0.10442 
033 080422 4 3163.675 0.12708 
033 080422 4 3181.275 0.17333 
033 080422 4 3182.825 0.19536 
033 080422 4 3207.000 0.15173 
033 080422 4 3210.800 0.12718 
033 080422 4 3279.775 0.10531 
033 080422 5 82.275 0.14655 
033 080422 5 352.950 0.14114 
033 080422 5 415.000 0.09886 
033 080422 5 428.575 0.11831 
033 080422 12 2836.875 0.13948 
033 080422 12 2880.625 0.10752 
033 080422 12 3267.025 0.11507 
033 080422 12 3281.075 0.12909 
033 080422 12 3520.250 0.11310 
033 080422 12 3556.225 0.10128 
033 080422 12 3572.225 0.13318 
033 080422 12 3584.900 0.11706 
033 080422 13  2.800 0.10370 
033 080422 13 10.400 0.27817 
033 080422 13 20.800 0.10786 
033 080422 13 80.800 0.10709 
033 080422 13 87.850 0.21181 
033 080422 13 169.475 0.14571 
033 080422 13 179.575 0.10153 
033 080422 13 181.850 0.10446 
033 080422 13 493.075 0.16936 
033 080422 14 2140.700 0.11612 
033 080423 3 2948.525 0.14985 
033 080423 3 3063.225 0.10944 
033 080423 3 3134.350 0.12236 
033 080423 3 3200.750 0.12392 
033 080423 3 3240.075 0.14170 
033 080423 3 3279.650 0.14760 
033 080423 3 3355.650 0.12127 
033 080423 3 3412.725 0.12953 
033 080423 3 3458.500 0.22434 
033 080423 3 3467.250 0.14620 
033 080423 3 3473.950 0.13105 
033 080423 3 3546.350 0.12863 
033 080423 3 3558.300 0.13997 
033 080423 3 3569.475 0.15170 
033 080423 3 3573.800 0.13914 
033 080423 4 44.250 0.12006 
033 080423 4 74.850 0.23937 
033 080423 4 89.175 0.14596 
033 080423 4 211.100 0.10218 
033 080423 4 292.525 0.10297 
033 080423 4 379.675 0.12876 
033 080423 4 411.525 0.17467 
033 080423 4 417.550 0.11144 
033 080423 4 507.550 0.10324 
033 080423 4 580.950 0.11935 
033 080423 4 630.250 0.11435 
033 080423 4 649.650 0.10977 
033 080423 4 654.075 0.12750 
033 080423 4 1537.675 0.10611 
033 080423 4 2518.575 0.11975 
033 080423 4 2599.000 0.13122 
033 080423 4 2606.525 0.12077 
033 080423 4 2623.850 0.13460 
033 080423 4 2639.000 0.10207 
033 080423 4 2649.475 0.12099 
033 080423 4 2651.700 0.14820 
033 080423 4 2739.150 0.11062 
033 080423 4 2741.950 0.13357 
033 080423 4 2754.825 0.19036 
033 080423 4 2779.275 0.11630 
033 080423 4 2821.675 0.13554 
033 080423 4 2953.375 0.12333 
033 080423 4 2964.475 0.14188 
033 080423 4 3053.675 0.11543 
033 080423 4 3084.075 0.13233 
033 080423 8 1203.750 0.10138 
033 080423 12 824.550 0.10391 
033 080424 3 3372.150 0.09984 
033 080424 3 3419.575 0.09690 
033 080424 4 983.050 0.10908 
033 080424 4 2472.875 0.09246 
033 080424 4 2916.775 0.10540 
033 080425 24 2976.975 0.10409 
