ME02 ME04 ME09 KHBB ME13 ME27 WDC  ME28 ME08 ME12  
Threshhold: 8 
042 080412 6 1800.050 0.11017 
042 080412 7 84.075 0.11241 
042 080412 7 1317.125 0.13003 
042 080412 8 2714.600 0.16149 
042 080412 8 2874.350 0.15034 
042 080412 9 3370.500 0.14035 
042 080412 10 81.625 0.13231 
042 080412 10 149.550 0.10094 
042 080412 12 51.025 0.10089 
042 080412 12 871.725 0.11704 
042 080412 13 3238.725 0.13619 
042 080412 13 3472.450 0.11309 
042 080412 15 737.325 0.14287 
042 080413 2 707.200 0.15895 
042 080413 2 1602.400 0.15103 
042 080413 5 2862.800 0.13605 
042 080413 9 580.825 0.11621 
042 080413 10 2698.425 0.10580 
042 080413 14 624.350 0.17333 
042 080413 14 2726.075 0.11037 
042 080413 14 2789.875 0.14096 
042 080413 18 296.100 0.11013 
042 080413 18 2017.225 0.18307 
042 080413 18 2040.750 0.16774 
042 080413 19 1958.775 0.14455 
042 080413 20 2751.700 0.18557 
042 080413 20 2815.350 0.15236 
042 080413 22 423.200 0.11115 
042 080413 22 442.400 0.13292 
042 080413 22 529.650 0.10569 
042 080413 22 536.600 0.12379 
042 080413 22 598.600 0.11348 
042 080413 22 672.100 0.10671 
042 080414 2 3325.375 0.13527 
042 080414 2 3338.000 0.11226 
042 080414 2 3371.000 0.27171 
042 080414 3 81.025 0.14622 
042 080414 3 99.725 0.11574 
042 080414 3 396.600 0.14124 
042 080414 4 2974.900 0.12367 
042 080414 4 3350.200 0.11139 
042 080414 5 751.400 0.09968 
042 080414 5 1289.200 0.13682 
042 080414 7 2234.450 0.11984 
042 080414 7 2311.850 0.24671 
042 080414 7 2474.000 0.35211 
042 080414 7 2908.550 0.09560 
042 080414 7 3053.150 0.21686 
042 080414 7 3063.025 0.20002 
042 080414 7 3282.400 0.11227 
042 080414 8 1629.475 0.10086 
042 080414 8 2621.100 0.09565 
042 080414 10 1365.225 0.09650 
042 080414 10 1454.100 0.13585 
042 080414 10 1475.850 0.16216 
042 080414 11 753.075 0.11391 
042 080414 17 1931.475 0.12165 
042 080414 17 1936.850 0.14744 
042 080414 17 3581.575 0.13609 
042 080414 17 3588.775 0.10796 
042 080414 17 3594.650 0.22747 
042 080414 18 96.575 0.19335 
