ME01 YBH  B039 ME04 ME29 ME09 ME10 ME30 ME13 KHBB WDC  ME27  
Threshhold: 8 
039 080421 12 1219.075 0.11139 
039 080421 12 1671.625 0.12948 
039 080421 12 1718.150 0.08572 
039 080421 17 2936.675 0.08910 
039 080421 19 1515.800 0.09887 
039 080421 19 1517.950 0.16803 
039 080421 19 1575.900 0.12903 
039 080421 19 1578.025 0.17038 
039 080421 19 1631.375 0.12216 
039 080421 19 2134.125 0.08442 
039 080421 20 2631.350 0.08807 
039 080421 20 2691.600 0.10177 
039 080421 20 2693.700 0.16432 
039 080421 20 2879.100 0.11289 
039 080421 20 2881.225 0.16890 
039 080421 20 3122.150 0.12125 
039 080421 21 2727.425 0.16771 
039 080421 21 2751.900 0.10297 
039 080421 23 623.250 0.09197 
039 080421 23 629.200 0.12853 
039 080421 23 641.125 0.08576 
039 080421 23 777.325 0.15247 
039 080421 23 1206.475 0.09252 
039 080421 23 1247.850 0.10879 
039 080421 23 1516.775 0.12181 
039 080421 23 1527.400 0.09164 
039 080421 23 1551.250 0.09231 
039 080421 23 2596.525 0.13198 
039 080421 24 135.250 0.15443 
039 080421 24 137.375 0.22728 
039 080421 24 198.525 0.10803 
039 080421 24 2102.650 0.12439 
039 080421 24 2104.775 0.17304 
039 080421 24 2109.650 0.09435 
039 080421 24 2119.900 0.08647 
039 080421 24 2139.700 0.11523 
039 080421 24 2141.825 0.16475 
039 080421 24 2187.775 0.09503 
039 080421 24 2222.900 0.08543 
039 080422 1 3392.575 0.11194 
039 080422 1 3422.475 0.10388 
039 080422 1 3436.575 0.10490 
039 080422 1 3448.075 0.15360 
039 080422 1 3469.850 0.13806 
039 080422 1 3471.975 0.20208 
039 080422 1 3499.775 0.11891 
039 080422 1 3505.050 0.18543 
039 080422 1 3523.800 0.09339 
039 080422 1 3566.550 0.08998 
039 080422 1 3592.950 0.15068 
039 080422 1 3595.950 0.16174 
039 080422 2 53.075 0.10925 
039 080422 2 222.450 0.12816 
039 080422 2 225.250 0.21690 
039 080422 2 290.950 0.12112 
039 080422 2 484.850 0.13993 
039 080422 3 1395.425 0.09018 
039 080422 4 961.775 0.10429 
039 080422 4 1272.625 0.09160 
039 080422 4 1361.800 0.20591 
039 080422 4 1708.075 0.10296 
039 080422 5 336.900 0.09379 
039 080422 5 350.850 0.12133 
039 080422 5 352.950 0.10680 
039 080422 7 2124.125 0.11514 
039 080422 7 2207.500 0.15540 
039 080422 7 2239.250 0.12273 
039 080422 7 2243.575 0.15778 
039 080422 7 2245.725 0.20217 
039 080422 9 3121.400 0.14494 
039 080422 9 3147.850 0.11040 
039 080422 9 3242.275 0.11190 
039 080422 9 3248.700 0.15365 
039 080422 9 3250.800 0.21155 
039 080422 9 3272.975 0.08922 
039 080422 9 3284.875 0.08878 
039 080422 10 1326.400 0.10612 
039 080422 10 1852.350 0.10426 
039 080422 10 2068.100 0.16716 
039 080422 10 2070.200 0.18814 
039 080422 10 2072.100 0.12574 
039 080422 10 2074.200 0.17123 
039 080422 10 2079.275 0.14173 
039 080422 10 2082.425 0.13934 
039 080422 10 2084.575 0.27611 
039 080422 10 2095.425 0.09183 
039 080422 10 2157.700 0.13455 
039 080422 10 2167.950 0.18293 
039 080422 10 2179.375 0.11405 
039 080422 10 2195.025 0.13721 
039 080422 12 937.150 0.11078 
039 080422 12 1030.350 0.12455 
039 080422 12 1102.900 0.12027 
039 080422 12 1105.050 0.16074 
039 080422 12 1151.900 0.11267 
039 080422 12 1154.000 0.24032 
039 080422 12 1376.650 0.11812 
039 080422 12 1625.150 0.11629 
039 080422 12 2005.400 0.12911 
039 080422 12 2021.325 0.29780 
039 080422 12 2034.200 0.10703 
039 080422 12 2041.300 0.15613 
039 080422 12 2044.700 0.17342 
039 080422 12 2057.125 0.11979 
039 080422 12 2086.000 0.15192 
039 080422 12 2118.050 0.10723 
039 080422 12 2126.500 0.12172 
039 080422 12 2132.625 0.14504 
039 080422 12 2134.700 0.19235 
039 080422 12 2250.025 0.19990 
039 080422 12 2252.850 0.17038 
039 080422 12 2497.500 0.15086 
039 080422 13 907.950 0.09858 
039 080422 13 1010.500 0.09844 
039 080422 24 307.125 0.12394 
039 080422 24 391.150 0.09341 
039 080422 24 547.775 0.09177 
039 080422 24 595.375 0.12770 
039 080422 24 610.575 0.09167 
039 080422 24 614.100 0.15139 
039 080422 24 646.075 0.11549 
039 080422 24 677.150 0.12030 
039 080422 24 706.100 0.08803 
039 080422 24 781.375 0.12385 
039 080422 24 885.375 0.09034 
039 080422 24 889.325 0.09808 
039 080422 24 1040.250 0.11664 
039 080422 24 1042.400 0.15434 
039 080423 2 477.600 0.09105 
039 080423 2 1975.450 0.11934 
039 080423 3 1891.525 0.12067 
039 080423 3 2358.050 0.11695 
039 080423 3 2381.025 0.11194 
039 080423 3 3192.100 0.09860 
039 080423 3 3197.800 0.11840 
039 080423 3 3241.600 0.08857 
039 080423 3 3250.725 0.19567 
039 080423 3 3323.100 0.09400 
039 080423 3 3517.775 0.09807 
039 080423 3 3586.275 0.12372 
039 080423 3 3588.375 0.10853 
039 080423 3 3595.750 0.15124 
039 080423 3 3597.875 0.13825 
039 080423 4 81.300 0.11164 
039 080423 4 138.225 0.11181 
039 080423 4 140.325 0.23498 
039 080423 4 305.500 0.19122 
039 080423 4 307.650 0.25463 
039 080423 4 332.525 0.13507 
039 080423 4 334.675 0.18018 
039 080423 4 427.625 0.11629 
039 080423 4 1706.100 0.08791 
039 080423 4 3035.825 0.12244 
039 080423 4 3055.625 0.10527 
039 080423 4 3057.750 0.15369 
039 080423 4 3123.225 0.13843 
039 080423 4 3125.350 0.18254 
039 080423 5 1426.075 0.08786 
039 080423 12 2163.425 0.09456 
039 080423 12 3256.350 0.12460 
039 080424 3 3222.625 0.08301 
039 080424 4 1703.000 0.10827 
039 080424 4 1813.250 0.12028 
039 080424 4 2263.400 0.11284 
039 080424 4 2351.650 0.10300 
039 080424 4 2374.400 0.08683 
039 080424 4 2376.600 0.10125 
039 080424 4 2562.000 0.12454 
039 080424 4 2766.600 0.09791 
039 080424 4 2772.925 0.12290 
039 080424 4 2811.275 0.08526 
039 080424 4 2957.025 0.15218 
039 080424 4 3043.625 0.10695 
039 080424 4 3045.700 0.14615 
039 080424 23 2868.675 0.11938 
039 080424 23 3393.575 0.10572 
039 080426 2 845.675 0.09199 
039 080430 11 642.150 0.07855 
