ME01 YBH  ME03 ME02 B039 ME04 ME29 ME30  
Threshhold: 8 
042 080427 1 785.250 0.10156 
042 080427 1 2019.575 0.14100 
042 080427 1 3294.525 0.10859 
042 080427 2 772.500 0.10360 
042 080427 2 805.450 0.16473 
042 080427 2 1250.625 0.10179 
042 080427 2 2599.425 0.11111 
042 080427 3 3095.775 0.14467 
042 080427 3 3129.350 0.09776 
042 080427 3 3292.850 0.12042 
042 080427 3 3315.375 0.12809 
042 080427 4 2389.300 0.14145 
042 080427 6 2028.700 0.12979 
042 080427 6 2283.425 0.10874 
042 080427 6 2286.750 0.16141 
042 080427 6 2485.000 0.32034 
042 080427 6 2526.225 0.09730 
042 080427 11  1.375 0.09814 
042 080427 13 665.350 0.10513 
042 080427 13 2090.925 0.10054 
042 080427 13 2129.325 0.09983 
042 080427 13 2130.675 0.19285 
042 080427 13 2511.625 0.11197 
042 080427 13 2811.350 0.14747 
042 080427 13 2853.725 0.14044 
042 080427 13 2898.425 0.12167 
042 080427 13 3074.350 0.10313 
042 080427 13 3094.475 0.09872 
042 080427 13 3109.150 0.10692 
042 080427 13 3124.125 0.13858 
042 080427 13 3128.000 0.15016 
042 080427 13 3130.725 0.20453 
042 080427 13 3133.700 0.12242 
042 080427 13 3337.000 0.12702 
042 080427 13 3377.675 0.15678 
042 080427 13 3483.425 0.11339 
042 080427 14 46.850 0.10238 
042 080427 14 261.825 0.17996 
042 080427 14 446.825 0.10206 
042 080427 14 1333.025 0.12463 
042 080427 14 2017.675 0.15492 
042 080427 14 2035.550 0.12885 
042 080427 14 2078.400 0.09663 
042 080427 14 2123.150 0.15155 
042 080427 14 2209.825 0.09830 
042 080427 14 2249.950 0.16218 
042 080427 14 2266.500 0.10588 
042 080427 14 2300.900 0.14823 
042 080427 14 2315.425 0.15688 
042 080427 14 2402.225 0.10534 
042 080427 14 2449.325 0.17907 
042 080427 14 2464.625 0.16279 
042 080427 14 2512.400 0.10985 
042 080427 14 2981.675 0.14630 
042 080427 17 425.550 0.11714 
042 080427 18 1029.525 0.12114 
042 080427 20 2896.025 0.11165 
042 080427 20 3054.950 0.10566 
042 080427 20 3089.825 0.15737 
042 080427 20 3263.075 0.11907 
042 080427 20 3342.775 0.16436 
042 080427 21 2738.950 0.09798 
042 080427 21 2878.600 0.13748 
042 080427 21 3239.000 0.10203 
042 080428 6 3239.100 0.08940 
042 080428 6 3471.850 0.08956 
042 080428 6 3474.775 0.09757 
042 080428 8 1757.775 0.12982 
042 080428 8 1801.900 0.13396 
042 080428 8 1820.150 0.12634 
042 080428 8 1917.325 0.15088 
042 080428 8 2461.325 0.12587 
042 080428 8 2529.200 0.21647 
042 080428 8 2546.425 0.08999 
042 080428 8 2599.725 0.09220 
042 080428 8 2643.225 0.12132 
042 080428 8 2688.500 0.17037 
042 080428 8 2695.525 0.11814 
042 080428 8 2701.875 0.09136 
042 080428 8 2771.750 0.14151 
042 080428 8 2900.975 0.09163 
042 080428 8 2902.300 0.11698 
042 080428 8 2950.750 0.17245 
042 080428 8 2960.700 0.09513 
042 080428 8 2968.025 0.14612 
042 080428 8 2969.375 0.09255 
042 080428 8 3031.200 0.10456 
042 080428 8 3058.575 0.14934 
042 080428 8 3080.150 0.15675 
042 080428 8 3166.500 0.08905 
042 080428 8 3243.625 0.14366 
042 080428 8 3254.125 0.19523 
042 080428 8 3355.350 0.16698 
042 080428 8 3358.700 0.11116 
042 080428 8 3360.850 0.14151 
042 080428 8 3362.400 0.16284 
042 080428 8 3408.400 0.09408 
042 080428 8 3496.525 0.09207 
042 080428 8 3497.850 0.11068 
042 080428 8 3515.900 0.08923 
042 080428 8 3570.475 0.14217 
042 080428 8 3580.775 0.14909 
042 080428 9 18.350 0.11119 
042 080428 9 56.025 0.09262 
042 080428 9 68.275 0.16599 
042 080428 9 107.200 0.15413 
042 080428 9 138.450 0.22227 
042 080428 9 170.275 0.10509 
042 080428 9 219.775 0.14626 
042 080428 9 241.450 0.20779 
042 080428 9 245.650 0.22471 
042 080428 9 260.650 0.19091 
042 080428 9 263.975 0.16947 
042 080428 9 308.025 0.11435 
042 080428 9 358.150 0.09550 
042 080428 9 378.625 0.12465 
042 080428 9 530.975 0.21083 
042 080428 9 608.925 0.12974 
042 080428 9 653.400 0.10781 
042 080428 9 681.975 0.14807 
042 080428 9 685.225 0.20007 
042 080428 9 733.875 0.15481 
042 080428 9 751.125 0.09244 
042 080428 9 785.325 0.15537 
042 080428 9 803.375 0.09655 
042 080428 9 862.100 0.15541 
042 080428 9 1164.775 0.09374 
042 080428 9 1300.850 0.10862 
042 080428 9 1711.100 0.10225 
042 080428 9 2788.100 0.11287 
042 080429 6 2581.825 0.14870 
042 080429 8 2574.925 0.13142 
042 080429 8 2718.400 0.14963 
042 080429 8 2865.100 0.11131 
042 080429 8 3194.250 0.10490 
042 080429 8 3209.325 0.13428 
042 080429 8 3320.600 0.12989 
042 080429 8 3356.750 0.11537 
042 080429 8 3393.975 0.10734 
042 080429 8 3396.825 0.23821 
042 080429 8 3414.375 0.10197 
042 080429 9  7.575 0.18881 
042 080429 9 409.550 0.10070 
042 080429 9 421.175 0.12899 
042 080429 9 449.600 0.10318 
042 080429 9 977.175 0.11716 
042 080429 9 1269.600 0.11618 
042 080429 11 1242.375 0.12420 
042 080429 11 1471.325 0.15817 
042 080429 15 2487.875 0.11651 
042 080429 15 2491.150 0.16390 
042 080429 15 2502.850 0.16557 
042 080429 15 2538.475 0.10837 
042 080429 15 2549.025 0.13935 
042 080429 15 2552.600 0.10000 
042 080429 15 3163.675 0.18931 
042 080429 15 3521.625 0.12659 
042 080429 16 80.975 0.11486 
042 080429 16 707.375 0.09850 
042 080429 22 845.350 0.13996 
042 080429 23 2744.625 0.10056 
042 080429 23 2778.025 0.16622 
042 080429 24 743.175 0.12926 
042 080429 24 1246.275 0.13919 
042 080429 24 1941.550 0.11929 
042 080430 1 2752.925 0.10575 
042 080430 2 937.025 0.11109 
042 080430 2 1165.875 0.16201 
042 080430 2 1169.725 0.10595 
042 080430 2 2061.175 0.11796 
042 080430 2 2315.300 0.10715 
042 080430 4 3316.300 0.10615 
042 080430 5 568.175 0.10654 
042 080430 9 655.150 0.17108 
042 080430 9 1244.500 0.11586 
042 080430 10 2009.300 0.14234 
042 080430 10 3247.675 0.11052 
042 080430 10 3506.875 0.10588 
042 080430 10 3508.850 0.16587 
042 080430 10 3523.975 0.10882 
042 080430 10 3525.300 0.19694 
042 080430 11 193.900 0.10580 
042 080430 11 208.750 0.11243 
042 080430 11 628.925 0.15985 
042 080430 11 1827.600 0.11872 
042 080430 22 1427.250 0.12616 
