YBH  ME02 ME04 ME29 ME09 ME10 ME30 ME13 KHBB WDC  ME27 ME24 ME28 ME08  
Threshhold: 8 
023 080413 2 2105.600 0.17168 
023 080413 2 2175.600 0.14175 
023 080413 2 2219.250 0.13077 
023 080413 2 2325.100 0.13467 
023 080413 2 2549.025 0.12761 
023 080413 2 3039.075 0.20399 
023 080413 2 3264.725 0.19985 
023 080413 2 3346.250 0.14933 
023 080413 2 3383.375 0.13152 
023 080413 2 3437.675 0.20622 
023 080413 3 134.550 0.12727 
023 080413 3 511.550 0.12923 
023 080413 3 538.125 0.14868 
023 080413 3 636.975 0.21965 
023 080413 3 727.475 0.17404 
023 080413 3 737.575 0.28120 
023 080413 3 975.275 0.21145 
023 080413 3 1028.350 0.20414 
023 080413 3 1047.475 0.19354 
023 080413 3 1071.525 0.13711 
023 080413 3 1832.825 0.13350 
023 080413 3 1880.225 0.19812 
023 080413 3 1887.000 0.19326 
023 080413 3 2143.525 0.14705 
023 080413 3 3467.575 0.29948 
023 080413 3 3500.350 0.16020 
023 080413 3 3505.800 0.16638 
023 080413 3 3551.800 0.23816 
023 080413 4 859.625 0.20273 
023 080413 4 885.375 0.19958 
023 080413 4 936.975 0.22136 
023 080413 4 2254.350 0.17065 
023 080413 4 3263.800 0.30118 
023 080413 5 2121.375 0.20693 
023 080413 7 349.075 0.23505 
023 080413 7 363.250 0.23437 
023 080413 7 428.450 0.13901 
023 080413 7 448.600 0.19533 
023 080413 7 512.650 0.17009 
023 080413 7 531.075 0.22988 
023 080413 7 539.700 0.14795 
023 080413 7 774.150 0.22205 
023 080413 7 781.425 0.15160 
023 080413 7 796.100 0.24239 
023 080413 7 826.825 0.13058 
023 080413 7 828.600 0.20796 
023 080413 7 835.650 0.41166 
023 080413 7 839.175 0.13246 
023 080413 7 905.600 0.33123 
023 080413 7 994.200 0.16640 
023 080413 7 1047.575 0.15543 
023 080413 7 1068.575 0.22876 
023 080413 7 1076.175 0.20206 
023 080413 7 1079.575 0.16984 
023 080413 7 1087.825 0.15571 
023 080413 7 1219.950 0.13008 
023 080413 7 1253.800 0.13214 
023 080413 7 1266.725 0.13126 
023 080413 7 1270.175 0.16528 
023 080413 7 1275.650 0.26484 
023 080413 7 1280.075 0.14635 
023 080413 7 1290.000 0.40372 
023 080413 7 1385.300 0.19390 
023 080413 19 3410.200 0.17008 
023 080413 20 584.225 0.14187 
023 080413 20 587.625 0.21516 
023 080413 20 623.925 0.17012 
023 080413 20 633.550 0.21068 
023 080413 20 1396.725 0.21419 
023 080413 21 2615.525 0.14286 
023 080415 10 189.275 0.13283 
023 080415 10 1092.550 0.14039 
023 080415 10 1100.875 0.15675 
023 080415 10 1436.175 0.18453 
023 080415 10 1874.600 0.22412 
023 080415 10 2002.250 0.12322 
023 080415 10 2087.975 0.14635 
023 080415 10 2092.775 0.15884 
023 080415 10 2786.625 0.14660 
023 080415 10 2792.225 0.32906 
023 080415 10 2980.350 0.20734 
023 080415 10 3055.575 0.17691 
023 080415 10 3067.975 0.12583 
023 080415 10 3096.875 0.21232 
023 080415 10 3576.025 0.17796 
023 080415 11 102.800 0.16866 
023 080415 11 274.075 0.16406 
023 080415 11 381.875 0.22344 
023 080415 11 465.425 0.14001 
023 080415 11 546.825 0.20115 
023 080415 11 1849.150 0.15447 
023 080415 11 1862.275 0.15895 
023 080415 11 1911.825 0.18551 
023 080415 11 1926.550 0.12317 
023 080415 11 1937.600 0.29491 
023 080415 11 1963.325 0.12583 
023 080415 11 1968.375 0.26053 
023 080415 11 1976.550 0.12442 
023 080415 11 1993.125 0.12593 
023 080415 11 3344.375 0.14437 
023 080415 11 3377.225 0.13348 
023 080415 11 3479.450 0.19869 
023 080415 11 3499.650 0.26285 
023 080415 12 2647.475 0.12533 
023 080415 12 2649.275 0.14025 
023 080415 13 217.575 0.12548 
023 080415 14 1249.500 0.12483 
023 080416 14 2960.375 0.20826 
023 080416 14 3588.475 0.19415 
023 080416 15 77.475 0.17760 
023 080416 15 79.275 0.14013 
023 080416 15 207.300 0.19544 
023 080416 15 675.200 0.12860 
023 080416 16 22.525 0.16943 
023 080419 4 2249.500 0.12456 
023 080420 3 1907.925 0.13383 
023 080420 3 3290.425 0.12658 
023 080420 4 1041.450 0.19491 
023 080420 4 1100.275 0.13972 
023 080420 4 1146.000 0.13161 
023 080420 4 1192.525 0.13547 
023 080420 4 1253.575 0.12689 
023 080420 4 1284.500 0.17169 
023 080420 4 1542.300 0.22217 
023 080420 4 1569.950 0.15008 
023 080420 4 1838.750 0.13701 
023 080420 4 2420.700 0.15343 
023 080420 4 2430.575 0.17365 
023 080420 4 2702.425 0.16809 
023 080420 4 2920.000 0.17766 
023 080420 4 2926.250 0.12551 
023 080420 4 3140.975 0.17973 
023 080420 4 3162.950 0.16842 
023 080420 5 371.275 0.12177 
023 080420 5 374.125 0.12866 
023 080420 5 425.075 0.14392 
023 080420 5 453.825 0.13231 
023 080420 5 469.225 0.13956 
023 080420 5 523.775 0.15330 
023 080420 5 546.425 0.12501 
023 080420 5 559.375 0.15217 
023 080420 5 569.550 0.27655 
023 080420 5 572.350 0.14133 
023 080420 5 577.700 0.18307 
023 080420 5 613.525 0.12243 
023 080420 5 620.200 0.16580 
023 080420 5 625.475 0.16543 
023 080420 5 645.725 0.13651 
023 080420 5 1199.725 0.14002 
023 080420 5 1260.250 0.13191 
023 080420 5 1612.850 0.12338 
023 080420 5 1746.325 0.18898 
023 080420 5 1758.325 0.20837 
023 080420 5 1794.275 0.21889 
023 080420 5 1800.275 0.12640 
023 080420 6 217.575 0.13436 
023 080420 6 781.100 0.12780 
023 080420 6 2889.125 0.19759 
023 080420 6 2897.250 0.17579 
023 080420 6 2913.950 0.13071 
023 080420 6 2974.450 0.13056 
023 080420 6 3015.700 0.14546 
023 080420 7 2005.800 0.12620 
023 080420 7 2259.850 0.16737 
023 080420 7 2463.725 0.12775 
023 080420 7 2484.475 0.12295 
023 080420 7 2502.050 0.13582 
023 080420 8 1667.925 0.13185 
