ME01 YBH  ME02 ME04 ME29 ME09 ME10 ME30 ME13 KHBB WDC  ME27 ME24 ME28 ME08 ME26 ME12  
Threshhold: 8 
040 080412 11 2029.500 0.10186 
040 080412 11 2175.050 0.11321 
040 080412 13 1316.775 0.10574 
040 080412 13 1529.425 0.10395 
040 080412 13 1551.975 0.10439 
040 080412 13 1572.525 0.10567 
040 080412 14 245.325 0.12475 
040 080412 14 385.125 0.10325 
040 080412 14 407.325 0.15193 
040 080412 14 968.375 0.15264 
040 080412 14 1246.575 0.10460 
040 080412 14 1838.550 0.14365 
040 080412 15 674.750 0.11102 
040 080412 15 777.950 0.11778 
040 080412 15 790.275 0.13753 
040 080412 15 1018.425 0.10226 
040 080412 15 1055.400 0.10569 
040 080412 15 1090.100 0.25216 
040 080412 15 1099.975 0.15939 
040 080412 15 1236.925 0.14637 
040 080412 15 1242.475 0.11420 
040 080412 15 1342.175 0.12091 
040 080412 15 3598.975 0.12446 
040 080412 16 63.750 0.15084 
040 080412 16 140.675 0.17292 
040 080412 16 146.975 0.12877 
040 080412 16 149.900 0.12116 
040 080412 16 228.000 0.10926 
040 080412 22 802.975 0.10568 
040 080412 22 1100.000 0.11386 
040 080412 22 1149.225 0.11714 
040 080412 22 1163.050 0.10496 
040 080412 22 2086.800 0.16777 
040 080412 22 2115.250 0.18884 
040 080412 22 2152.125 0.10214 
040 080412 22 2157.225 0.12691 
040 080412 22 2310.175 0.35914 
040 080412 22 2327.725 0.25611 
040 080412 22 2358.625 0.13266 
040 080412 22 2367.500 0.20573 
040 080412 22 2440.450 0.23526 
040 080412 22 2543.300 0.11576 
040 080412 22 2686.000 0.10649 
040 080412 22 2699.750 0.18589 
040 080412 22 2711.575 0.27669 
040 080412 22 2728.475 0.16841 
040 080412 22 2734.125 0.37392 
040 080412 22 2811.125 0.10490 
040 080412 22 2814.850 0.10741 
040 080412 22 2855.025 0.13845 
040 080412 22 2866.700 0.20140 
040 080412 22 2870.750 0.12167 
040 080412 22 2876.000 0.21043 
040 080412 22 3143.025 0.14570 
040 080412 22 3148.700 0.10378 
040 080412 23  2.075 0.12404 
040 080412 23 12.450 0.13994 
040 080412 23 46.875 0.10873 
040 080412 23 54.200 0.10891 
040 080412 23 61.350 0.14616 
040 080412 23 70.975 0.22912 
040 080412 23 94.400 0.19848 
040 080412 23 104.150 0.13253 
040 080412 23 119.050 0.12167 
040 080412 23 2473.675 0.14265 
040 080412 23 2537.025 0.13096 
040 080412 23 2638.250 0.17973 
040 080412 23 2652.425 0.10398 
040 080412 24 2220.900 0.12025 
040 080412 24 2241.775 0.15252 
040 080412 24 2318.450 0.11971 
040 080412 24 2351.425 0.12910 
040 080412 24 2394.450 0.13542 
040 080412 24 2408.525 0.14660 
040 080412 24 2410.625 0.11651 
040 080412 24 2412.325 0.12264 
040 080412 24 2417.175 0.14372 
040 080412 24 2420.700 0.12559 
040 080412 24 2428.025 0.25954 
040 080412 24 2455.600 0.13518 
040 080412 24 2473.375 0.14330 
040 080412 24 2490.825 0.10064 
040 080412 24 2493.400 0.24149 
040 080412 24 2506.450 0.26359 
040 080412 24 2533.125 0.18144 
040 080412 24 2585.150 0.12033 
040 080412 24 2639.425 0.10150 
040 080412 24 2640.500 0.10804 
040 080412 24 2644.000 0.15955 
040 080412 24 2645.650 0.12058 
040 080413 12 2908.375 0.13538 
040 080413 12 3084.625 0.12809 
040 080413 12 3109.275 0.10873 
040 080413 12 3385.475 0.11249 
040 080413 12 3404.750 0.21533 
040 080413 12 3414.075 0.11819 
040 080413 12 3415.575 0.10389 
040 080413 12 3435.375 0.16657 
040 080413 12 3460.875 0.15756 
040 080413 12 3474.625 0.12638 
040 080413 12 3480.425 0.13145 
040 080413 12 3484.075 0.12141 
040 080413 13  5.275 0.19791 
040 080413 13 670.650 0.13878 
040 080413 13 698.200 0.12929 
040 080413 13 748.875 0.22851 
040 080413 13 1370.400 0.11502 
040 080413 13 1410.500 0.12026 
040 080413 13 1421.600 0.11758 
040 080413 13 1425.425 0.31180 
040 080413 13 1442.575 0.15758 
040 080413 13 1461.375 0.24829 
040 080413 13 1471.725 0.12088 
040 080413 13 1485.750 0.22007 
040 080413 13 1583.500 0.12531 
040 080413 13 1588.625 0.12069 
040 080413 13 1606.375 0.18862 
040 080413 13 1612.000 0.10378 
040 080413 13 1615.525 0.13424 
040 080413 13 1623.650 0.12930 
040 080413 13 1679.125 0.16214 
040 080413 13 2767.875 0.13751 
040 080413 13 3070.575 0.15339 
040 080413 13 3102.850 0.11995 
040 080413 13 3156.975 0.14590 
040 080413 13 3162.700 0.16912 
040 080413 13 3175.600 0.17904 
040 080413 13 3193.275 0.23407 
040 080413 13 3199.175 0.13929 
040 080413 13 3213.450 0.11769 
040 080413 13 3218.050 0.11670 
040 080413 13 3224.425 0.14798 
040 080413 13 3241.650 0.16220 
040 080413 13 3254.175 0.23212 
040 080413 13 3257.725 0.11130 
040 080413 13 3260.350 0.12614 
040 080413 13 3303.050 0.11177 
040 080413 13 3329.025 0.11665 
040 080413 13 3351.000 0.12200 
040 080414 9 1433.575 0.15730 
040 080414 9 1487.850 0.10873 
040 080414 9 1517.250 0.10685 
040 080414 9 1544.300 0.13388 
040 080414 17 3026.300 0.11144 
040 080414 18 172.500 0.14396 
040 080414 18 1105.550 0.16935 
040 080414 18 1321.000 0.31840 
040 080414 18 1408.525 0.12900 
040 080414 18 1493.925 0.14643 
040 080414 18 1652.575 0.15403 
040 080414 18 1669.050 0.18021 
040 080414 18 1704.600 0.10738 
040 080414 18 2123.475 0.10047 
040 080414 18 2164.175 0.13427 
040 080415 2 3124.800 0.18202 
040 080415 2 3456.975 0.13372 
040 080415 2 3552.200 0.15390 
040 080415 3 342.975 0.14204 
040 080415 3 359.200 0.16175 
040 080415 3 365.600 0.13324 
040 080415 3 1650.750 0.12206 
040 080415 3 1680.300 0.14841 
040 080415 3 1696.675 0.12442 
040 080415 3 1729.950 0.10319 
040 080415 3 1760.075 0.10696 
040 080415 3 1767.250 0.26167 
040 080415 3 1774.975 0.11023 
040 080415 3 2294.850 0.10671 
040 080415 3 2534.375 0.15979 
040 080415 3 2716.000 0.11911 
040 080415 3 2734.950 0.10110 
040 080415 3 3312.150 0.11271 
040 080415 3 3432.750 0.11281 
040 080415 3 3468.025 0.13561 
040 080415 3 3528.900 0.13527 
040 080415 4 3167.825 0.14106 
040 080415 4 3206.350 0.10123 
040 080415 4 3270.675 0.11566 
040 080415 6 3239.425 0.09849 
040 080415 9 864.125 0.18988 
040 080415 9 895.425 0.18516 
040 080415 9 918.975 0.10298 
040 080415 9 924.050 0.10709 
040 080415 9 1143.800 0.22620 
040 080415 9 1772.625 0.10515 
040 080415 9 1778.425 0.10795 
040 080415 9 1780.325 0.13455 
040 080415 9 1799.100 0.17663 
040 080415 9 1824.650 0.14154 
040 080415 9 1831.825 0.12276 
040 080415 9 1865.075 0.23899 
040 080415 10 2230.425 0.10883 
040 080415 14 1304.775 0.10477 
040 080415 14 1752.475 0.13865 
040 080416 20 237.225 0.15549 
040 080416 20 278.850 0.11644 
040 080416 20 351.050 0.12689 
040 080416 20 362.750 0.13244 
040 080416 20 375.125 0.15364 
040 080416 20 482.825 0.13273 
040 080416 20 516.400 0.13517 
040 080416 20 533.100 0.14109 
040 080416 20 678.125 0.23239 
040 080416 20 864.625 0.11199 
040 080416 20 977.025 0.20690 
040 080416 20 1003.925 0.16967 
040 080416 20 1009.725 0.15683 
040 080416 20 1031.600 0.15621 
040 080416 20 1166.350 0.16934 
040 080416 20 1170.700 0.13319 
040 080416 20 1189.725 0.15428 
040 080416 20 1196.050 0.10692 
040 080416 20 1562.850 0.12564 
040 080416 20 2323.850 0.10441 
040 080416 20 2343.750 0.10230 
040 080416 20 2352.150 0.09962 
040 080416 20 2356.075 0.16468 
040 080416 20 2361.950 0.17371 
040 080416 20 2369.550 0.15622 
040 080416 20 2387.125 0.11896 
040 080416 20 2390.575 0.10381 
040 080416 20 2442.825 0.10965 
040 080416 20 2584.725 0.10971 
040 080416 20 2596.450 0.12561 
040 080416 20 2600.475 0.15921 
040 080416 20 2605.075 0.15533 
040 080416 20 2611.825 0.16629 
040 080416 20 2675.625 0.11361 
040 080416 20 3062.775 0.11505 
040 080420 4 807.250 0.10380 
040 080420 8 1670.200 0.14798 
040 080420 8 2492.100 0.13099 
040 080420 8 2515.700 0.13684 
040 080420 8 2659.100 0.10990 
040 080420 8 2774.125 0.13058 
040 080420 8 2830.900 0.09729 
040 080420 8 2835.375 0.20786 
040 080420 9 2327.900 0.14634 
040 080420 9 2418.550 0.10204 
040 080420 10 1575.825 0.17883 
040 080420 11 562.675 0.09421 
040 080420 22 2531.450 0.09608 
