ME10 ME30 ME13 KHBB WDC  ME16 ME27 ME24 ME28 ME08 ME26 ME12  
Threshhold: 8 
023 080410 8 1001.275 0.17813 
023 080410 8 1580.675 0.10348 
023 080410 8 1582.200 0.10793 
023 080410 8 2698.975 0.11877 
023 080410 8 2876.500 0.11717 
023 080410 8 2918.275 0.17813 
023 080410 9 261.925 0.12399 
023 080410 9 276.375 0.12786 
023 080410 9 279.575 0.13510 
023 080410 9 332.800 0.15409 
023 080410 9 1474.500 0.11988 
023 080410 9 1553.075 0.11257 
023 080410 9 1717.225 0.18779 
023 080410 9 1793.300 0.09825 
023 080410 9 1796.050 0.12574 
023 080410 9 1803.775 0.14327 
023 080410 9 1813.300 0.14810 
023 080410 9 1844.150 0.12904 
023 080410 9 1846.075 0.15654 
023 080410 9 1848.375 0.10215 
023 080410 9 1863.550 0.11734 
023 080410 9 1865.500 0.27526 
023 080410 9 1878.000 0.12113 
023 080410 9 1888.425 0.10023 
023 080410 9 1931.450 0.11565 
023 080410 9 2116.875 0.12238 
023 080410 9 2121.250 0.12922 
023 080410 9 2130.675 0.12436 
023 080410 9 2133.700 0.22962 
023 080410 9 2160.400 0.17538 
023 080410 9 2174.650 0.29244 
023 080410 9 2519.150 0.11506 
023 080410 9 2525.700 0.14202 
023 080410 9 2531.150 0.14442 
023 080410 9 2538.575 0.17691 
023 080410 9 2552.175 0.13983 
023 080410 9 2561.250 0.14899 
023 080410 9 2586.275 0.14209 
023 080410 9 2595.250 0.19793 
023 080410 9 2615.075 0.12247 
023 080410 9 2616.975 0.15765 
023 080410 10 483.000 0.11508 
023 080410 10 1396.325 0.12995 
023 080410 12 2208.525 0.10881 
023 080410 12 2250.400 0.09623 
023 080410 12 2286.500 0.20262 
023 080410 12 2302.250 0.12168 
023 080410 12 2329.675 0.13219 
023 080410 12 2340.275 0.14093 
023 080410 12 2353.700 0.14968 
023 080410 12 2356.750 0.15050 
023 080410 12 2379.725 0.22686 
023 080410 12 2386.700 0.11594 
023 080410 12 2389.125 0.13547 
023 080410 12 2413.525 0.17269 
023 080410 12 2417.200 0.12537 
023 080410 12 2440.350 0.18303 
023 080410 12 2443.625 0.17276 
023 080410 12 2482.200 0.16995 
023 080410 12 2483.800 0.14905 
023 080410 12 2499.050 0.11127 
023 080410 12 2501.175 0.15142 
023 080410 12 2502.425 0.12248 
023 080410 12 2524.800 0.17189 
023 080410 12 2532.525 0.10647 
023 080410 12 2596.650 0.18708 
023 080410 12 2805.550 0.25206 
023 080410 12 2822.125 0.11233 
023 080410 12 3002.225 0.20842 
023 080410 12 3037.975 0.13251 
023 080410 12 3041.275 0.16661 
023 080410 12 3453.825 0.14450 
023 080410 13 1360.175 0.09576 
023 080410 13 1375.550 0.09623 
023 080410 13 1392.300 0.10138 
023 080410 13 1449.750 0.11044 
023 080410 13 1607.675 0.17800 
023 080410 13 1643.275 0.09881 
023 080410 13 1709.825 0.12196 
023 080410 13 1766.875 0.09902 
023 080410 13 1814.550 0.13646 
023 080410 13 1846.475 0.16306 
023 080410 14 3065.375 0.09812 
023 080410 15 536.900 0.11113 
023 080411 3 2716.300 0.10458 
023 080411 3 2821.300 0.11470 
023 080411 4 299.975 0.09573 
023 080411 4 318.150 0.10376 
023 080411 4 543.200 0.13720 
023 080411 4 659.750 0.12306 
023 080411 4 671.875 0.12404 
023 080411 4 722.000 0.10011 
023 080411 4 754.425 0.18117 
023 080411 4 781.450 0.11844 
023 080411 4 808.700 0.15798 
023 080411 4 813.900 0.13416 
023 080411 4 898.450 0.14399 
023 080411 4 901.675 0.10705 
023 080411 4 943.725 0.11871 
023 080411 4 987.100 0.13700 
023 080411 4 1014.975 0.10722 
023 080411 4 1019.875 0.16542 
023 080411 4 1044.725 0.19244 
023 080411 4 1057.825 0.17553 
023 080411 4 1133.950 0.11525 
023 080411 4 1148.525 0.16981 
023 080411 4 1303.700 0.15348 
023 080411 4 1307.600 0.15509 
023 080411 4 1318.575 0.15023 
023 080411 4 1325.700 0.19239 
023 080411 4 1335.575 0.13308 
023 080411 4 1342.000 0.33247 
023 080411 4 1366.725 0.10007 
023 080411 4 1377.950 0.12354 
023 080411 4 1428.900 0.09874 
023 080411 4 1436.525 0.24524 
023 080411 4 1456.725 0.12143 
023 080411 4 1556.475 0.10280 
023 080411 4 1723.750 0.09569 
023 080411 4 2052.275 0.13176 
023 080411 4 2087.325 0.13012 
023 080411 4 2088.975 0.09432 
023 080411 4 2098.350 0.18160 
023 080411 4 2192.600 0.09769 
023 080411 4 2514.925 0.10325 
023 080411 4 2619.025 0.09099 
023 080411 4 2646.075 0.24335 
023 080411 4 2668.250 0.14678 
