KSXB YBH  ME03 KRMB ME29 ME09 ME30  
Threshhold: 8 
026 080423 4 724.025 0.17035 
026 080423 7 540.175 0.12458 
026 080423 7 2794.400 0.15252 
026 080423 7 2798.675 0.14415 
026 080423 7 2988.725 0.15140 
026 080423 7 3463.400 0.16863 
026 080423 11 222.650 0.20460 
026 080423 11 225.950 0.24286 
026 080423 11 615.550 0.15784 
026 080423 12 3295.625 0.21122 
026 080423 14 1877.425 0.14045 
026 080423 14 1878.500 0.17421 
026 080423 14 1929.575 0.17017 
026 080423 19 252.500 0.17196 
026 080423 19 389.450 0.18801 
026 080423 19 691.550 0.23076 
026 080423 22 3373.575 0.30234 
026 080423 22 3521.275 0.15921 
026 080424 2 2323.825 0.15705 
026 080424 2 2706.775 0.24765 
026 080424 2 2741.050 0.19070 
026 080424 2 2745.350 0.21780 
026 080424 2 2785.625 0.15367 
026 080424 3 207.475 0.16728 
026 080424 3 1224.225 0.13255 
026 080424 3 1877.375 0.19653 
026 080424 3 1908.650 0.20133 
026 080424 3 1932.075 0.12603 
026 080424 3 1952.500 0.21785 
026 080424 3 1965.075 0.11766 
026 080424 3 2071.150 0.19013 
026 080424 3 2090.625 0.14370 
026 080424 3 3146.600 0.17160 
026 080424 4 376.525 0.18904 
026 080424 4 377.700 0.12204 
026 080424 4 2489.975 0.16155 
026 080424 4 2788.775 0.21024 
026 080424 4 2831.150 0.11610 
026 080424 15 3049.450 0.16525 
026 080424 16 440.225 0.17786 
026 080424 16 2649.475 0.12127 
026 080424 22 2275.075 0.16907 
026 080424 23 3451.450 0.19027 
026 080425 4 1695.475 0.15869 
026 080425 5 360.325 0.11179 
026 080425 5 387.450 0.15120 
026 080425 5 3499.775 0.12633 
026 080425 6 1229.475 0.15871 
026 080425 7 323.600 0.11099 
026 080425 7 603.650 0.21924 
026 080425 7 683.825 0.22406 
026 080425 7 793.450 0.16461 
026 080425 7 802.400 0.30488 
026 080425 7 958.225 0.21856 
026 080425 7 3000.075 0.11762 
026 080425 8 227.200 0.18424 
026 080425 8 1415.350 0.19864 
026 080425 8 1452.225 0.24698 
026 080425 8 1454.800 0.18289 
026 080425 8 1460.075 0.15855 
026 080425 8 1468.400 0.16127 
026 080425 8 1469.575 0.14273 
026 080425 8 1474.550 0.12553 
026 080425 8 1490.150 0.17360 
026 080425 8 1507.875 0.16729 
026 080425 8 1514.525 0.34133 
026 080425 8 1544.975 0.11380 
026 080425 8 1557.975 0.20555 
026 080425 8 1563.450 0.23016 
026 080425 8 1566.025 0.20327 
026 080425 8 1576.800 0.27330 
026 080425 8 1656.475 0.20088 
026 080425 8 1690.000 0.17222 
026 080425 9 1133.525 0.14147 
026 080425 9 2674.600 0.12747 
026 080425 10 1688.000 0.11004 
026 080426 7 2513.325 0.11595 
026 080428 12 2092.225 0.09938 
026 080429 15 2564.875 0.11025 
