KSXB ME01 YBH  ME03 ME02 KRMB B039 ME04 ME09  
Threshhold: 8 
019 080419 14 1212.150 0.11294 
019 080419 23 2188.325 0.13679 
019 080419 23 3018.375 0.14481 
019 080419 24 48.475 0.11210 
019 080419 24 264.675 0.11289 
019 080419 24 368.250 0.16981 
019 080419 24 388.650 0.12698 
019 080419 24 439.350 0.12797 
019 080419 24 669.950 0.14599 
019 080419 24 966.900 0.19718 
019 080419 24 974.075 0.12477 
019 080419 24 1029.600 0.18456 
019 080419 24 1036.050 0.23787 
019 080419 24 1064.950 0.14430 
019 080419 24 1086.900 0.11196 
019 080419 24 1181.575 0.11339 
019 080419 24 1203.625 0.12132 
019 080419 24 1212.450 0.25185 
019 080419 24 1516.475 0.13693 
019 080419 24 2072.025 0.11633 
019 080419 24 2078.225 0.11679 
019 080419 24 2098.425 0.12066 
019 080419 24 2105.575 0.12816 
019 080419 24 2133.775 0.15308 
019 080419 24 2269.075 0.16905 
019 080420 1 834.525 0.14926 
019 080420 1 996.475 0.17619 
019 080420 1 1004.900 0.16553 
019 080420 1 1014.550 0.18017 
019 080420 1 1035.750 0.12067 
019 080420 1 1049.050 0.17646 
019 080420 1 1055.800 0.24006 
019 080420 1 1066.425 0.13213 
019 080420 1 1068.300 0.26846 
019 080420 1 1084.800 0.14031 
019 080420 1 1110.000 0.33053 
019 080420 1 2255.475 0.10751 
019 080420 1 2282.050 0.10748 
019 080420 1 2294.425 0.16605 
019 080420 1 2296.675 0.11401 
019 080420 1 2381.950 0.24380 
019 080420 3 2835.025 0.10682 
019 080420 3 2838.625 0.13810 
019 080420 3 2841.400 0.11625 
019 080420 3 2881.300 0.19726 
019 080420 3 3317.325 0.13590 
019 080420 3 3337.525 0.10671 
019 080420 3 3376.650 0.13805 
019 080420 3 3396.550 0.14231 
019 080420 4 79.750 0.12110 
019 080420 4 96.075 0.14944 
019 080420 4 280.775 0.14777 
019 080420 4 414.125 0.10769 
019 080420 4 482.200 0.12453 
019 080420 4 484.550 0.10932 
019 080420 4 486.825 0.22655 
019 080420 4 1009.050 0.12206 
019 080420 4 2112.650 0.10663 
019 080420 4 2132.975 0.17638 
019 080420 4 2264.650 0.14846 
019 080420 4 2275.150 0.23468 
019 080420 5 1678.275 0.11083 
019 080420 6 255.525 0.11429 
019 080420 6 291.600 0.15372 
019 080420 6 403.950 0.12118 
019 080420 6 440.925 0.10904 
019 080420 6 512.700 0.13143 
019 080420 6 514.425 0.16550 
019 080420 6 525.325 0.11084 
019 080420 6 538.575 0.26237 
019 080420 6 543.725 0.25687 
019 080420 6 561.275 0.16812 
019 080420 6 567.325 0.10716 
019 080420 6 593.700 0.10880 
019 080420 6 596.650 0.11526 
019 080420 6 606.575 0.10680 
019 080420 6 610.000 0.16633 
019 080420 6 630.550 0.15759 
019 080420 6 637.525 0.14269 
019 080420 6 780.450 0.14122 
019 080420 6 793.625 0.22749 
019 080420 6 807.825 0.17394 
019 080420 6 824.950 0.15360 
019 080420 6 2796.675 0.12084 
019 080420 7 960.300 0.17928 
019 080420 7 973.750 0.11880 
019 080420 7 1031.025 0.21013 
019 080420 7 1050.675 0.13388 
019 080420 7 1125.350 0.11098 
019 080420 7 1175.525 0.11520 
019 080420 7 1212.025 0.12540 
019 080420 7 1213.525 0.20367 
019 080420 13 2586.825 0.11664 
019 080420 13 3095.550 0.11210 
019 080420 13 3274.900 0.16910 
019 080420 13 3305.825 0.18615 
019 080420 13 3318.050 0.13269 
019 080420 13 3325.550 0.13627 
019 080420 13 3336.025 0.11917 
019 080420 13 3383.350 0.14609 
019 080420 13 3386.425 0.27418 
019 080420 13 3450.175 0.11657 
019 080420 13 3466.450 0.13586 
019 080420 13 3470.575 0.13415 
019 080420 13 3476.175 0.15329 
019 080420 13 3491.175 0.11910 
019 080420 13 3493.975 0.12387 
019 080420 13 3498.600 0.15223 
019 080420 13 3533.625 0.12667 
019 080420 13 3553.250 0.11950 
019 080420 13 3590.900 0.17372 
019 080420 14 40.525 0.10837 
019 080420 14 65.500 0.12547 
019 080420 14 131.775 0.12200 
019 080420 14 180.250 0.11210 
019 080420 14 194.375 0.11461 
019 080420 14 207.525 0.16386 
019 080420 14 382.400 0.10776 
019 080420 14 383.650 0.10689 
019 080420 14 437.875 0.10707 
019 080420 14 1134.800 0.11133 
019 080420 14 1895.200 0.13543 
019 080420 15 3454.525 0.11728 
019 080420 15 3567.325 0.15227 
019 080420 16 80.325 0.10648 
019 080421 7 1412.200 0.11348 
019 080421 10 2287.900 0.10946 
019 080421 12 261.625 0.14097 
019 080421 12 1268.525 0.11078 
019 080421 12 1604.400 0.10880 
019 080421 12 1706.050 0.11826 
019 080421 12 1785.700 0.12480 
019 080421 12 1804.350 0.15077 
019 080421 12 1814.900 0.12912 
019 080421 12 1923.300 0.11060 
019 080421 12 2293.350 0.17789 
019 080421 12 2333.125 0.11345 
019 080421 12 3254.175 0.14182 
019 080421 13 1094.650 0.11646 
019 080421 13 1101.650 0.10815 
019 080421 13 1113.350 0.12119 
019 080421 13 1199.125 0.12279 
019 080421 13 1241.425 0.10976 
019 080421 13 1247.550 0.16341 
019 080421 13 1280.850 0.11083 
019 080421 14 2565.725 0.14837 
019 080421 16 2940.400 0.11463 
019 080421 16 2998.200 0.11834 
019 080421 16 3195.025 0.11953 
019 080421 16 3221.175 0.11074 
019 080421 16 3305.025 0.16261 
019 080421 16 3419.350 0.12154 
019 080421 16 3434.050 0.20034 
019 080421 17 282.875 0.12334 
019 080421 17 294.975 0.10815 
019 080421 17 310.850 0.10901 
019 080421 17 440.025 0.12091 
019 080421 17 457.200 0.11717 
019 080421 17 465.575 0.11412 
019 080421 17 529.975 0.14426 
019 080421 17 581.375 0.10960 
019 080421 17 644.825 0.11317 
019 080421 17 664.075 0.11101 
019 080421 17 683.600 0.15111 
019 080421 17 797.875 0.11079 
019 080421 17 818.575 0.13664 
019 080421 17 864.550 0.16742 
019 080421 17 885.650 0.11155 
019 080421 17 957.400 0.18355 
019 080421 17 978.975 0.18729 
019 080421 17 980.775 0.11791 
019 080421 17 1039.075 0.12868 
019 080421 17 1061.225 0.11768 
019 080421 17 1073.375 0.17834 
019 080421 17 1075.175 0.13090 
019 080421 17 1111.050 0.11260 
019 080421 17 1120.225 0.12588 
019 080421 17 1125.675 0.23047 
019 080421 17 1134.175 0.25661 
019 080421 17 1181.350 0.11946 
019 080421 17 1192.600 0.13944 
019 080421 17 1194.950 0.14403 
019 080421 17 1199.225 0.14830 
019 080421 17 1214.275 0.13820 
019 080421 17 1275.775 0.17327 
019 080421 17 1280.375 0.11206 
019 080421 17 1329.075 0.11461 
019 080421 17 1334.150 0.13777 
019 080421 17 1667.275 0.12313 
019 080421 17 1676.525 0.13711 
019 080421 17 1821.650 0.11895 
019 080421 17 1946.375 0.11049 
019 080421 17 2091.950 0.11179 
019 080421 17 2093.600 0.15713 
019 080421 17 2119.675 0.13175 
019 080421 17 2141.475 0.16724 
019 080421 17 2149.250 0.14791 
019 080421 17 2208.800 0.10822 
019 080421 17 2466.725 0.15468 
019 080421 17 2534.925 0.18920 
019 080421 17 2536.725 0.10852 
019 080421 23 843.575 0.12439 
019 080421 23 892.900 0.14963 
019 080421 23 928.950 0.17386 
019 080421 23 974.600 0.17003 
019 080421 23 1080.550 0.15322 
019 080421 23 1096.775 0.11553 
019 080421 23 1126.525 0.13128 
019 080421 23 1172.125 0.11777 
019 080421 23 1294.400 0.19288 
019 080421 23 1365.700 0.11123 
019 080421 23 1370.825 0.13179 
019 080421 23 1372.950 0.11330 
019 080421 23 1427.850 0.13488 
019 080421 23 1435.250 0.14132 
019 080421 23 1532.900 0.11277 
019 080421 23 1585.625 0.11030 
019 080421 23 1590.350 0.18140 
019 080421 23 1662.125 0.12296 
019 080421 23 1983.075 0.11031 
019 080421 23 1987.800 0.15315 
019 080421 23 2092.450 0.24579 
019 080421 23 2096.325 0.13586 
019 080421 23 2125.375 0.18300 
019 080421 23 2437.575 0.13581 
019 080425 4 2257.825 0.10169 
019 080425 4 2422.775 0.10712 
019 080425 4 2542.600 0.12486 
019 080425 5 208.625 0.12201 
019 080425 6 1834.600 0.10978 
019 080425 9 1421.550 0.11784 
019 080425 9 3441.550 0.10045 
019 080425 13 2333.850 0.10695 
019 080425 13 2577.950 0.10509 
