ME01 YBH  ME03 ME02 B039 ME04 ME29 ME09  
Threshhold: 8 
052 080427 1 741.700 0.10107 
052 080427 1 1729.900 0.13540 
052 080427 1 1731.825 0.12130 
052 080427 1 2584.350 0.15871 
052 080427 1 3032.725 0.10163 
052 080427 2 776.125 0.13456 
052 080427 2 2595.650 0.11506 
052 080427 3 2967.350 0.16185 
052 080427 3 3061.275 0.18396 
052 080427 4 1230.950 0.11065 
052 080427 4 2301.450 0.17756 
052 080427 4 2910.400 0.19369 
052 080427 4 3090.000 0.24948 
052 080427 5 2324.825 0.10785 
052 080427 5 2358.775 0.14278 
052 080427 6 1770.100 0.13136 
052 080427 6 1807.675 0.15208 
052 080427 6 1821.250 0.16284 
052 080427 6 1979.050 0.18457 
052 080427 6 2020.100 0.10617 
052 080427 6 2214.075 0.14526 
052 080427 6 2258.075 0.12150 
052 080427 6 2481.650 0.13738 
052 080427 6 2495.325 0.14740 
052 080427 7 3468.800 0.11024 
052 080427 9 3569.550 0.10425 
052 080427 10 3274.550 0.12989 
052 080427 10 3498.075 0.19630 
052 080427 10 3555.750 0.15300 
052 080427 10 3557.600 0.14039 
052 080427 10 3576.525 0.10841 
052 080427 11 352.900 0.11691 
052 080427 11 746.200 0.15950 
052 080427 13 2078.950 0.10890 
052 080427 13 2932.925 0.15054 
052 080427 13 3176.625 0.16926 
052 080427 13 3207.875 0.11666 
052 080427 13 3322.700 0.12195 
052 080427 13 3518.150 0.11799 
052 080427 13 3583.550 0.16005 
052 080427 14 93.575 0.11711 
052 080427 14 117.425 0.16887 
052 080427 14 184.950 0.16288 
052 080427 14 191.075 0.11605 
052 080427 14 522.750 0.10923 
052 080427 14 524.575 0.13291 
052 080427 14 526.425 0.11966 
052 080427 14 689.150 0.10155 
052 080427 14 2048.075 0.15229 
052 080427 14 2259.725 0.12952 
052 080427 14 2277.200 0.10608 
052 080427 14 2982.050 0.14350 
052 080427 17 384.450 0.12172 
052 080427 17 414.450 0.14400 
052 080427 17 423.025 0.10293 
052 080427 17 501.875 0.13668 
052 080427 20 2332.225 0.10101 
052 080427 20 2423.650 0.13431 
052 080427 20 2545.200 0.16692 
052 080427 20 2576.750 0.10183 
052 080427 20 2591.425 0.12217 
052 080427 20 2717.150 0.12247 
052 080427 20 2864.000 0.13593 
052 080428 5 264.050 0.11578 
052 080428 5 425.475 0.12207 
052 080428 6 2596.775 0.10847 
052 080428 6 2966.700 0.10159 
052 080428 7 2171.225 0.09588 
052 080428 8 1867.800 0.11080 
052 080428 8 2252.550 0.11773 
052 080428 8 2368.375 0.10323 
052 080428 8 2471.900 0.15664 
052 080428 8 2476.125 0.12264 
052 080428 8 2518.200 0.18600 
052 080428 8 2522.875 0.11207 
052 080428 8 2603.325 0.09588 
052 080428 8 2616.025 0.16738 
052 080428 8 2725.225 0.09690 
052 080428 8 2727.450 0.09709 
052 080428 8 2813.725 0.10768 
052 080428 8 2820.400 0.09865 
052 080428 8 2877.425 0.10876 
052 080428 8 2901.800 0.09645 
052 080428 8 2934.775 0.09558 
052 080428 8 2942.575 0.12241 
052 080428 8 2948.200 0.14967 
052 080428 8 2963.400 0.09774 
052 080428 8 2982.375 0.12923 
052 080428 8 2984.175 0.09812 
052 080428 8 3005.200 0.12542 
052 080428 8 3006.975 0.10638 
052 080428 8 3026.675 0.14878 
052 080428 8 3139.775 0.16493 
052 080428 8 3143.975 0.10107 
052 080428 8 3163.450 0.20224 
052 080428 8 3165.675 0.12612 
052 080428 8 3172.250 0.12023 
052 080428 8 3175.600 0.10168 
052 080428 8 3196.625 0.14048 
052 080428 8 3200.750 0.11104 
052 080428 8 3240.325 0.12814 
052 080428 8 3242.575 0.17928 
052 080428 8 3251.125 0.18115 
052 080428 8 3290.900 0.14098 
052 080428 8 3312.925 0.10440 
052 080428 8 3323.325 0.12365 
052 080428 8 3330.800 0.10614 
052 080428 8 3337.500 0.10817 
052 080428 8 3440.500 0.11610 
052 080428 8 3448.350 0.11533 
052 080428 8 3457.225 0.11874 
052 080428 8 3461.575 0.14912 
052 080428 8 3493.525 0.14283 
052 080428 9 13.975 0.14440 
052 080428 9 18.325 0.14103 
052 080428 9 192.050 0.12378 
052 080428 9 208.000 0.13285 
052 080428 9 216.400 0.13842 
052 080428 9 242.625 0.14363 
052 080428 9 257.650 0.14815 
052 080428 9 583.525 0.10568 
052 080428 9 602.800 0.11056 
052 080428 9 606.325 0.10954 
052 080428 9 616.500 0.15633 
052 080428 9 669.700 0.09714 
052 080428 9 680.875 0.13982 
052 080428 9 722.775 0.12140 
052 080428 9 760.975 0.09632 
052 080428 9 785.800 0.14536 
052 080428 9 792.300 0.12558 
052 080428 9 800.675 0.13638 
052 080428 9 811.325 0.16649 
052 080428 9 812.650 0.15344 
052 080428 9 859.100 0.23810 
052 080428 9 1201.000 0.09333 
052 080428 9 1744.350 0.09392 
052 080428 9 2866.250 0.12388 
052 080428 11 2266.625 0.10285 
052 080428 12 2056.825 0.14285 
052 080428 23 2990.975 0.09661 
052 080429 6 322.325 0.10281 
052 080429 6 1419.700 0.16867 
052 080429 6 1588.875 0.13279 
052 080429 6 1668.025 0.12155 
052 080429 6 1853.175 0.16433 
052 080429 6 2578.350 0.13468 
052 080429 8 2223.675 0.11292 
052 080429 8 2555.500 0.12587 
052 080429 8 2571.925 0.13845 
052 080429 8 2712.125 0.10235 
052 080429 8 2884.750 0.10239 
052 080429 8 3083.850 0.16379 
052 080429 8 3179.525 0.17742 
052 080429 8 3206.725 0.14734 
052 080429 8 3252.375 0.14377 
052 080429 8 3263.125 0.15823 
052 080429 8 3335.300 0.13857 
052 080429 8 3387.275 0.12115 
052 080429 8 3434.200 0.18901 
052 080429 8 3436.000 0.11645 
052 080429 8 3439.750 0.19057 
052 080429 9  4.550 0.14923 
052 080429 9 53.150 0.11112 
052 080429 9 141.075 0.15471 
052 080429 9 210.750 0.10698 
052 080429 9 222.175 0.13729 
052 080429 9 392.625 0.15340 
052 080429 9 408.725 0.10582 
052 080429 9 420.425 0.16342 
052 080429 9 446.575 0.18326 
052 080429 9 452.200 0.10768 
052 080429 9 461.650 0.12198 
052 080429 9 622.775 0.13895 
052 080429 9 624.125 0.17357 
052 080429 11 807.750 0.11617 
052 080429 11 861.675 0.15639 
052 080429 15 1823.825 0.11015 
052 080429 15 2776.100 0.16364 
052 080429 15 2827.850 0.10248 
052 080429 15 2852.725 0.15893 
052 080429 15 3002.500 0.10338 
052 080429 15 3092.825 0.16190 
052 080429 15 3506.450 0.10265 
052 080429 15 3516.275 0.12908 
052 080429 15 3545.075 0.15302 
052 080429 17 2140.500 0.10114 
052 080429 17 2297.450 0.15988 
052 080429 23 1608.275 0.13702 
052 080429 23 2782.675 0.13922 
052 080429 24 1833.600 0.11514 
