WDC  ME27 ME13 ME10 ME09 ME29 KHBB ME08 ME28 ME04 ME30 ME02 ME24 YBH  ME12 ME01 ME26  
Threshhold: 8 
006 080415 4 599.600 0.09949 
006 080415 4 703.050 0.08866 
006 080415 8 1356.575 0.16105 
006 080415 8 1382.900 0.11125 
006 080415 8 1757.700 0.09540 
006 080415 8 1900.375 0.15798 
006 080415 8 2004.900 0.09549 
006 080415 8 2071.375 0.08985 
006 080415 8 2124.425 0.14818 
006 080415 8 2225.150 0.12421 
006 080415 8 3184.925 0.31037 
006 080415 8 3438.775 0.15454 
006 080415 9 183.250 0.13356 
006 080415 9 1523.925 0.09691 
006 080415 9 1571.675 0.18448 
006 080415 9 2752.050 0.15205 
006 080415 9 2768.275 0.17931 
006 080415 10 137.125 0.15058 
006 080415 10 179.800 0.10312 
006 080415 10 183.325 0.10119 
006 080415 10 186.825 0.15039 
006 080415 10 191.475 0.14828 
006 080415 10 193.875 0.20757 
006 080415 10 216.825 0.12647 
006 080415 10 238.700 0.13224 
006 080415 10 265.825 0.08661 
006 080415 10 273.400 0.10220 
006 080415 10 283.325 0.13711 
006 080415 10 605.900 0.08752 
006 080415 10 646.200 0.09118 
006 080415 10 654.525 0.13253 
006 080415 10 659.725 0.15568 
006 080415 10 1387.025 0.08643 
006 080415 10 2009.475 0.11645 
006 080415 10 2907.850 0.08829 
006 080415 11 163.250 0.09054 
006 080415 11 173.075 0.24606 
006 080415 11 192.900 0.09026 
006 080415 11 194.475 0.10511 
006 080415 11 248.125 0.11512 
006 080415 11 266.775 0.14873 
006 080415 11 270.000 0.31468 
006 080415 11 273.150 0.09073 
006 080415 11 279.500 0.09489 
006 080415 11 287.075 0.10830 
006 080415 11 351.700 0.10784 
006 080415 11 358.550 0.10219 
006 080415 11 365.700 0.10146 
006 080415 11 368.000 0.10042 
006 080415 11 383.925 0.14877 
006 080415 11 420.600 0.09655 
006 080415 11 454.300 0.15521 
006 080415 11 458.650 0.10740 
006 080415 11 1854.700 0.09519 
006 080415 16 42.550 0.09966 
006 080415 22 1660.450 0.09932 
006 080415 22 2102.775 0.11985 
006 080415 24 1382.400 0.09765 
006 080415 24 1415.250 0.10817 
006 080415 24 1580.625 0.24643 
006 080416 8 2655.400 0.08687 
006 080416 14 2338.650 0.09353 
006 080416 14 2754.725 0.13558 
006 080416 15 28.375 0.08922 
006 080416 15 32.450 0.12234 
006 080416 15 40.800 0.10810 
006 080416 15 72.950 0.14482 
006 080416 15 77.525 0.11099 
006 080416 15 81.475 0.21799 
006 080416 15 166.300 0.10628 
006 080416 15 209.550 0.15804 
006 080416 15 636.700 0.12228 
006 080416 15 674.875 0.10378 
006 080416 15 679.075 0.10511 
006 080416 15 3414.925 0.09616 
006 080416 15 3519.950 0.10150 
006 080416 15 3559.550 0.15784 
006 080416 15 3580.900 0.11175 
006 080416 15 3598.300 0.11319 
006 080416 16  0.625 0.14310 
006 080416 16 27.175 0.20827 
006 080416 16 34.850 0.12388 
006 080416 16 64.100 0.17753 
006 080416 16 81.650 0.10335 
006 080416 16 104.975 0.17637 
006 080416 21 466.500 0.12940 
006 080418 2 3129.725 0.11142 
006 080418 2 3133.200 0.12171 
006 080418 2 3239.575 0.19515 
006 080418 2 3543.525 0.14899 
006 080418 2 3547.550 0.10452 
006 080418 2 3570.600 0.17465 
006 080418 2 3578.225 0.14464 
006 080418 3 193.900 0.09851 
006 080418 3 196.450 0.19893 
006 080418 3 204.950 0.09417 
006 080418 3 206.550 0.16587 
006 080418 9 368.000 0.12301 
006 080418 10 2578.750 0.09127 
006 080418 10 2765.825 0.09367 
006 080418 10 2781.150 0.09093 
006 080418 21 2983.450 0.10753 
006 080420 3 3282.325 0.08458 
006 080420 4 2881.350 0.08722 
006 080420 5 280.975 0.15402 
006 080420 5 465.400 0.08923 
006 080420 5 545.250 0.11213 
006 080420 5 625.900 0.11476 
006 080420 5 641.925 0.11087 
006 080420 5 663.050 0.13946 
006 080420 5 781.350 0.10925 
006 080420 5 868.125 0.18674 
006 080420 5 875.075 0.18943 
006 080420 5 1040.675 0.11813 
006 080420 5 1631.025 0.10966 
006 080420 5 1636.050 0.12173 
006 080420 5 1642.775 0.13375 
006 080420 5 1700.050 0.16568 
006 080420 5 1725.125 0.09834 
006 080420 5 1791.675 0.13094 
006 080420 5 1805.825 0.09266 
006 080420 5 2164.900 0.11150 
006 080420 5 2167.900 0.10291 
006 080420 5 2176.400 0.08617 
006 080420 5 3107.725 0.09970 
006 080420 5 3157.175 0.08854 
006 080420 5 3208.750 0.10000 
006 080420 5 3212.825 0.08543 
006 080420 5 3215.675 0.13864 
006 080420 5 3318.675 0.11095 
006 080420 5 3327.050 0.17082 
006 080420 7 1134.075 0.10175 
006 080420 7 1855.650 0.08467 
006 080420 7 2038.300 0.11753 
006 080420 7 2060.600 0.10871 
006 080420 7 2099.625 0.15115 
006 080420 7 2167.000 0.11572 
006 080420 7 2169.975 0.09953 
006 080420 7 2264.575 0.13335 
006 080420 7 2270.200 0.12984 
006 080420 7 2280.675 0.14989 
006 080420 7 2284.075 0.25119 
006 080420 7 2286.475 0.11859 
006 080420 7 2490.000 0.14308 
006 080420 7 2496.400 0.12154 
006 080420 7 2507.625 0.24612 
006 080420 7 2514.475 0.14871 
006 080420 7 2539.675 0.08507 
006 080421 7 929.725 0.08934 
006 080421 23 53.050 0.09938 
006 080421 23 1192.675 0.07968 
006 080421 23 3480.250 0.09590 
