ME01 YBH  ME03 ME02 ME04 B039 ME29  
Threshhold: 8 
043 080427 1 689.575 0.10811 
043 080427 1 752.675 0.12386 
043 080427 1 792.050 0.10918 
043 080427 1 3289.500 0.10695 
043 080427 1 3301.000 0.15105 
043 080427 1 3335.775 0.12907 
043 080427 2 751.250 0.10701 
043 080427 2 1592.050 0.10899 
043 080427 2 2526.175 0.10815 
043 080427 2 2595.450 0.14480 
043 080427 2 3186.000 0.15347 
043 080427 3 363.325 0.11285 
043 080427 3 407.625 0.15448 
043 080427 3 3041.225 0.16920 
043 080427 3 3060.750 0.11275 
043 080427 3 3068.250 0.16736 
043 080427 4 1225.950 0.15093 
043 080427 4 2822.100 0.18987 
043 080427 4 2872.600 0.12891 
043 080427 4 2884.575 0.17330 
043 080427 5 579.775 0.13814 
043 080427 5 657.200 0.11315 
043 080427 6 1883.625 0.15615 
043 080427 6 1898.000 0.19807 
043 080427 6 1910.700 0.21289 
043 080427 6 1921.550 0.27284 
043 080427 6 1932.700 0.12446 
043 080427 6 1966.350 0.16501 
043 080427 6 1968.150 0.23697 
043 080427 6 1991.575 0.11298 
043 080427 6 2024.050 0.20519 
043 080427 6 2045.375 0.15039 
043 080427 6 2059.575 0.20452 
043 080427 6 2075.400 0.11427 
043 080427 6 2215.750 0.18239 
043 080427 6 2680.275 0.14338 
043 080427 10 3164.225 0.12986 
043 080427 10 3468.025 0.13843 
043 080427 10 3494.650 0.13527 
043 080427 10 3518.400 0.20654 
043 080427 10 3536.750 0.13582 
043 080427 10 3557.000 0.15851 
043 080427 10 3571.750 0.17969 
043 080427 10 3583.325 0.13796 
043 080427 11  5.175 0.11501 
043 080427 11 44.700 0.11009 
043 080427 11 937.275 0.13800 
043 080427 11 964.300 0.13310 
043 080427 13 3269.600 0.17467 
043 080427 13 3375.275 0.12731 
043 080427 13 3457.900 0.18382 
043 080427 13 3507.600 0.14593 
043 080427 13 3599.000 0.12305 
043 080427 14 16.375 0.14456 
043 080427 14 117.625 0.17530 
043 080427 14 151.975 0.11519 
043 080427 14 189.075 0.11042 
043 080427 14 395.900 0.15217 
043 080427 14 729.300 0.10791 
043 080427 14 1043.200 0.16336 
043 080427 14 2433.575 0.14090 
043 080427 14 2464.675 0.12285 
043 080427 14 2472.425 0.12284 
043 080427 14 2487.025 0.12805 
043 080427 14 2505.400 0.13464 
043 080427 14 2507.775 0.10799 
043 080427 14 2517.725 0.11034 
043 080427 17 211.350 0.11902 
043 080427 17 374.775 0.12865 
043 080427 17 481.050 0.14210 
043 080427 20 2417.900 0.11033 
043 080427 20 2520.200 0.13635 
043 080427 20 2545.000 0.34382 
043 080427 20 2866.650 0.16364 
043 080427 20 3342.975 0.10862 
043 080427 21 2742.550 0.13151 
043 080428 5 448.175 0.14100 
043 080428 5 1207.675 0.10929 
043 080428 5 1209.500 0.10561 
043 080428 6 3261.200 0.09808 
043 080428 8 1790.100 0.16094 
043 080428 8 1810.375 0.09841 
043 080428 8 1817.275 0.09999 
043 080428 8 1920.000 0.11031 
043 080428 8 2250.950 0.11382 
043 080428 8 2456.900 0.16090 
043 080428 8 2474.125 0.12268 
043 080428 8 2588.925 0.09988 
043 080428 8 2637.300 0.09760 
043 080428 8 2679.575 0.10595 
043 080428 8 2685.600 0.15861 
043 080428 8 2695.250 0.17349 
043 080428 8 2707.975 0.10716 
043 080428 8 2713.175 0.10564 
043 080428 8 2730.200 0.15474 
043 080428 8 2749.325 0.15478 
043 080428 8 2751.050 0.14688 
043 080428 8 2789.150 0.10362 
043 080428 8 2803.875 0.12763 
043 080428 8 2870.125 0.10081 
043 080428 8 2876.050 0.20200 
043 080428 8 2921.025 0.15171 
043 080428 8 2963.325 0.11541 
043 080428 8 2966.575 0.17111 
043 080428 8 2995.275 0.17440 
043 080428 8 2997.075 0.11888 
043 080428 8 3007.350 0.18791 
043 080428 8 3016.325 0.12981 
043 080428 8 3042.700 0.22345 
043 080428 8 3163.675 0.17019 
043 080428 8 3172.200 0.16003 
043 080428 8 3176.325 0.10408 
043 080428 8 3178.150 0.15246 
043 080428 8 3240.125 0.11549 
043 080428 8 3242.425 0.13012 
043 080428 8 3250.650 0.13432 
043 080428 8 3255.875 0.18905 
043 080428 8 3258.200 0.18023 
043 080428 8 3263.150 0.12173 
043 080428 8 3265.050 0.11183 
043 080428 8 3328.375 0.09932 
043 080428 8 3350.950 0.10022 
043 080428 8 3356.975 0.09728 
043 080428 8 3464.725 0.14483 
043 080428 8 3474.500 0.11059 
043 080428 8 3489.725 0.09693 
043 080428 8 3529.975 0.11274 
043 080428 8 3587.800 0.14013 
043 080428 9 55.900 0.15829 
043 080428 9 168.025 0.11697 
043 080428 9 181.475 0.12292 
043 080428 9 221.025 0.10059 
043 080428 9 258.525 0.19937 
043 080428 9 401.300 0.09976 
043 080428 9 570.175 0.12154 
043 080428 9 589.925 0.12931 
043 080428 9 594.025 0.14396 
043 080428 9 730.075 0.10349 
043 080428 9 758.725 0.16362 
043 080428 9 763.575 0.11001 
043 080428 9 767.875 0.09968 
043 080428 9 780.375 0.09718 
043 080428 9 786.075 0.12202 
043 080428 9 787.975 0.20773 
043 080428 9 800.575 0.10955 
043 080428 9 803.950 0.11832 
043 080428 9 811.050 0.15168 
043 080428 9 826.700 0.12787 
043 080428 9 847.675 0.16688 
043 080428 9 857.050 0.11323 
043 080428 9 876.875 0.12621 
043 080428 9 966.200 0.12593 
043 080428 9 1325.700 0.12620 
043 080428 9 2196.025 0.10208 
043 080428 9 2872.000 0.10950 
043 080429 6 1447.200 0.14353 
043 080429 6 1459.025 0.11755 
043 080429 6 1580.650 0.19224 
043 080429 6 1745.775 0.10936 
043 080429 6 1853.000 0.14066 
043 080429 6 2578.525 0.13465 
043 080429 8 2517.475 0.11960 
043 080429 8 2706.425 0.18601 
043 080429 8 2806.000 0.13377 
043 080429 8 2818.200 0.12746 
043 080429 8 2853.175 0.21427 
043 080429 8 2920.950 0.18138 
043 080429 8 3085.500 0.25996 
043 080429 8 3174.275 0.14821 
043 080429 8 3189.200 0.12574 
043 080429 8 3206.575 0.12423 
043 080429 8 3318.575 0.21089 
043 080429 8 3397.000 0.15996 
043 080429 8 3434.000 0.16738 
043 080429 8 3439.200 0.11986 
043 080429 9 221.950 0.12965 
043 080429 9 446.850 0.16979 
043 080429 9 472.500 0.15444 
043 080429 9 2742.550 0.10806 
043 080429 10 45.450 0.12097 
043 080429 11 189.000 0.12158 
043 080429 11 861.075 0.10775 
043 080429 15 1098.400 0.10708 
043 080429 15 3194.600 0.15411 
043 080429 15 3216.950 0.19502 
043 080429 15 3271.450 0.11012 
043 080429 15 3333.150 0.12413 
043 080429 15 3515.650 0.22113 
043 080429 15 3518.425 0.20761 
043 080429 17 2119.825 0.11712 
043 080429 17 2159.150 0.11178 
043 080429 17 2541.875 0.15640 
043 080429 17 2930.475 0.11940 
043 080429 23 402.075 0.11372 
043 080429 24 1509.850 0.15861 
043 080430 2 903.900 0.13920 
043 080430 2 967.925 0.15043 
043 080430 2 1141.575 0.15476 
043 080430 9 967.600 0.14529 
043 080430 9 1043.350 0.11787 
043 080430 10 2438.550 0.11413 
043 080430 11 1858.950 0.11990 
043 080430 11 3323.250 0.13975 
043 080430 11 3438.775 0.13430 
043 080430 11 3440.575 0.12067 
043 080430 11 3485.650 0.12659 
043 080430 12 2814.175 0.14301 
043 080430 21 509.350 0.15470 
