ME09 ME10 ME30 ME13 KHBB WDC  ME16 ME27 ME24 ME28 ME08 ME26 ME12  
Threshhold: 8 
032 080410 1 629.000 0.10221 
032 080410 7 1655.450 0.09167 
032 080410 8 703.100 0.11139 
032 080410 8 1016.625 0.17108 
032 080410 8 1045.100 0.10782 
032 080410 8 1529.450 0.10118 
032 080410 8 1597.075 0.17376 
032 080410 8 2713.275 0.14336 
032 080410 8 2714.900 0.11808 
032 080410 8 2762.775 0.10299 
032 080410 8 2797.125 0.13335 
032 080410 8 2870.375 0.11841 
032 080410 8 2875.300 0.09244 
032 080410 8 2889.600 0.10158 
032 080410 8 2891.825 0.15241 
032 080410 9 1732.075 0.16064 
032 080410 9 1767.225 0.09262 
032 080410 9 1828.700 0.14066 
032 080410 9 1837.050 0.11501 
032 080410 9 1850.525 0.10080 
032 080410 9 1864.325 0.10977 
032 080410 9 1881.500 0.38663 
032 080410 9 1893.450 0.12005 
032 080410 9 1946.875 0.13912 
032 080410 9 2067.625 0.10891 
032 080410 9 2113.400 0.09922 
032 080410 9 2115.925 0.12560 
032 080410 9 2117.175 0.10288 
032 080410 9 2124.775 0.15933 
032 080410 9 2132.250 0.17940 
032 080410 9 2150.275 0.22903 
032 080410 9 2155.725 0.10717 
032 080410 9 2175.800 0.19124 
032 080410 9 2190.575 0.22314 
032 080410 9 2354.250 0.12613 
032 080410 9 2364.800 0.13410 
032 080410 9 2498.600 0.12081 
032 080410 9 2534.575 0.16872 
032 080410 9 2541.125 0.16046 
032 080410 9 2546.050 0.12094 
032 080410 9 2554.000 0.17542 
032 080410 9 2568.100 0.08997 
032 080410 9 2571.725 0.09626 
032 080410 9 2576.675 0.14790 
032 080410 9 2584.250 0.09616 
032 080410 9 2610.650 0.17440 
032 080410 9 2629.875 0.19104 
032 080410 9 2632.950 0.16417 
032 080410 9 2746.475 0.18250 
032 080410 10 1123.150 0.09648 
032 080410 12 2226.450 0.10028 
032 080410 12 2228.975 0.11508 
032 080410 12 2265.825 0.14669 
032 080410 12 2267.975 0.09111 
032 080410 12 2286.350 0.10765 
032 080410 12 2302.475 0.12277 
032 080410 12 2323.325 0.12489 
032 080410 12 2336.150 0.09370 
032 080410 12 2338.300 0.08962 
032 080410 12 2345.025 0.17137 
032 080410 12 2355.675 0.14315 
032 080410 12 2378.200 0.11624 
032 080410 12 2394.075 0.27217 
032 080410 12 2405.950 0.18178 
032 080410 12 2451.775 0.12040 
032 080410 12 2455.775 0.24924 
032 080410 12 2497.600 0.09347 
032 080410 12 2516.600 0.15331 
032 080410 12 2517.775 0.10173 
032 080410 12 2519.550 0.11771 
032 080410 12 2531.200 0.15189 
032 080410 12 2599.475 0.09771 
032 080410 12 2682.600 0.14258 
032 080410 12 2692.375 0.12520 
032 080410 12 2706.950 0.12549 
032 080410 12 2708.075 0.09894 
032 080410 12 2820.325 0.13818 
032 080410 12 2837.500 0.13917 
032 080410 12 3017.550 0.18327 
032 080410 12 3041.500 0.17705 
032 080410 12 3057.250 0.16320 
032 080410 12 3469.225 0.11354 
032 080410 13 1070.525 0.14212 
032 080410 13 1465.725 0.09769 
032 080410 13 1508.425 0.10157 
032 080410 13 1623.625 0.15792 
032 080410 13 1641.225 0.10464 
032 080410 13 1658.125 0.09252 
032 080410 13 1692.650 0.09670 
032 080410 13 2416.900 0.12077 
032 080410 13 3521.175 0.11665 
032 080410 14 551.525 0.09450 
032 080411 3 1835.775 0.11206 
032 080411 4 338.700 0.08808 
032 080411 4 468.750 0.14875 
032 080411 4 521.475 0.10306 
032 080411 4 523.625 0.09284 
032 080411 4 524.925 0.11413 
032 080411 4 558.625 0.19265 
032 080411 4 567.525 0.11429 
032 080411 4 607.100 0.12088 
032 080411 4 622.675 0.12316 
032 080411 4 648.425 0.09582 
032 080411 4 658.375 0.10231 
032 080411 4 675.100 0.10818 
032 080411 4 717.425 0.13070 
032 080411 4 769.800 0.29054 
032 080411 4 794.650 0.12289 
032 080411 4 796.275 0.10238 
032 080411 4 824.725 0.19550 
032 080411 4 828.175 0.08905 
032 080411 4 878.900 0.19729 
032 080411 4 915.550 0.08602 
032 080411 4 925.200 0.11873 
032 080411 4 947.900 0.11174 
032 080411 4 959.725 0.11482 
032 080411 4 998.200 0.10128 
032 080411 4 1001.950 0.09395 
032 080411 4 1006.250 0.10183 
032 080411 4 1035.300 0.10943 
032 080411 4 1060.700 0.19918 
032 080411 4 1063.325 0.18571 
032 080411 4 1164.525 0.12425 
032 080411 4 1173.875 0.12285 
032 080411 4 1331.050 0.08644 
032 080411 4 1333.975 0.08807 
032 080411 4 1341.075 0.18830 
032 080411 4 1350.375 0.12310 
032 080411 4 1357.400 0.25403 
032 080411 4 1364.025 0.15021 
032 080411 4 1376.450 0.10421 
032 080411 4 1382.775 0.14992 
032 080411 4 1448.650 0.14989 
032 080411 4 1451.900 0.21581 
032 080411 4 1774.525 0.09665 
032 080411 4 2114.275 0.13562 
032 080411 4 2661.950 0.16369 
032 080411 4 2684.200 0.10671 
032 080411 5 1176.975 0.08601 
