YBH  ME02 ME04 ME29 ME09 ME10 ME30 ME13 KHBB WDC  ME27 ME28 ME01 ME24 ME12 ME08  
Threshhold: 8 
001 080414 4 2834.775 0.10391 
001 080415 4 596.675 0.16568 
001 080415 4 626.825 0.12604 
001 080415 4 632.525 0.15716 
001 080415 4 639.250 0.09207 
001 080415 4 729.875 0.16452 
001 080415 4 756.075 0.09116 
001 080415 8 1210.650 0.12227 
001 080415 8 1220.950 0.08966 
001 080415 8 1272.125 0.13517 
001 080415 8 1350.475 0.14123 
001 080415 8 1353.625 0.13616 
001 080415 8 1378.500 0.08934 
001 080415 8 1553.700 0.08959 
001 080415 8 1775.250 0.10607 
001 080415 8 1895.250 0.10145 
001 080415 8 1896.700 0.16687 
001 080415 8 2001.275 0.09122 
001 080415 8 2067.025 0.11967 
001 080415 8 2120.800 0.13877 
001 080415 8 2132.750 0.15378 
001 080415 8 2222.200 0.17246 
001 080415 8 3128.325 0.10221 
001 080415 8 3135.100 0.15412 
001 080415 8 3181.975 0.40131 
001 080415 8 3435.825 0.21093 
001 080415 9 190.700 0.12036 
001 080415 9 198.100 0.13562 
001 080415 9 1521.850 0.12482 
001 080415 9 1568.725 0.20695 
001 080415 9 2721.075 0.09051 
001 080415 9 2747.625 0.12751 
001 080415 9 2765.325 0.10512 
001 080415 9 2809.525 0.08957 
001 080415 9 2812.600 0.11172 
001 080415 10 134.200 0.10411 
001 080415 10 184.650 0.13601 
001 080415 10 187.075 0.14802 
001 080415 10 190.225 0.16989 
001 080415 10 278.950 0.11219 
001 080415 10 281.075 0.13309 
001 080415 10 656.050 0.12691 
001 080415 10 659.225 0.08924 
001 080415 10 2001.500 0.09164 
001 080415 10 2120.825 0.11108 
001 080415 11 160.375 0.09627 
001 080415 11 166.275 0.12216 
001 080415 11 170.125 0.24493 
001 080415 11 188.400 0.14818 
001 080415 11 240.575 0.09185 
001 080415 11 263.175 0.18991 
001 080415 11 267.050 0.21636 
001 080415 11 269.400 0.12967 
001 080415 11 284.200 0.08941 
001 080415 11 348.800 0.09754 
001 080415 11 365.075 0.09182 
001 080415 11 380.950 0.22405 
001 080415 11 453.850 0.09821 
001 080415 11 455.700 0.09820 
001 080415 12 3171.750 0.09011 
001 080415 16 39.650 0.15565 
001 080415 22 1657.550 0.12260 
001 080415 22 2014.250 0.12146 
001 080415 22 2099.875 0.14216 
001 080415 24 945.650 0.13843 
001 080415 24 1418.450 0.10785 
001 080415 24 1573.800 0.09983 
001 080415 24 1577.700 0.29655 
001 080416 14 3566.725 0.10935 
001 080416 15 67.650 0.10681 
001 080416 15 75.425 0.14174 
001 080416 15 78.475 0.24950 
001 080416 15 208.275 0.14689 
001 080416 15 614.750 0.11373 
001 080416 15 633.725 0.10797 
001 080416 15 666.650 0.12672 
001 080416 15 674.300 0.09970 
001 080416 15 3556.625 0.17513 
001 080416 15 3559.550 0.13056 
001 080416 15 3577.875 0.14176 
001 080416 15 3597.650 0.15653 
001 080416 16  7.475 0.11435 
001 080416 16 23.550 0.27443 
001 080416 16 60.400 0.21565 
001 080416 16 102.825 0.24494 
001 080416 16 105.050 0.09649 
001 080416 21 462.875 0.09478 
001 080417 6 2756.675 0.11504 
001 080417 14 230.550 0.09559 
001 080418 2 3068.675 0.09492 
001 080418 2 3099.500 0.13305 
001 080418 2 3129.650 0.14055 
001 080418 2 3235.925 0.23842 
001 080418 2 3238.950 0.11837 
001 080418 2 3539.075 0.17366 
001 080418 2 3541.350 0.09769 
001 080418 2 3564.975 0.10534 
001 080418 2 3567.025 0.17820 
001 080418 2 3570.000 0.22449 
001 080418 2 3573.925 0.11758 
001 080418 2 3576.850 0.09500 
001 080418 3 21.075 0.09479 
001 080418 3 190.925 0.12456 
001 080418 3 194.250 0.15006 
001 080418 3 202.875 0.15219 
001 080418 10 2578.050 0.15371 
001 080418 10 2599.075 0.14199 
001 080418 10 2608.900 0.14819 
001 080419 10 1080.075 0.09354 
001 080420 5 278.050 0.10231 
001 080420 5 638.975 0.10257 
001 080420 5 829.725 0.09355 
001 080420 5 865.175 0.19903 
001 080420 5 868.200 0.12161 
001 080420 5 872.125 0.17235 
001 080420 5 1037.700 0.09235 
001 080420 5 1631.600 0.12751 
001 080420 5 1638.325 0.10462 
001 080420 5 1696.425 0.20416 
001 080420 5 1721.425 0.09926 
001 080420 5 2161.925 0.11390 
001 080420 5 2165.700 0.12451 
001 080420 5 3166.700 0.11475 
001 080420 5 3205.775 0.13757 
001 080420 5 3209.875 0.16257 
001 080420 5 3212.100 0.10609 
001 080420 5 3320.925 0.10960 
001 080420 5 3324.100 0.15740 
001 080420 5 3465.600 0.09792 
001 080420 5 3472.425 0.21585 
001 080420 6 1638.350 0.09400 
001 080420 6 2890.200 0.10983 
001 080420 7 1077.100 0.09349 
001 080420 7 2036.125 0.09884 
001 080420 7 2057.700 0.10280 
001 080420 7 2096.000 0.19050 
001 080420 7 2100.500 0.12727 
001 080420 7 2264.050 0.09131 
001 080420 7 2267.275 0.10908 
001 080420 7 2281.125 0.25112 
001 080420 7 2486.375 0.09268 
001 080420 7 2503.950 0.21582 
001 080420 7 2511.550 0.19303 
001 080420 7 2519.200 0.09315 
