ME04 ME29 ME09 ME10 ME30 ME13 KHBB WDC  ME27 ME24 ME08  
Threshhold: 8 
033 080415 11 3251.850 0.11926 
033 080415 12 2024.425 0.16786 
033 080415 12 2090.100 0.11027 
033 080415 12 2295.600 0.18241 
033 080415 12 2384.425 0.14632 
033 080415 12 2397.925 0.10817 
033 080415 12 2522.575 0.10888 
033 080415 12 2649.975 0.13877 
033 080415 12 2716.150 0.12760 
033 080415 12 2750.950 0.14214 
033 080415 12 2972.850 0.17011 
033 080415 12 3271.300 0.11565 
033 080415 12 3479.425 0.13246 
033 080415 12 3572.075 0.11243 
033 080415 13 270.625 0.12325 
033 080415 13 537.000 0.15899 
033 080415 13 1038.825 0.10681 
033 080415 13 1533.775 0.14866 
033 080415 13 1600.600 0.12959 
033 080415 13 1605.825 0.20677 
033 080415 14 1213.925 0.17429 
033 080415 14 1251.600 0.12511 
033 080415 16 61.700 0.12353 
033 080415 24 1588.150 0.12318 
033 080416 13 236.600 0.17407 
033 080416 13 272.625 0.11412 
033 080416 13 489.850 0.19843 
033 080416 13 493.575 0.13548 
033 080416 13 513.475 0.12155 
033 080416 13 554.950 0.10786 
033 080416 13 598.225 0.13617 
033 080416 13 725.775 0.11128 
033 080416 13 727.625 0.24147 
033 080416 13 733.925 0.15552 
033 080416 13 783.525 0.16772 
033 080416 13 786.200 0.17661 
033 080416 13 838.750 0.13634 
033 080416 13 842.700 0.22781 
033 080416 13 859.175 0.17004 
033 080416 13 864.350 0.16942 
033 080416 13 899.850 0.12728 
033 080416 13 910.400 0.17712 
033 080416 13 914.300 0.18741 
033 080416 13 990.000 0.18439 
033 080416 13 1002.325 0.14916 
033 080416 13 1041.750 0.14808 
033 080416 13 1045.600 0.17302 
033 080416 13 1098.675 0.11371 
033 080416 13 1101.625 0.19883 
033 080416 13 1110.925 0.16683 
033 080416 13 1158.675 0.24254 
033 080416 13 1163.700 0.17680 
033 080416 13 1169.375 0.12823 
033 080416 13 1247.175 0.11087 
033 080416 13 1251.225 0.15550 
033 080416 13 1289.750 0.13522 
033 080416 13 1303.125 0.12335 
033 080416 13 1305.050 0.11661 
033 080416 13 1309.425 0.15304 
033 080416 13 1313.400 0.15381 
033 080416 13 1320.500 0.11665 
033 080416 13 1328.725 0.17133 
033 080416 13 1333.250 0.16065 
033 080416 13 1336.025 0.17205 
033 080416 13 1338.050 0.31818 
033 080416 13 1353.700 0.14854 
033 080416 13 1354.975 0.11656 
033 080416 13 1356.975 0.15923 
033 080416 13 1512.450 0.13769 
033 080416 13 1519.675 0.20576 
033 080416 13 1524.450 0.10615 
033 080416 13 1532.125 0.10677 
033 080416 13 1566.825 0.13382 
033 080416 13 1685.300 0.18441 
033 080416 13 1745.550 0.16133 
033 080416 13 1773.075 0.11655 
033 080416 13 1778.625 0.11820 
033 080416 13 1779.850 0.16272 
033 080416 13 1782.575 0.24572 
033 080416 13 1786.225 0.11992 
033 080416 13 1790.700 0.15375 
033 080416 13 1806.575 0.14835 
033 080416 13 1811.025 0.23431 
033 080416 13 1815.000 0.11610 
033 080416 13 1841.000 0.19014 
033 080416 13 1858.950 0.14688 
033 080416 13 1864.150 0.19287 
033 080416 13 1870.650 0.13852 
033 080416 13 1890.000 0.32328 
033 080416 13 1892.675 0.10566 
033 080416 13 1895.600 0.29751 
033 080416 13 2496.375 0.13029 
033 080416 13 2497.750 0.11437 
033 080416 13 2532.850 0.11462 
033 080416 13 2545.525 0.11820 
033 080416 13 2590.100 0.13517 
033 080416 13 2591.725 0.23053 
033 080416 13 2595.675 0.16885 
033 080416 13 2604.100 0.18264 
033 080416 13 2608.750 0.18109 
033 080416 13 2612.625 0.20981 
033 080416 13 2617.050 0.17518 
033 080416 13 2619.025 0.11549 
033 080416 13 2630.225 0.13580 
033 080416 13 2631.550 0.17961 
033 080416 13 3582.400 0.10827 
033 080416 14 172.625 0.11710 
033 080416 15 127.075 0.11861 
033 080416 15 369.300 0.11986 
033 080416 15 375.575 0.15509 
033 080416 15 386.600 0.15856 
033 080416 15 396.200 0.17503 
033 080416 15 404.050 0.15965 
033 080416 15 405.925 0.16984 
033 080416 15 417.900 0.11113 
033 080416 15 424.150 0.15890 
033 080416 15 425.450 0.16680 
033 080416 15 448.600 0.21020 
033 080416 15 606.600 0.10968 
033 080416 15 638.750 0.12307 
033 080416 15 753.575 0.12051 
033 080416 15 771.300 0.13568 
033 080416 15 833.075 0.12623 
033 080416 16  7.150 0.11802 
033 080416 21 952.125 0.11303 
033 080417 7 527.125 0.10669 
033 080417 16 3551.350 0.14657 
033 080417 17 1247.175 0.14425 
033 080418 2 2001.900 0.11094 
033 080418 4 854.325 0.11102 
033 080418 4 1149.150 0.12902 
033 080418 4 1693.925 0.11123 
033 080418 4 2135.225 0.12527 
033 080418 4 2144.525 0.16982 
033 080418 4 2837.250 0.10953 
033 080418 8 3460.150 0.11809 
033 080418 12 3564.950 0.11469 
033 080418 21 834.575 0.11480 
033 080418 21 2875.350 0.11501 
033 080419 6 174.450 0.12148 
033 080420 2 2563.550 0.10720 
033 080420 2 2782.200 0.10742 
033 080420 2 2991.925 0.11166 
033 080420 2 3023.300 0.10667 
033 080420 2 3086.675 0.10818 
033 080420 2 3587.725 0.11659 
033 080420 3 123.775 0.11699 
033 080420 3 478.350 0.13557 
033 080420 3 527.925 0.10706 
033 080420 3 535.600 0.11107 
033 080420 3 1323.375 0.16353 
033 080420 3 1341.825 0.12610 
033 080420 3 1365.575 0.18122 
033 080420 3 1442.475 0.12928 
033 080420 3 1465.500 0.17437 
033 080420 3 1474.925 0.12818 
033 080420 3 1691.200 0.17350 
033 080420 3 1706.750 0.12646 
033 080420 3 1720.700 0.11108 
033 080420 3 1741.350 0.10814 
033 080420 3 1743.825 0.12835 
033 080420 3 2914.550 0.18434 
033 080420 3 2920.750 0.20158 
033 080420 5 1379.525 0.15150 
033 080420 5 1520.300 0.11043 
033 080420 5 1564.575 0.15756 
033 080420 5 1587.025 0.10580 
033 080420 5 1589.700 0.11579 
033 080420 5 1715.950 0.18881 
033 080420 5 1748.125 0.12086 
033 080420 5 1763.525 0.10855 
033 080420 5 1999.250 0.12388 
033 080420 5 2075.875 0.12242 
033 080420 5 2144.075 0.11855 
033 080420 5 2202.875 0.16074 
033 080420 6 1043.550 0.11249 
033 080420 6 1722.750 0.10525 
033 080420 6 1817.750 0.11400 
033 080420 6 1970.250 0.13611 
033 080420 6 2072.975 0.14138 
033 080420 6 2078.575 0.10525 
033 080420 6 2127.650 0.15960 
033 080420 6 2304.675 0.15084 
033 080420 6 2314.975 0.16675 
033 080420 6 2317.600 0.18750 
033 080420 6 2460.450 0.14741 
033 080420 7 1515.225 0.10674 
033 080420 7 2475.500 0.10651 
033 080421 7 1245.550 0.10281 
033 080421 23 3517.275 0.12816 
