KHBB WDC  ME16 ME27 ME28 ME08 ME12 ME57 ME42  
Threshhold: 8 
023 080401 4 2222.600 0.19229 
023 080401 4 2224.350 0.16223 
023 080401 4 2325.175 0.18556 
023 080401 4 2482.550 0.19550 
023 080401 4 2484.275 0.17300 
023 080401 4 2492.125 0.22215 
023 080401 4 2689.425 0.17006 
023 080401 4 2693.575 0.12343 
023 080401 5 170.850 0.12167 
023 080401 5 1337.175 0.19402 
023 080401 5 1338.875 0.23799 
023 080401 6 150.600 0.19700 
023 080401 6 262.700 0.15104 
023 080401 11 1683.050 0.12161 
023 080404 10 1037.450 0.17144 
023 080404 10 1162.250 0.18265 
023 080404 10 1213.300 0.16092 
023 080404 10 1286.450 0.19744 
023 080404 10 1292.925 0.27353 
023 080404 10 1298.875 0.23683 
023 080404 10 1310.000 0.39519 
023 080404 10 1315.950 0.18297 
023 080404 10 1324.100 0.15960 
023 080404 10 1333.575 0.17525 
023 080404 10 1342.075 0.17020 
023 080404 10 1484.250 0.21819 
023 080404 10 1485.950 0.19093 
023 080404 10 1498.875 0.17196 
023 080404 10 1760.475 0.20145 
023 080404 10 1830.975 0.17324 
023 080404 10 1878.750 0.21417 
023 080404 10 2834.250 0.16941 
023 080404 10 2876.875 0.19030 
023 080404 10 3543.375 0.15040 
023 080404 11 532.050 0.17446 
023 080404 11 1465.450 0.09737 
023 080404 15 1250.925 0.09484 
023 080404 15 1655.875 0.20815 
