ME09 ME10 ME30 ME13 KHBB WDC  ME27 ME24 ME28 ME08 ME04 YBH   
Threshhold: 8 
020 080412 7 92.075 0.12660 
020 080412 13 1914.375 0.10214 
020 080413 11 1964.000 0.12026 
020 080413 11 2075.175 0.13592 
020 080413 12 2721.625 0.13789 
020 080413 13 1243.700 0.10968 
020 080413 13 1889.200 0.15380 
020 080413 13 1896.575 0.14117 
020 080413 14 1122.200 0.10944 
020 080413 14 1321.550 0.11327 
020 080413 14 1345.525 0.12145 
020 080413 14 1387.325 0.15185 
020 080413 14 1500.675 0.11395 
020 080413 15 1025.650 0.13651 
020 080413 16 3560.275 0.11470 
020 080413 16 3571.875 0.18539 
020 080413 17 1365.600 0.15009 
020 080413 17 2013.150 0.11293 
020 080413 17 2017.450 0.24537 
020 080413 17 2198.900 0.21640 
020 080413 17 2203.825 0.12389 
020 080413 18 686.625 0.16194 
020 080413 18 689.625 0.29070 
020 080413 20 206.900 0.12288 
020 080413 20 223.850 0.11290 
020 080413 20 1721.050 0.15614 
020 080413 20 1936.400 0.14957 
020 080413 20 2065.025 0.21399 
020 080413 21 792.175 0.16131 
020 080413 22 1022.275 0.10846 
020 080413 22 1312.375 0.10999 
020 080413 22 1386.275 0.16792 
020 080413 22 2251.550 0.22342 
020 080413 22 2265.025 0.20925 
020 080413 22 2316.550 0.25562 
020 080413 22 2514.125 0.15983 
020 080413 22 2515.800 0.12757 
020 080413 23 1268.250 0.11848 
020 080413 23 1289.450 0.23067 
020 080413 23 1363.600 0.14904 
020 080413 23 1364.925 0.13381 
020 080413 23 1375.800 0.26124 
020 080413 23 1378.475 0.12140 
020 080413 23 1659.775 0.15867 
020 080413 23 1666.150 0.10998 
020 080413 23 1672.875 0.13764 
020 080413 23 1674.525 0.19076 
020 080413 23 2890.550 0.11194 
020 080413 24 647.000 0.10753 
020 080413 24 686.575 0.14917 
020 080413 24 689.575 0.11261 
020 080413 24 702.275 0.24801 
020 080413 24 728.900 0.16047 
020 080413 24 738.250 0.19806 
020 080413 24 1225.900 0.16154 
020 080413 24 1240.350 0.12643 
020 080413 24 1250.625 0.10929 
020 080413 24 2843.275 0.14785 
020 080413 24 2867.200 0.19163 
020 080414 3 1247.875 0.19923 
020 080414 3 1311.675 0.16623 
020 080414 3 1313.300 0.18502 
020 080414 3 1403.625 0.13196 
020 080414 3 1433.625 0.11339 
020 080414 3 1438.875 0.18530 
020 080414 3 1506.675 0.16723 
020 080414 3 1510.575 0.10728 
020 080414 3 1607.475 0.12221 
020 080414 3 1633.275 0.10687 
020 080414 3 1659.300 0.10347 
020 080414 3 2105.750 0.16409 
020 080414 4 3344.800 0.15834 
020 080414 4 3367.625 0.15507 
020 080414 5 3140.325 0.15235 
020 080414 5 3203.025 0.16058 
020 080414 5 3214.550 0.12819 
020 080414 5 3248.050 0.20777 
020 080414 5 3249.225 0.14918 
020 080414 8 2762.000 0.14539 
020 080414 8 2775.325 0.15335 
020 080414 8 2825.150 0.10292 
020 080414 8 2893.725 0.11179 
020 080414 8 2995.350 0.13066 
020 080414 8 3246.400 0.17032 
020 080414 8 3383.650 0.15412 
020 080414 8 3414.625 0.18830 
020 080414 9 473.475 0.10353 
020 080414 9 720.725 0.12628 
020 080414 9 992.200 0.11671 
020 080414 9 1013.200 0.10463 
020 080414 11 466.575 0.10325 
020 080414 11 943.500 0.12769 
020 080414 11 1348.325 0.19587 
020 080414 11 1352.125 0.19428 
020 080414 12 325.175 0.15733 
020 080414 12 861.725 0.20829 
020 080414 12 910.200 0.13240 
020 080414 12 914.950 0.10887 
020 080414 12 1110.000 0.37039 
020 080414 19 1765.550 0.10874 
020 080414 19 1938.550 0.20765 
020 080414 19 1959.325 0.14636 
020 080414 19 1990.750 0.10269 
020 080414 19 2980.650 0.18457 
020 080414 19 2982.825 0.19596 
020 080414 20 2147.100 0.16683 
020 080415 1 1538.775 0.15736 
020 080415 1 1557.700 0.13738 
020 080415 1 1807.825 0.15136 
020 080415 1 1829.425 0.16325 
020 080415 10 1061.100 0.10608 
020 080415 10 1935.525 0.15999 
020 080415 10 3426.575 0.11285 
020 080415 10 3435.375 0.11933 
020 080415 10 3440.875 0.20200 
020 080415 11 3381.900 0.16414 
020 080415 11 3537.125 0.11105 
020 080415 11 3543.775 0.13562 
020 080415 12 116.275 0.15681 
020 080415 13 3465.775 0.17131 
020 080415 13 3548.850 0.18383 
020 080415 14 36.675 0.15571 
020 080415 14 532.675 0.17347 
020 080415 14 547.325 0.12474 
020 080415 14 556.425 0.11829 
020 080415 14 3249.700 0.20492 
