YBH  ME02 ME04 ME09 ME10 ME30 ME13 KHBB WDC  ME16 ME27 ME24 ME28 ME08  
Threshhold: 8 
015 080413 2 2195.175 0.08827 
015 080413 2 3265.075 0.20353 
015 080413 2 3438.000 0.10592 
015 080413 3 538.975 0.13837 
015 080413 3 550.450 0.08347 
015 080413 3 637.375 0.09941 
015 080413 3 978.400 0.09975 
015 080413 3 1029.350 0.09469 
015 080413 3 1047.600 0.10200 
015 080413 3 1183.600 0.09018 
015 080413 3 1853.200 0.10675 
015 080413 3 1887.825 0.12431 
015 080413 3 3221.550 0.08828 
015 080413 3 3417.900 0.12989 
015 080413 3 3421.250 0.11181 
015 080413 3 3462.675 0.11631 
015 080413 3 3467.925 0.13469 
015 080413 3 3504.650 0.14917 
015 080413 3 3550.850 0.16262 
015 080413 4 885.700 0.11073 
015 080413 4 3264.200 0.11797 
015 080413 7 126.800 0.08275 
015 080413 7 344.425 0.09870 
015 080413 7 351.225 0.11148 
015 080413 7 431.300 0.14049 
015 080413 7 447.650 0.17547 
015 080413 7 531.850 0.23313 
015 080413 7 544.875 0.11141 
015 080413 7 775.000 0.23208 
015 080413 7 796.900 0.19097 
015 080413 7 824.075 0.11332 
015 080413 7 836.000 0.43222 
015 080413 7 906.400 0.22432 
015 080413 7 1016.350 0.13005 
015 080413 7 1018.900 0.08894 
015 080413 7 1046.550 0.14080 
015 080413 7 1064.100 0.13239 
015 080413 7 1070.700 0.19680 
015 080413 7 1077.050 0.18008 
015 080413 7 1088.125 0.10708 
015 080413 7 1276.475 0.21904 
015 080413 7 1281.450 0.12510 
015 080413 7 1285.525 0.11250 
015 080413 7 1290.325 0.20673 
015 080413 7 1292.650 0.08527 
015 080413 7 1297.725 0.10267 
015 080413 17 2808.325 0.08478 
015 080413 20 538.000 0.11367 
015 080413 20 589.275 0.17847 
015 080415 10 1782.025 0.08784 
015 080415 10 2093.125 0.09007 
015 080415 10 2098.100 0.12696 
015 080415 10 2752.950 0.10186 
015 080415 10 2787.425 0.16352 
015 080415 10 2793.075 0.26454 
015 080415 10 3026.275 0.17567 
015 080415 10 3044.600 0.10647 
015 080415 10 3056.425 0.13581 
015 080415 10 3059.250 0.10679 
015 080415 10 3064.650 0.12482 
015 080415 10 3068.375 0.15392 
015 080415 10 3562.875 0.12066 
015 080415 11 36.125 0.13677 
015 080415 11 414.125 0.10999 
015 080415 11 417.550 0.14021 
015 080415 11 466.325 0.10478 
015 080415 11 482.300 0.12841 
015 080415 11 547.175 0.18758 
015 080415 11 554.250 0.15891 
015 080415 11 589.600 0.09501 
015 080415 11 1826.375 0.10688 
015 080415 11 1863.125 0.10591 
015 080415 11 1872.500 0.09939 
015 080415 11 1882.875 0.13915 
015 080415 11 1904.575 0.09217 
015 080415 11 1910.650 0.15023 
015 080415 11 1912.725 0.15574 
015 080415 11 1926.925 0.13186 
015 080415 11 1937.925 0.15011 
015 080415 11 1996.200 0.11547 
015 080415 11 3175.775 0.08668 
015 080415 11 3415.425 0.08759 
015 080415 11 3480.300 0.15591 
015 080415 11 3568.525 0.19418 
015 080415 12 3527.375 0.11463 
015 080420 4 719.125 0.08338 
015 080420 4 790.650 0.08745 
015 080420 4 1070.325 0.09173 
015 080420 4 1461.850 0.10245 
015 080420 4 1506.500 0.08758 
015 080420 4 1661.125 0.09180 
015 080420 4 2336.875 0.12058 
015 080420 4 2402.325 0.11913 
015 080420 4 2422.200 0.11452 
015 080420 4 2430.475 0.10725 
015 080420 4 2432.025 0.08764 
015 080420 4 2859.125 0.16107 
015 080420 4 2876.875 0.08856 
015 080420 4 2920.350 0.15127 
015 080420 4 3141.875 0.13075 
015 080420 4 3148.775 0.15574 
015 080420 4 3159.950 0.13696 
015 080420 4 3163.300 0.19138 
015 080420 5 191.300 0.10701 
015 080420 5 406.525 0.13711 
015 080420 5 424.875 0.13883 
015 080420 5 454.650 0.14833 
015 080420 5 462.200 0.08966 
015 080420 5 484.200 0.15604 
015 080420 5 570.400 0.16802 
015 080420 5 578.075 0.10046 
015 080420 5 600.400 0.09634 
015 080420 5 612.750 0.09095 
015 080420 5 617.350 0.12906 
015 080420 5 620.925 0.15002 
015 080420 5 627.450 0.14162 
015 080420 5 646.550 0.08497 
015 080420 5 658.525 0.08474 
015 080420 5 1527.125 0.09514 
015 080420 5 1589.000 0.09504 
015 080420 5 1747.150 0.10515 
015 080420 5 1758.650 0.21536 
015 080420 5 1794.650 0.08337 
015 080420 5 1917.650 0.09881 
015 080420 5 2525.800 0.09391 
015 080420 5 2543.650 0.09265 
015 080420 6 708.800 0.10028 
015 080420 6 781.500 0.15620 
015 080420 6 836.975 0.09129 
015 080420 6 2700.075 0.08639 
015 080420 6 2707.500 0.10185 
015 080420 6 2723.650 0.11860 
015 080420 6 2915.475 0.09559 
015 080420 6 3016.500 0.17597 
015 080420 7 2487.100 0.08527 
