ME01 YBH  ME02 ME04 ME29 ME09 ME10 ME30 ME13 KHBB WDC  ME27 ME24 ME28 ME08 ME26 ME12  
Threshhold: 8 
016 080413 9 1855.625 0.08937 
016 080413 10 2545.000 0.10651 
016 080413 11 75.800 0.09409 
016 080413 11 78.650 0.13243 
016 080413 11 600.450 0.10676 
016 080413 11 833.100 0.12487 
016 080413 11 845.700 0.13022 
016 080413 11 882.225 0.09336 
016 080413 11 1491.750 0.08854 
016 080413 11 1950.325 0.13917 
016 080413 11 1960.025 0.11179 
016 080413 11 1972.275 0.16890 
016 080413 11 2043.350 0.11872 
016 080413 11 2083.450 0.18098 
016 080413 12 34.250 0.22846 
016 080413 12 38.625 0.11150 
016 080413 12 40.475 0.10010 
016 080413 12 90.900 0.12280 
016 080413 12 1574.975 0.15593 
016 080413 12 2542.550 0.11382 
016 080413 12 2562.125 0.15846 
016 080413 12 2584.200 0.12672 
016 080413 12 2588.300 0.09172 
016 080413 12 2622.850 0.14177 
016 080413 12 3422.300 0.10793 
016 080413 13 1859.900 0.10604 
016 080413 13 1871.300 0.12630 
016 080413 13 1897.500 0.12555 
016 080413 13 1899.125 0.14844 
016 080413 13 1904.900 0.17793 
016 080413 14 681.200 0.12824 
016 080413 14 1238.075 0.17510 
016 080413 14 1286.825 0.17897 
016 080413 14 1318.975 0.13687 
016 080413 14 1505.250 0.10953 
016 080413 14 1507.050 0.11710 
016 080413 14 1508.975 0.14494 
016 080413 14 1533.575 0.15652 
016 080413 14 1630.625 0.10172 
016 080413 14 1673.000 0.13311 
016 080413 15 367.650 0.11269 
016 080413 15 1024.125 0.14860 
016 080413 16 3463.175 0.12111 
016 080413 16 3568.575 0.20590 
016 080413 17  4.375 0.11834 
016 080413 17  5.550 0.10127 
016 080413 17 1207.275 0.13434 
016 080413 17 1374.425 0.15385 
016 080413 17 2125.700 0.13422 
016 080413 17 2207.200 0.15815 
016 080413 17 2209.525 0.10855 
016 080413 17 2234.500 0.14733 
016 080413 18 649.325 0.09218 
016 080413 18 688.800 0.09846 
016 080413 18 695.575 0.21132 
016 080413 18 697.800 0.14634 
016 080413 19 1231.900 0.12737 
016 080413 20 1695.675 0.12572 
016 080413 20 1729.375 0.16511 
016 080413 20 1765.200 0.10253 
016 080413 20 1931.150 0.16447 
016 080413 20 2073.925 0.10198 
016 080413 20 2166.225 0.11968 
016 080413 20 2564.100 0.11332 
016 080413 21 792.750 0.13626 
016 080413 21 797.050 0.10722 
016 080413 21 801.500 0.17881 
016 080413 21 804.325 0.12029 
016 080413 21 812.475 0.13196 
016 080413 21 874.150 0.16952 
016 080413 22 1391.700 0.13975 
016 080413 22 1395.075 0.21905 
016 080413 22 2324.850 0.25179 
016 080413 22 2329.750 0.14437 
016 080413 22 2411.500 0.15623 
016 080413 22 2522.925 0.18968 
016 080413 22 2526.975 0.11186 
016 080413 23 1276.525 0.10815 
016 080413 23 1384.100 0.17095 
016 080413 23 1386.850 0.11200 
016 080413 23 1493.000 0.10766 
016 080413 23 1683.200 0.12945 
016 080413 24 689.750 0.11061 
016 080413 24 697.900 0.10506 
016 080413 24 736.600 0.21499 
016 080413 24 739.600 0.11536 
016 080413 24 747.500 0.16606 
016 080413 24 1178.325 0.12959 
016 080413 24 1223.650 0.22087 
016 080413 24 1258.900 0.12252 
016 080413 24 1837.775 0.13831 
016 080413 24 2942.100 0.11880 
016 080413 24 2951.900 0.10768 
016 080413 24 2959.900 0.11870 
016 080413 24 2961.700 0.12574 
016 080413 24 2986.125 0.11555 
016 080413 24 2987.450 0.13497 
016 080414 3 1407.750 0.10426 
016 080414 3 1442.425 0.08978 
016 080414 3 1457.125 0.16102 
016 080414 3 1495.350 0.14028 
016 080414 3 1514.250 0.16089 
016 080414 3 1517.025 0.11908 
016 080414 3 1524.900 0.18066 
016 080414 3 1529.225 0.15847 
016 080414 3 1537.550 0.13378 
016 080414 3 1558.825 0.10300 
016 080414 3 1598.175 0.13100 
016 080414 3 1600.575 0.12423 
016 080414 3 1613.475 0.09138 
016 080414 3 1615.050 0.13191 
016 080414 3 1697.125 0.10707 
016 080414 3 2118.075 0.11186 
016 080414 3 2126.400 0.13530 
016 080414 3 2129.925 0.22606 
016 080414 3 2134.525 0.08836 
016 080414 3 2147.275 0.10192 
016 080414 3 2149.825 0.16011 
016 080414 3 2229.500 0.12935 
016 080414 3 2249.550 0.10875 
016 080414 5 3063.350 0.09085 
016 080414 5 3076.225 0.10944 
016 080414 5 3084.550 0.14079 
016 080414 5 3148.625 0.14638 
016 080414 5 3203.400 0.13511 
016 080414 5 3208.825 0.10507 
016 080414 5 3222.850 0.19205 
016 080414 5 3239.175 0.16257 
016 080414 5 3256.350 0.22145 
016 080414 8 3061.900 0.13594 
016 080414 8 3169.400 0.15623 
016 080414 8 3237.400 0.10565 
016 080414 8 3239.075 0.19020 
016 080414 8 3253.475 0.11138 
016 080414 8 3335.325 0.09338 
016 080414 8 3410.825 0.13934 
016 080414 8 3412.775 0.09365 
016 080414 8 3578.900 0.19355 
016 080414 9 476.725 0.10055 
016 080414 9 481.825 0.09928 
016 080414 9 719.575 0.11387 
016 080414 9 723.750 0.13671 
016 080414 9 951.850 0.10128 
016 080414 9 1001.200 0.14659 
016 080414 11 799.675 0.13638 
016 080414 11 1006.225 0.16518 
016 080414 11 1232.050 0.18632 
016 080414 11 1241.175 0.13342 
016 080414 12 333.500 0.10804 
016 080414 12 356.100 0.10405 
016 080414 12 367.075 0.10625 
016 080414 12 797.675 0.11445 
016 080414 12 810.750 0.11936 
016 080414 12 822.350 0.08722 
016 080414 12 828.600 0.12969 
016 080414 12 841.625 0.10848 
016 080414 12 870.000 0.28340 
016 080414 12 923.275 0.26999 
016 080414 12 1093.475 0.10785 
016 080414 12 1105.575 0.10016 
016 080414 12 1118.300 0.16409 
016 080414 12 1904.775 0.14227 
016 080414 12 2576.225 0.10020 
016 080414 12 2612.500 0.10041 
016 080414 13 2533.250 0.09460 
016 080414 19 1582.525 0.09950 
016 080414 19 1648.175 0.13685 
016 080414 19 1730.950 0.10303 
016 080414 19 1773.825 0.16621 
016 080414 19 1832.025 0.08778 
016 080414 19 1873.875 0.11964 
016 080414 19 1905.375 0.22582 
016 080414 19 1946.075 0.15659 
016 080414 19 2982.500 0.13001 
016 080414 19 2985.325 0.15674 
016 080415 1 1414.150 0.11129 
016 080415 1 1459.475 0.11137 
016 080415 1 1485.575 0.14417 
016 080415 1 1547.625 0.16988 
016 080415 1 1838.300 0.19227 
016 080415 1 1845.375 0.10480 
016 080415 10 937.825 0.12778 
016 080415 10 1067.975 0.20859 
016 080415 10 1985.700 0.13268 
016 080415 10 1998.575 0.09150 
016 080415 10 3448.425 0.11811 
016 080415 10 3477.500 0.14656 
016 080415 10 3480.175 0.11285 
016 080415 10 3484.375 0.08859 
016 080415 10 3510.275 0.13528 
016 080415 11 3358.325 0.08829 
016 080415 11 3390.225 0.16739 
016 080415 11 3391.625 0.14716 
016 080415 11 3545.325 0.15024 
016 080415 11 3549.200 0.09521 
016 080415 11 3552.575 0.17850 
016 080415 12 1188.625 0.10047 
016 080415 13 3433.525 0.10334 
016 080415 13 3459.400 0.13096 
016 080415 13 3474.075 0.29937 
016 080415 13 3512.950 0.09154 
016 080415 13 3515.100 0.13970 
016 080415 13 3530.300 0.13113 
016 080415 13 3543.000 0.11436 
016 080415 14 41.575 0.09428 
016 080415 14 44.250 0.08899 
016 080415 14 46.475 0.11724 
016 080415 14 48.050 0.15124 
016 080415 14 99.750 0.09630 
016 080415 14 565.250 0.10844 
016 080415 14 569.750 0.14412 
016 080415 15 330.100 0.16477 
016 080415 15 376.000 0.11299 
016 080415 15 379.150 0.11678 
016 080416 17 2865.800 0.10180 
016 080417 22 3045.650 0.09624 
016 080417 23 258.175 0.12043 
016 080417 23 259.300 0.10039 
016 080417 23 483.800 0.11735 
