ME09 KHBB ME10 ME30 ME13 ME27 WDC  ME28 ME08  
Threshhold: 8 
039 080410 2 2928.700 0.11452 
039 080410 8 2918.750 0.12157 
039 080410 9 1167.025 0.11515 
039 080410 9 1169.850 0.15945 
039 080410 9 1678.275 0.15200 
039 080410 9 1717.175 0.13505 
039 080410 9 1846.575 0.21057 
039 080410 9 1865.450 0.18674 
039 080410 9 2022.150 0.11743 
039 080410 9 2123.975 0.21192 
039 080410 9 2133.675 0.11790 
039 080410 9 2174.600 0.12958 
039 080410 9 2177.275 0.19141 
039 080410 9 2304.425 0.12973 
039 080410 9 2481.275 0.14372 
039 080410 9 2486.450 0.20239 
039 080410 9 2539.100 0.14317 
039 080410 9 2616.925 0.11532 
039 080410 10 536.900 0.11750 
039 080410 10 1276.075 0.13763 
039 080410 10 1379.575 0.14374 
039 080410 10 1395.250 0.19959 
039 080410 10 1398.425 0.14683 
039 080410 10 1445.650 0.19668 
039 080410 10 1455.950 0.12445 
039 080410 12 1520.825 0.17842 
039 080410 12 1578.950 0.14316 
039 080410 12 1595.050 0.11467 
039 080410 12 1596.600 0.19720 
039 080410 12 1597.900 0.21664 
039 080410 12 1605.075 0.17622 
039 080410 12 1613.900 0.14577 
039 080410 12 1659.950 0.18835 
039 080410 12 1749.875 0.20780 
039 080410 12 1769.050 0.22764 
039 080410 12 1781.100 0.11412 
039 080410 12 1914.950 0.16681 
039 080410 12 1921.575 0.16753 
039 080410 12 2201.025 0.15212 
039 080410 12 2209.000 0.19730 
039 080410 12 2211.525 0.11868 
039 080410 12 2287.000 0.44050 
039 080410 12 2306.875 0.18344 
039 080410 12 2308.875 0.13268 
039 080410 12 2340.200 0.12323 
039 080410 12 2353.625 0.14130 
039 080410 12 2379.675 0.18739 
039 080410 12 2413.450 0.12471 
039 080410 12 2439.750 0.11880 
039 080410 12 2443.575 0.16507 
039 080410 12 2482.675 0.11796 
039 080410 12 2490.775 0.11648 
039 080410 12 2501.100 0.21188 
039 080410 12 2516.750 0.15024 
039 080410 12 2597.150 0.12051 
039 080410 12 2805.500 0.19684 
039 080410 12 3002.775 0.20337 
039 080410 12 3319.925 0.14612 
039 080410 13 1010.975 0.13080 
039 080410 13 1054.500 0.11501 
039 080410 13 1369.000 0.13514 
039 080410 13 1375.475 0.16749 
039 080410 13 1392.275 0.15327 
039 080410 13 1423.075 0.13531 
039 080410 13 1449.700 0.23577 
039 080410 13 1451.825 0.16820 
039 080410 13 1491.800 0.14849 
039 080410 13 1535.325 0.21526 
039 080410 13 1581.100 0.21722 
039 080410 13 1608.175 0.28894 
039 080410 13 1698.650 0.23912 
039 080410 13 1815.075 0.21261 
039 080410 13 1845.975 0.11606 
039 080410 14 2617.225 0.12867 
039 080410 14 3148.075 0.12026 
039 080410 14 3279.125 0.11492 
039 080411 3 3372.375 0.15617 
039 080411 3 3500.000 0.21281 
039 080411 3 3578.350 0.12859 
039 080411 4 100.600 0.11439 
039 080411 4 110.825 0.12366 
039 080411 4 300.475 0.22959 
039 080411 4 318.625 0.21003 
039 080411 4 634.925 0.20890 
039 080411 4 660.250 0.18760 
039 080411 4 701.900 0.21403 
039 080411 4 779.250 0.10953 
039 080411 4 910.800 0.20727 
039 080411 4 987.075 0.13651 
039 080411 4 991.300 0.19978 
039 080411 4 1019.850 0.11188 
039 080411 4 1036.675 0.11483 
039 080411 4 1044.650 0.15273 
039 080411 4 1149.025 0.11370 
039 080411 4 1303.625 0.17073 
039 080411 4 1341.950 0.26912 
039 080411 4 1434.150 0.16743 
039 080411 4 1436.975 0.23576 
039 080411 4 1456.175 0.10984 
039 080411 4 1724.300 0.12093 
039 080411 4 1784.925 0.11306 
039 080411 4 1869.050 0.13563 
039 080411 4 2087.300 0.11018 
039 080411 4 2098.875 0.11890 
039 080411 4 2646.050 0.13282 
