KHBB WDC  ME27 ME28 ME08 ME12 ME57  
Threshhold: 8 
056 080403 7 1654.800 0.17886 
056 080403 7 1715.900 0.21090 
056 080403 9 1941.225 0.17801 
056 080403 9 1945.850 0.30001 
056 080403 9 1959.025 0.12200 
056 080403 9 2182.350 0.21137 
056 080403 9 2429.150 0.20075 
056 080403 9 2983.375 0.16831 
056 080403 9 2994.850 0.21170 
056 080403 9 3006.350 0.24234 
056 080403 9 3053.675 0.34508 
056 080403 9 3280.500 0.23329 
056 080403 9 3283.925 0.13843 
056 080403 9 3286.300 0.16320 
056 080403 9 3288.300 0.22216 
056 080403 9 3307.700 0.12300 
056 080403 9 3310.000 0.31407 
056 080403 9 3329.600 0.13646 
056 080403 9 3360.900 0.15674 
056 080403 9 3362.400 0.12833 
056 080403 9 3518.800 0.23553 
056 080403 9 3526.925 0.19339 
056 080403 10 230.775 0.20795 
056 080403 10 237.850 0.20501 
056 080403 10 266.150 0.19135 
056 080403 10 267.900 0.13776 
056 080403 10 273.850 0.12203 
056 080403 10 279.825 0.23746 
056 080403 10 328.750 0.20269 
056 080403 10 332.075 0.29922 
056 080403 10 437.025 0.27492 
056 080403 10 536.150 0.24513 
056 080403 10 576.950 0.18234 
056 080403 10 670.400 0.25792 
056 080403 10 672.700 0.16502 
056 080403 10 723.850 0.19532 
056 080403 10 750.350 0.13616 
056 080403 10 762.725 0.31002 
056 080403 10 767.400 0.19775 
056 080403 10 977.150 0.19652 
056 080403 10 1035.950 0.21196 
056 080403 10 1498.400 0.19940 
056 080408 8 746.000 0.12571 
056 080408 10 441.775 0.21196 
056 080408 10 1248.525 0.15322 
056 080408 10 1485.800 0.24218 
