KHBB WDC  ME27 ME28 ME08 ME12 ME57  
Threshhold: 8 
050 080325 20 1243.725 0.09711 
050 080325 21 2621.250 0.10085 
050 080325 21 3509.325 0.09321 
050 080325 22 31.925 0.09511 
050 080325 22 124.950 0.09210 
050 080325 22 223.725 0.11649 
050 080325 22 226.200 0.12613 
050 080325 22 476.900 0.09012 
050 080325 22 517.800 0.10186 
050 080325 22 812.300 0.09305 
050 080325 22 872.350 0.14437 
050 080325 22 932.150 0.10266 
050 080325 22 1220.850 0.10322 
050 080325 22 1331.150 0.11329 
050 080325 22 1438.325 0.09281 
050 080325 22 1552.050 0.10852 
050 080325 22 1926.575 0.11254 
050 080401 5 2646.000 0.13973 
050 080401 5 2739.400 0.21788 
050 080401 5 2856.375 0.20545 
050 080401 5 2877.575 0.22929 
050 080401 5 2900.200 0.18883 
050 080401 5 2901.300 0.22076 
050 080401 5 2940.000 0.39532 
050 080401 5 2943.625 0.14524 
050 080401 5 2968.450 0.20947 
050 080401 5 3496.125 0.11872 
050 080401 5 3518.425 0.16002 
050 080401 5 3520.275 0.14544 
050 080401 5 3528.375 0.12159 
050 080401 5 3546.050 0.19856 
050 080401 5 3552.025 0.18704 
050 080401 5 3579.175 0.14986 
050 080401 6 65.050 0.20120 
050 080401 6 189.600 0.11888 
050 080401 6 742.925 0.13035 
050 080401 6 818.825 0.18564 
050 080401 6 1018.125 0.11899 
050 080401 6 1020.325 0.17387 
050 080401 6 1588.000 0.14262 
050 080401 6 1608.025 0.26452 
050 080401 6 1647.025 0.20587 
050 080401 6 1692.625 0.23227 
050 080401 6 1699.025 0.23196 
050 080401 6 1713.800 0.28721 
050 080401 6 1716.625 0.12585 
050 080401 6 1728.525 0.13042 
050 080401 6 2243.525 0.11748 
050 080401 13 3372.075 0.12071 
050 080401 15 1714.275 0.11035 
050 080404 10 1238.100 0.15219 
050 080404 10 1310.100 0.10442 
050 080404 10 1333.300 0.14190 
050 080404 10 1612.225 0.10070 
050 080404 10 2064.025 0.17875 
050 080404 10 2078.975 0.10193 
050 080404 10 2110.875 0.10753 
050 080404 10 2452.175 0.19897 
050 080404 10 2477.725 0.17361 
050 080404 10 2934.950 0.13124 
050 080404 10 3175.750 0.14135 
050 080404 10 3250.000 0.11655 
050 080404 10 3410.175 0.11409 
050 080404 11 1448.750 0.10901 
050 080404 14 1072.850 0.10744 
