ME04 ME09 ME10 ME30 ME13 KHBB WDC  ME27 ME24 YBH  ME08  
Threshhold: 8 
003 080415 4 435.325 0.11487 
003 080415 4 956.700 0.13835 
003 080415 7 2030.325 0.11857 
003 080415 8 1165.450 0.14373 
003 080415 8 1765.400 0.15466 
003 080415 8 3190.975 0.25678 
003 080415 8 3387.275 0.13103 
003 080415 8 3459.400 0.14256 
003 080415 9 251.350 0.18247 
003 080415 9 1531.650 0.13641 
003 080415 9 1577.725 0.15337 
003 080415 9 1580.225 0.13459 
003 080415 9 2775.475 0.15098 
003 080415 10 142.450 0.18475 
003 080415 10 185.900 0.17431 
003 080415 10 195.325 0.15012 
003 080415 10 199.950 0.32734 
003 080415 10 201.675 0.13101 
003 080415 10 238.650 0.13107 
003 080415 10 243.900 0.11835 
003 080415 10 298.650 0.11891 
003 080415 10 636.175 0.16862 
003 080415 10 661.125 0.13895 
003 080415 10 1115.600 0.11914 
003 080415 10 1194.150 0.11407 
003 080415 10 1963.850 0.17309 
003 080415 10 2017.100 0.11894 
003 080415 10 2033.325 0.15720 
003 080415 10 2037.450 0.13752 
003 080415 10 2107.675 0.12374 
003 080415 10 2122.225 0.12384 
003 080415 10 2626.600 0.11599 
003 080415 10 2905.950 0.12737 
003 080415 10 3571.400 0.14194 
003 080415 11 113.500 0.15691 
003 080415 11 179.825 0.19519 
003 080415 11 198.300 0.19243 
003 080415 11 249.550 0.12668 
003 080415 11 276.000 0.15270 
003 080415 11 278.500 0.22181 
003 080415 11 284.875 0.16880 
003 080415 11 391.800 0.20050 
003 080415 11 460.425 0.18457 
003 080415 11 462.800 0.12462 
003 080415 11 464.575 0.15045 
003 080415 11 474.900 0.12916 
003 080415 11 578.900 0.13119 
003 080415 11 1695.650 0.13757 
003 080415 11 1859.925 0.14504 
003 080415 12 3515.775 0.14704 
003 080415 16 50.350 0.13501 
003 080415 22 2024.950 0.11943 
003 080415 22 2110.625 0.11486 
003 080415 24 1388.425 0.12943 
003 080415 24 1421.900 0.16079 
003 080415 24 1568.100 0.12494 
003 080415 24 1583.725 0.15140 
003 080415 24 1589.125 0.15216 
003 080415 24 1795.350 0.14027 
003 080416 14 1578.400 0.14593 
003 080416 14 1629.700 0.13524 
003 080416 14 2274.775 0.11464 
003 080416 14 2322.850 0.12255 
003 080416 14 2343.875 0.15224 
003 080416 14 2463.900 0.12735 
003 080416 14 2610.950 0.11599 
003 080416 14 2625.275 0.14098 
003 080416 14 2650.400 0.11482 
003 080416 14 2732.825 0.15934 
003 080416 14 2734.475 0.13269 
003 080416 14 2759.125 0.14187 
003 080416 14 3180.775 0.11328 
003 080416 14 3214.025 0.13028 
003 080416 14 3576.450 0.16907 
003 080416 14 3599.200 0.26305 
003 080416 15 34.425 0.15448 
003 080416 15 38.525 0.18993 
003 080416 15 44.700 0.14858 
003 080416 15 67.900 0.14639 
003 080416 15 76.575 0.20394 
003 080416 15 79.000 0.22034 
003 080416 15 90.000 0.39746 
003 080416 15 137.925 0.15292 
003 080416 15 172.300 0.15774 
003 080416 15 218.050 0.26944 
003 080416 15 559.625 0.12268 
003 080416 15 682.025 0.12092 
003 080416 15 686.750 0.22574 
003 080416 15 713.800 0.11478 
003 080416 15 3527.675 0.17696 
003 080416 16  5.975 0.13637 
003 080416 16 33.300 0.20259 
003 080416 16 62.900 0.12350 
003 080416 16 70.175 0.22525 
003 080416 16 87.800 0.20287 
003 080416 16 111.650 0.13482 
003 080416 16 113.500 0.12929 
003 080418 2 3130.900 0.12183 
003 080418 2 3245.575 0.14828 
003 080418 2 3451.725 0.17863 
003 080418 2 3548.825 0.16731 
003 080418 2 3586.725 0.13876 
003 080418 3 179.175 0.14098 
003 080418 3 199.950 0.16393 
003 080418 3 202.475 0.22493 
003 080418 3 212.600 0.21930 
003 080418 3 422.075 0.14602 
003 080418 3 424.450 0.15680 
003 080418 3 456.825 0.13856 
003 080418 3 678.425 0.11867 
003 080418 9 184.950 0.13311 
003 080418 9 208.650 0.11764 
003 080418 9 305.000 0.17524 
003 080418 9 365.425 0.14967 
003 080418 9 374.100 0.19983 
003 080418 10 2749.300 0.11759 
003 080419 4 3141.975 0.13577 
003 080420 2 2562.550 0.12272 
003 080420 4 2739.175 0.12922 
003 080420 4 2887.350 0.11539 
003 080420 4 2889.900 0.15241 
003 080420 4 3083.000 0.13429 
003 080420 4 3084.775 0.15418 
003 080420 5 157.400 0.16548 
003 080420 5 222.525 0.13990 
003 080420 5 280.775 0.13320 
003 080420 5 287.025 0.20219 
003 080420 5 647.875 0.15218 
003 080420 5 656.425 0.15880 
003 080420 5 669.025 0.15100 
003 080420 5 670.825 0.13608 
003 080420 5 723.125 0.12243 
003 080420 5 874.800 0.11485 
003 080420 5 1642.200 0.15793 
003 080420 5 1647.225 0.19158 
003 080420 5 1651.275 0.14717 
003 080420 5 1699.525 0.12695 
003 080420 5 1706.100 0.16812 
003 080420 5 1726.600 0.12911 
003 080420 5 1797.625 0.13100 
003 080420 5 1799.475 0.11771 
003 080420 5 1811.075 0.13956 
003 080420 5 3332.475 0.16456 
003 080420 5 3482.225 0.18987 
003 080420 5 3483.975 0.13401 
003 080420 6 1956.875 0.13001 
003 080420 7 598.925 0.14277 
003 080420 7 1771.425 0.14670 
003 080420 7 2045.975 0.11986 
003 080420 7 2103.400 0.12964 
003 080420 7 2105.000 0.13728 
003 080420 7 2173.100 0.18037 
003 080420 7 2199.475 0.17870 
003 080420 7 2203.800 0.13321 
003 080420 7 2270.650 0.31024 
003 080420 7 2272.400 0.15104 
003 080420 7 2274.775 0.13081 
003 080420 7 2286.700 0.18423 
003 080420 7 2290.100 0.20015 
003 080420 7 2331.725 0.14813 
003 080420 7 2382.800 0.15638 
003 080420 7 2441.700 0.11969 
003 080420 7 2443.350 0.14678 
003 080420 7 2446.950 0.15407 
003 080420 7 2448.600 0.14478 
003 080420 7 2449.875 0.11703 
003 080420 7 2489.500 0.12518 
003 080420 7 2496.075 0.20480 
003 080420 7 2511.925 0.12892 
003 080420 7 2515.400 0.23863 
003 080420 7 2522.275 0.11707 
003 080420 7 2545.050 0.12939 
003 080420 7 2663.250 0.14950 
