ME02 ME04 ME09 ME13 KHBB WDC  ME27 ME10 ME01 YBH  ME30 ME28 ME24 ME08  
Threshhold: 8 
030 080415 15 288.250 0.19405 
030 080415 15 808.725 0.12029 
030 080415 15 846.725 0.12360 
030 080415 15 858.200 0.14183 
030 080415 15 1180.400 0.11919 
030 080415 15 1233.475 0.13475 
030 080415 15 1619.225 0.14800 
030 080415 15 1676.325 0.15172 
030 080415 15 1684.650 0.15903 
030 080415 15 1712.125 0.11575 
030 080415 15 2118.475 0.13177 
030 080415 15 2119.900 0.12895 
030 080415 15 2350.825 0.12907 
030 080415 16 164.025 0.12256 
030 080415 16 184.825 0.11760 
030 080415 16 195.050 0.23248 
030 080415 16 251.075 0.10781 
030 080415 16 264.275 0.11525 
030 080415 16 337.575 0.19543 
030 080415 16 355.425 0.14681 
030 080415 16 362.375 0.14488 
030 080415 16 366.225 0.12622 
030 080415 16 406.850 0.11654 
030 080415 16 421.875 0.19470 
030 080415 16 427.625 0.11839 
030 080415 16 438.150 0.13159 
030 080415 16 462.625 0.10901 
030 080415 16 788.600 0.12556 
030 080415 16 3080.900 0.12048 
030 080415 16 3122.375 0.11115 
030 080415 16 3201.150 0.12186 
030 080415 16 3203.250 0.11591 
030 080415 16 3260.775 0.17747 
030 080415 16 3301.050 0.12378 
030 080415 19 1433.725 0.11162 
030 080415 19 1478.525 0.13004 
030 080415 19 1489.275 0.13805 
030 080415 19 1496.175 0.15711 
030 080415 19 1501.750 0.11864 
030 080415 19 1531.750 0.13724 
030 080415 19 1545.525 0.24594 
030 080415 19 1553.250 0.10438 
030 080415 19 1559.975 0.10804 
030 080415 19 1671.850 0.15002 
030 080415 19 1673.150 0.12551 
030 080415 19 1688.725 0.11981 
030 080415 19 1710.000 0.26545 
030 080415 19 1716.375 0.25586 
030 080415 19 1780.100 0.19568 
030 080415 19 1785.075 0.15803 
030 080415 19 1832.950 0.11886 
030 080415 19 1839.975 0.19743 
030 080415 19 1853.425 0.12470 
030 080415 19 1858.950 0.11275 
030 080415 19 1951.275 0.10564 
030 080415 19 1958.025 0.17472 
030 080415 19 1966.175 0.12067 
030 080415 19 1970.975 0.31522 
030 080415 19 1980.350 0.15419 
030 080415 19 2144.125 0.12387 
030 080416 7 3134.175 0.12184 
030 080416 10 1993.100 0.10854 
030 080416 13 500.225 0.10934 
030 080416 13 1865.525 0.11678 
030 080416 14 2285.250 0.10842 
030 080416 14 3198.525 0.15602 
030 080416 15 605.400 0.11527 
030 080416 15 1305.900 0.10347 
030 080416 15 1354.200 0.15792 
030 080416 15 1392.050 0.11390 
030 080416 22 228.450 0.16549 
030 080416 22 252.350 0.15364 
030 080416 22 278.275 0.13977 
030 080416 22 556.775 0.12263 
030 080417 16 52.775 0.12186 
030 080417 16 900.100 0.18583 
030 080417 16 907.800 0.11506 
030 080417 16 936.300 0.17495 
030 080417 16 1354.525 0.14501 
030 080417 16 1373.400 0.12591 
030 080417 16 1379.550 0.11523 
030 080417 16 1398.475 0.14812 
030 080417 16 1451.225 0.14564 
030 080417 16 1458.625 0.12029 
030 080417 16 1470.550 0.25147 
030 080417 16 1480.925 0.16890 
030 080417 16 1485.450 0.13066 
030 080417 16 1600.300 0.15656 
030 080417 16 1605.725 0.13957 
030 080417 16 1766.125 0.14318 
030 080417 16 1816.150 0.14030 
030 080417 16 1818.800 0.16983 
030 080417 16 1838.200 0.16227 
030 080417 16 1866.725 0.16231 
030 080417 16 1872.300 0.16468 
030 080417 16 1923.075 0.13692 
030 080417 16 1938.475 0.23100 
030 080417 16 2094.075 0.18971 
030 080417 16 2104.825 0.11884 
030 080417 16 2110.175 0.14183 
030 080417 16 2112.075 0.18693 
030 080417 16 2123.325 0.21055 
030 080417 16 2126.175 0.18173 
030 080417 16 2627.375 0.19876 
030 080417 16 2987.325 0.13110 
030 080417 17 50.975 0.11011 
030 080417 17 80.575 0.12429 
030 080417 17 97.450 0.20644 
030 080417 17 108.850 0.22972 
030 080417 17 112.950 0.20068 
030 080417 17 128.075 0.16713 
030 080417 17 130.075 0.18233 
030 080417 17 140.425 0.17217 
030 080417 17 156.225 0.18793 
030 080417 17 172.525 0.16080 
030 080417 17 217.750 0.12079 
030 080417 17 244.700 0.13637 
030 080417 17 272.600 0.14449 
030 080417 17 279.175 0.17012 
030 080417 17 687.325 0.14494 
030 080418 4 873.100 0.13716 
030 080418 4 875.150 0.11043 
030 080418 4 915.325 0.16131 
030 080418 4 917.125 0.13885 
030 080418 4 918.825 0.13108 
030 080418 4 972.325 0.12674 
030 080418 4 1081.725 0.12178 
030 080418 4 1101.875 0.11193 
030 080418 4 1184.900 0.17233 
030 080418 4 1202.275 0.14999 
030 080418 4 1210.650 0.21928 
030 080418 4 1576.475 0.16954 
030 080418 4 2723.325 0.13877 
030 080418 4 2913.750 0.16534 
030 080418 7 3130.225 0.13168 
030 080418 7 3155.000 0.11708 
030 080418 7 3205.675 0.13184 
030 080418 7 3238.625 0.12779 
030 080418 7 3400.825 0.13982 
030 080419 1 1123.900 0.15745 
030 080419 1 1134.825 0.17023 
030 080419 1 1158.975 0.11643 
030 080419 1 1200.275 0.12497 
030 080419 1 1223.700 0.14904 
030 080419 1 1228.475 0.16669 
030 080419 1 1237.000 0.16302 
030 080419 1 1409.100 0.12621 
030 080419 1 1425.950 0.15485 
030 080419 1 1502.225 0.24925 
030 080419 1 1510.025 0.13208 
030 080419 24 3217.300 0.12697 
030 080419 24 3334.275 0.12933 
030 080419 24 3509.725 0.12112 
030 080420 1 10.875 0.15237 
030 080420 1 225.375 0.15901 
030 080420 1 236.825 0.17033 
030 080420 1 238.975 0.12578 
030 080420 1 247.450 0.13776 
030 080420 1 257.700 0.13918 
030 080420 1 288.700 0.16695 
030 080420 1 291.875 0.16845 
030 080420 1 297.825 0.14852 
030 080420 1 299.275 0.13406 
030 080420 1 694.700 0.15870 
030 080420 1 707.750 0.14289 
030 080420 1 753.775 0.20517 
030 080420 1 757.100 0.10836 
030 080420 1 768.950 0.13453 
030 080420 1 1597.725 0.14483 
030 080420 1 1645.175 0.16120 
030 080420 1 1648.375 0.10854 
030 080420 1 2504.400 0.10489 
030 080420 1 2521.525 0.19272 
030 080420 1 2549.850 0.19365 
030 080420 1 2567.700 0.17726 
030 080420 1 2602.350 0.10743 
030 080420 1 2611.050 0.12009 
030 080420 1 2614.850 0.10630 
030 080420 1 2632.300 0.15211 
030 080420 1 2635.250 0.21856 
030 080420 1 2708.450 0.14057 
030 080420 1 2724.225 0.18637 
030 080420 1 2738.700 0.13295 
030 080420 1 2839.875 0.16125 
030 080420 1 2975.550 0.13181 
030 080420 1 2999.025 0.13269 
030 080420 1 3005.225 0.12624 
030 080420 1 3010.675 0.25443 
030 080420 1 3018.375 0.13357 
030 080420 1 3028.225 0.20063 
030 080420 1 3035.150 0.20291 
030 080420 2 3111.175 0.14687 
030 080420 2 3129.300 0.13435 
030 080420 2 3136.000 0.11412 
030 080420 5 2295.500 0.10631 
030 080420 5 2585.500 0.12102 
030 080420 5 2606.175 0.19351 
030 080420 5 2620.500 0.11593 
030 080420 5 2650.250 0.11979 
030 080420 5 2652.775 0.11988 
030 080420 5 2700.000 0.10593 
030 080420 5 2734.150 0.16070 
030 080420 5 2735.350 0.13498 
030 080420 5 2761.100 0.13535 
030 080420 5 2826.725 0.11604 
030 080420 5 2828.175 0.18200 
030 080420 5 2863.725 0.12967 
030 080420 5 2875.350 0.36374 
030 080420 5 2939.625 0.11461 
030 080420 5 2950.000 0.15028 
030 080420 5 2954.650 0.17845 
030 080420 5 3263.975 0.16331 
030 080420 8 3264.650 0.10496 
