YBH  ME02 ME04 ME29 ME09 ME30 ME13 ME27 KHBB WDC  ME24 ME28 ME08 ME12  
Threshhold: 8 
029 080411 19 784.050 0.16841 
029 080411 19 796.700 0.17808 
029 080411 19 837.725 0.11605 
029 080411 19 840.925 0.13632 
029 080411 19 1945.825 0.14616 
029 080411 19 1958.000 0.13375 
029 080411 19 1961.375 0.11217 
029 080411 19 2068.650 0.13817 
029 080411 19 3560.125 0.15952 
029 080411 19 3569.300 0.12072 
029 080411 20 1161.000 0.16925 
029 080411 20 2043.200 0.11984 
029 080411 20 2063.675 0.15009 
029 080411 20 2087.475 0.23212 
029 080411 20 2092.575 0.10601 
029 080411 20 2093.875 0.22867 
029 080411 20 2105.950 0.18862 
029 080411 20 2139.900 0.18019 
029 080411 20 2226.750 0.10869 
029 080411 20 2251.525 0.20388 
029 080411 20 2372.150 0.10656 
029 080411 20 2379.775 0.10552 
029 080411 20 3135.175 0.16793 
029 080411 21 1849.150 0.13958 
029 080411 21 1890.950 0.18603 
029 080411 21 1901.500 0.12291 
029 080411 21 1906.350 0.12373 
029 080411 21 2030.825 0.11763 
029 080411 21 2082.875 0.11334 
029 080411 21 2212.175 0.12901 
029 080411 21 2221.300 0.11318 
029 080411 21 2226.225 0.14026 
029 080411 21 2234.850 0.12011 
029 080411 21 2244.850 0.12560 
029 080411 21 2248.800 0.11076 
029 080411 22 3576.450 0.12129 
029 080411 22 3599.600 0.34871 
029 080411 23 10.350 0.13243 
029 080411 23 16.325 0.23208 
029 080411 23 25.450 0.15561 
029 080411 23 49.950 0.13800 
029 080411 23 51.750 0.16349 
029 080411 23 1427.725 0.12749 
029 080411 23 1546.875 0.13263 
029 080411 23 1579.550 0.18164 
029 080411 23 1836.525 0.11548 
029 080411 23 1867.650 0.26971 
029 080411 23 1873.250 0.20396 
029 080411 23 1928.450 0.15590 
029 080412 1 626.200 0.13754 
029 080412 1 655.550 0.12593 
029 080412 1 668.425 0.10941 
029 080412 1 710.750 0.12730 
029 080412 1 752.125 0.12697 
029 080412 1 759.850 0.13046 
029 080412 1 767.275 0.14482 
029 080412 1 779.925 0.10512 
029 080412 1 959.600 0.11917 
029 080412 3 1228.375 0.12691 
029 080412 3 1286.125 0.10428 
029 080412 3 1321.200 0.14674 
029 080412 3 1339.550 0.11681 
029 080412 3 1357.700 0.12242 
029 080412 3 1368.025 0.11682 
029 080412 3 1373.475 0.11739 
029 080412 3 1374.975 0.11994 
029 080412 3 1380.750 0.13230 
029 080412 3 1390.225 0.10129 
029 080412 3 1395.700 0.19655 
029 080412 3 1428.175 0.16502 
029 080412 3 1431.625 0.12354 
029 080412 3 1435.825 0.18589 
029 080412 3 1444.800 0.22888 
029 080412 3 1452.400 0.13075 
029 080412 3 1486.800 0.23689 
029 080412 3 1496.200 0.17969 
029 080412 3 1498.525 0.14772 
029 080412 3 1516.925 0.15265 
029 080412 3 1548.075 0.13491 
029 080412 3 1555.100 0.17885 
029 080412 3 1589.000 0.13352 
029 080412 3 1601.875 0.14706 
029 080412 3 1604.000 0.21269 
029 080412 3 1635.100 0.13767 
029 080412 3 1650.000 0.39265 
029 080412 3 1674.000 0.12537 
029 080412 3 1682.325 0.11303 
029 080412 3 1775.175 0.13598 
029 080412 3 2612.275 0.13165 
029 080412 3 2647.075 0.20784 
029 080412 3 2661.825 0.14950 
029 080412 3 2665.075 0.18081 
029 080412 3 2673.850 0.27686 
029 080412 3 2690.850 0.14190 
029 080412 3 2734.450 0.14396 
029 080412 5 2847.650 0.12170 
029 080412 5 3327.875 0.10952 
029 080412 9 1557.800 0.14947 
029 080412 9 1704.475 0.19090 
029 080412 9 1761.650 0.12591 
029 080412 9 1764.450 0.15815 
029 080412 9 1937.825 0.23439 
029 080412 9 1949.200 0.27024 
029 080412 9 2420.550 0.18527 
029 080412 9 2441.450 0.10379 
029 080412 9 2443.100 0.18262 
029 080412 9 2449.850 0.17698 
029 080412 9 2460.525 0.16536 
029 080412 9 2462.675 0.18904 
029 080412 9 2474.325 0.14541 
029 080412 9 2512.950 0.11313 
029 080412 9 2521.450 0.30248 
029 080412 9 2523.225 0.11623 
029 080412 9 2576.625 0.15895 
029 080412 9 2713.250 0.13092 
029 080412 9 2718.200 0.18644 
029 080412 9 2721.150 0.19298 
029 080412 9 2738.450 0.25291 
029 080412 11  1.700 0.10904 
029 080412 11 26.800 0.10528 
029 080412 11 42.650 0.10165 
029 080412 11 48.500 0.14401 
029 080412 11 70.900 0.17306 
029 080412 11 153.725 0.13012 
029 080412 11 154.825 0.10740 
029 080412 11 156.500 0.22565 
029 080412 11 171.200 0.27694 
029 080412 11 254.575 0.12998 
029 080412 11 3533.850 0.11363 
029 080412 13 2577.475 0.10091 
029 080412 13 2633.150 0.13777 
029 080412 13 2726.800 0.16935 
029 080412 13 2728.525 0.18362 
029 080412 13 2746.750 0.13756 
029 080412 13 2751.425 0.14239 
029 080412 13 2916.500 0.21208 
029 080413 9 1470.125 0.14328 
029 080413 9 1849.900 0.12294 
029 080413 9 1906.150 0.32899 
029 080413 9 1935.825 0.17917 
029 080413 9 2037.550 0.22407 
029 080413 9 2275.325 0.12141 
029 080413 9 2286.325 0.13606 
029 080413 9 2303.025 0.21307 
029 080413 9 2312.375 0.13009 
029 080413 9 2325.925 0.13789 
029 080413 9 2377.575 0.19474 
029 080413 9 2380.175 0.13370 
029 080413 9 2383.525 0.17380 
029 080413 9 2572.125 0.13839 
029 080413 9 2655.300 0.15741 
029 080413 9 3261.400 0.17203 
029 080413 9 3274.850 0.12006 
029 080413 9 3282.675 0.23135 
029 080413 9 3342.025 0.13651 
029 080413 10 2316.725 0.12403 
029 080414 7 3003.450 0.13136 
029 080414 11 1537.025 0.13481 
029 080414 11 1685.650 0.17399 
029 080414 11 1755.975 0.12851 
029 080414 11 1777.275 0.18712 
029 080414 11 1819.700 0.16800 
029 080414 11 1834.050 0.19151 
029 080414 11 1854.450 0.10175 
029 080414 11 1913.825 0.16859 
029 080414 11 1916.075 0.15054 
029 080414 11 1918.725 0.10026 
029 080414 11 1947.975 0.18546 
029 080414 11 2121.875 0.12247 
029 080414 11 2127.950 0.12979 
029 080414 11 2322.775 0.10021 
029 080414 11 2338.825 0.12638 
029 080414 11 2362.675 0.33258 
029 080414 11 2388.075 0.10285 
029 080414 11 2389.550 0.15255 
029 080414 11 2430.325 0.14449 
029 080414 11 2528.250 0.17544 
029 080414 11 2530.000 0.11280 
