ME43 ME44 ME45 ME52  
Threshhold: 8 
013 080301 2 3515.675 0.10970 
013 080301 4 1830.650 0.11073 
013 080301 6 1300.750 0.11083 
013 080301 6 1358.800 0.11528 
013 080301 7 2946.300 0.11160 
013 080301 8 888.100 0.10829 
013 080301 9 2769.975 0.13816 
013 080301 10 737.600 0.11776 
013 080301 11 1931.700 0.10908 
013 080301 12 1389.750 0.12035 
013 080301 12 2091.175 0.12899 
013 080301 14 643.175 0.11951 
013 080301 14 2119.775 0.11552 
013 080301 15 1061.075 0.13480 
013 080301 15 1062.425 0.15799 
013 080301 20 3366.150 0.11222 
013 080301 21 2338.100 0.12491 
013 080301 24 2939.625 0.12454 
013 080301 24 2942.600 0.12288 
013 080302 2 724.725 0.13181 
013 080302 5 2482.175 0.12541 
013 080302 6 3169.325 0.11121 
013 080302 9 1420.950 0.15411 
013 080302 9 2618.150 0.15611 
013 080302 10 1428.450 0.10371 
013 080302 11 3247.550 0.17848 
013 080302 12 214.475 0.11553 
013 080302 12 243.975 0.14490 
013 080302 13 1109.875 0.16823 
013 080302 13 1242.675 0.15842 
013 080302 13 2057.650 0.15407 
013 080302 14 44.200 0.10228 
013 080302 14 222.975 0.16410 
013 080302 14 510.600 0.10571 
013 080302 14 2361.400 0.14098 
013 080302 18 486.675 0.11226 
013 080302 19 2257.475 0.10596 
013 080302 20 2312.400 0.10395 
013 080302 21 436.450 0.10901 
013 080302 21 1021.175 0.10604 
013 080302 21 1072.600 0.15297 
013 080302 21 1607.200 0.12822 
013 080302 23 1830.675 0.10126 
013 080302 24 115.075 0.11176 
013 080302 24 940.225 0.13114 
013 080302 24 943.400 0.12345 
013 080302 24 1736.100 0.11876 
013 080303 1 3267.375 0.10536 
013 080303 2 2910.225 0.12360 
013 080303 5 777.575 0.11658 
013 080303 5 2510.675 0.11678 
013 080303 6 2358.575 0.11692 
013 080303 6 2362.025 0.11586 
013 080303 7 421.250 0.16283 
013 080303 7 945.025 0.10477 
013 080303 8 389.250 0.12223 
013 080303 8 456.575 0.13982 
013 080303 9 1837.725 0.11723 
013 080303 9 1856.400 0.11201 
013 080303 9 2163.675 0.10815 
013 080303 9 2961.500 0.11809 
013 080303 9 3160.900 0.12141 
013 080303 9 3432.600 0.10316 
013 080303 10 752.150 0.11125 
013 080303 10 1888.200 0.10784 
013 080303 10 1933.825 0.10319 
013 080303 10 2055.250 0.10345 
013 080303 10 2070.925 0.11599 
013 080303 10 2277.625 0.11189 
013 080303 11 402.250 0.10501 
013 080303 11 2964.100 0.10544 
013 080303 12 51.950 0.11971 
013 080303 12 412.300 0.13207 
013 080303 12 640.400 0.16147 
013 080303 12 1602.400 0.10943 
013 080303 12 1882.425 0.10376 
013 080303 12 2606.200 0.10990 
013 080303 13 1931.350 0.11827 
013 080303 13 2244.225 0.12424 
013 080303 14 3489.450 0.11441 
013 080303 15 1820.175 0.14472 
013 080303 15 1824.150 0.10826 
013 080303 15 2369.000 0.12536 
013 080303 16 2203.900 0.13333 
013 080303 16 3299.600 0.11905 
013 080303 16 3342.025 0.18018 
013 080303 17 2170.750 0.14776 
013 080303 18 1338.700 0.12638 
013 080303 18 2184.225 0.13158 
013 080303 18 2187.925 0.10724 
013 080303 18 2798.400 0.10946 
013 080303 20 1884.775 0.12520 
013 080303 20 1901.650 0.11798 
013 080303 21 2468.675 0.11903 
013 080303 22 857.750 0.11581 
013 080303 22 1823.175 0.11969 
013 080303 22 3097.125 0.13224 
013 080303 23 1433.425 0.11235 
013 080303 23 2194.350 0.11213 
013 080304 2 487.250 0.11414 
013 080304 4 50.550 0.12034 
013 080304 4 3485.400 0.13161 
013 080304 5 583.650 0.11212 
013 080304 7 1213.400 0.14570 
013 080304 8 508.775 0.12816 
013 080304 10 1908.875 0.11208 
013 080304 11 2482.700 0.10988 
013 080304 12 123.675 0.17331 
013 080304 12 763.850 0.12662 
013 080304 14 1890.875 0.12677 
013 080304 14 2054.500 0.13502 
013 080304 16 1906.550 0.10721 
013 080304 17 1749.425 0.10353 
013 080304 17 2342.900 0.10876 
013 080304 18 2661.450 0.10951 
013 080304 19 68.000 0.12489 
013 080304 19 2311.750 0.10816 
013 080304 20 1952.500 0.11778 
013 080304 20 2820.275 0.12250 
013 080304 24 611.950 0.11107 
013 080304 24 2520.825 0.15645 
013 080305 3 3577.000 0.11575 
013 080305 4 2742.500 0.09878 
013 080305 4 3559.425 0.09972 
013 080305 6 2206.650 0.12297 
013 080305 7 2823.750 0.11835 
013 080305 9 1610.850 0.12001 
013 080305 9 3013.075 0.11414 
013 080305 9 3589.375 0.11220 
013 080305 9 3592.100 0.13341 
013 080305 13 2438.875 0.15855 
013 080305 17 2163.475 0.11349 
013 080305 17 3515.975 0.10892 
013 080305 18 2697.725 0.10854 
013 080305 19 579.575 0.10887 
013 080305 19 2789.500 0.11054 
013 080305 20 2436.625 0.12087 
013 080305 20 2981.550 0.12720 
013 080305 21 593.875 0.09814 
013 080305 21 826.850 0.11080 
013 080305 22 1445.900 0.10879 
013 080305 23 887.725 0.12183 
013 080305 23 1373.525 0.10945 
013 080305 23 3509.925 0.10707 
013 080305 24 943.500 0.10228 
013 080305 24 3289.475 0.10305 
013 080306 1 70.600 0.13507 
013 080306 1 117.275 0.13633 
013 080306 2 1452.725 0.13188 
013 080306 3 3119.950 0.11379 
013 080306 4 1936.875 0.11211 
013 080306 7 1394.725 0.11553 
013 080306 8 390.800 0.11824 
013 080306 8 2575.050 0.10398 
013 080306 11 912.025 0.11025 
013 080306 11 3590.550 0.11218 
013 080306 12 794.450 0.10385 
013 080306 12 2440.975 0.11622 
013 080306 13 3495.425 0.12596 
013 080306 14 2345.625 0.13522 
013 080306 14 2365.750 0.12349 
013 080306 18 25.125 0.12357 
013 080306 19 1077.525 0.10976 
013 080306 19 1498.000 0.11030 
013 080306 20 176.800 0.11429 
013 080306 20 2234.950 0.12299 
013 080306 20 2412.275 0.10967 
013 080306 20 2916.025 0.10610 
013 080306 20 3334.250 0.11465 
013 080306 21 2778.900 0.11995 
013 080306 22 344.250 0.10790 
013 080307 1 2397.600 0.11560 
013 080307 6 3328.225 0.10774 
013 080307 8 558.875 0.11274 
013 080307 8 981.500 0.12771 
013 080307 8 2979.550 0.11118 
013 080307 9 589.750 0.11184 
013 080307 9 1853.050 0.11405 
013 080307 13 2682.250 0.10673 
013 080307 15 2341.575 0.10916 
013 080307 16 2704.950 0.14650 
013 080307 16 2915.950 0.11609 
013 080307 18 83.925 0.12385 
013 080307 19  3.875 0.14362 
013 080307 19 82.875 0.11768 
013 080307 19 548.225 0.13611 
013 080307 19 595.925 0.12220 
013 080307 19 599.850 0.14963 
013 080307 19 1662.275 0.12213 
013 080307 19 1692.025 0.11706 
013 080307 19 2122.075 0.11508 
013 080307 19 3492.875 0.14114 
013 080307 21 1796.575 0.11126 
013 080307 21 3357.325 0.12539 
013 080308 1 3129.350 0.10904 
013 080308 2 2246.200 0.13437 
013 080308 4 2138.275 0.12388 
013 080308 4 2476.525 0.16102 
013 080308 4 2477.850 0.11592 
013 080308 6 732.350 0.12178 
013 080308 7 1931.400 0.11184 
013 080308 7 2576.525 0.10794 
013 080308 9 746.825 0.10809 
013 080308 9 1108.075 0.13891 
013 080308 9 2948.475 0.11209 
013 080308 12 331.950 0.12205 
013 080308 12 2365.075 0.12561 
013 080308 12 3346.250 0.12222 
013 080308 14 1276.675 0.11374 
013 080308 14 1870.275 0.12388 
013 080308 15 1454.875 0.15050 
013 080308 15 2085.725 0.14383 
013 080308 16 3390.100 0.11150 
013 080308 19 1543.300 0.11672 
013 080308 19 2329.825 0.10695 
013 080308 19 3370.150 0.11380 
013 080308 20 405.525 0.12339 
013 080308 20 2098.425 0.10799 
013 080308 20 2101.025 0.11862 
013 080308 21 2169.675 0.10903 
013 080308 22 43.850 0.11812 
013 080308 22 1389.425 0.14326 
013 080308 24 2255.650 0.10642 
013 080309 2 2344.375 0.12206 
013 080309 4 134.800 0.13433 
013 080309 4 2148.125 0.10805 
013 080309 5 94.525 0.12533 
013 080309 5 1972.200 0.11778 
013 080309 5 3078.175 0.10575 
013 080309 6 3193.175 0.13685 
013 080309 6 3195.775 0.11168 
013 080309 6 3557.850 0.11300 
013 080309 6 3560.450 0.11090 
013 080309 7 3481.300 0.11834 
013 080309 7 3483.900 0.13281 
013 080309 8 1198.375 0.14794 
013 080309 9 623.350 0.10756 
013 080309 9 938.650 0.10883 
013 080309 10 2444.775 0.10491 
013 080309 16 1104.550 0.13677 
013 080309 17 666.475 0.11750 
013 080309 17 1459.550 0.10908 
013 080309 17 1778.950 0.10679 
013 080309 17 2713.700 0.11061 
013 080309 18 1620.075 0.11390 
013 080309 18 2360.325 0.11713 
013 080309 18 3553.450 0.11010 
013 080309 20 1378.450 0.11444 
013 080309 20 1747.175 0.10706 
013 080309 20 2480.375 0.12673 
013 080309 20 2482.975 0.11651 
013 080309 22 675.875 0.12993 
013 080309 22 1717.975 0.17301 
013 080309 22 2586.050 0.12578 
013 080311 1 1664.000 0.11995 
013 080311 4 2379.275 0.11055 
013 080311 5 2803.725 0.11935 
013 080311 7 1911.575 0.12672 
013 080311 7 2226.225 0.10870 
013 080311 9 1592.350 0.14399 
013 080311 12 435.550 0.13088 
013 080311 12 1340.150 0.10793 
013 080311 13 325.350 0.13789 
013 080311 19 867.100 0.11435 
013 080311 20 248.125 0.11174 
013 080311 20 1461.050 0.11391 
013 080311 20 2617.625 0.15036 
013 080311 21 596.300 0.14082 
013 080311 21 2891.075 0.11936 
013 080311 22 133.925 0.12541 
013 080311 23 515.350 0.12418 
013 080311 23 661.375 0.12634 
013 080311 23 2198.150 0.11360 
013 080312 1 2442.000 0.14588 
013 080312 2 2068.000 0.10436 
013 080312 2 3386.125 0.12459 
013 080312 3 712.825 0.11013 
013 080312 3 1491.300 0.11684 
013 080312 3 2010.725 0.11616 
013 080312 4 2059.200 0.10384 
013 080312 4 3254.725 0.10537 
013 080312 5 253.825 0.10593 
013 080312 6 662.050 0.12361 
013 080312 6 1813.475 0.10451 
013 080312 8 1543.825 0.10324 
013 080312 10 171.750 0.13090 
013 080312 10 1520.250 0.12641 
013 080312 12 903.400 0.11265 
013 080312 12 2656.950 0.11278 
013 080312 13 1073.575 0.11949 
013 080312 15 367.100 0.11609 
013 080312 15 943.275 0.10273 
013 080312 15 2721.075 0.10992 
013 080312 16 2147.775 0.10846 
013 080312 16 3006.375 0.10483 
013 080312 17 777.325 0.10419 
013 080312 20 1304.750 0.10880 
013 080312 20 1913.350 0.12323 
013 080312 21 522.675 0.16511 
013 080312 21 3291.325 0.10265 
013 080312 22 1032.675 0.14908 
013 080312 24 1429.350 0.10470 
013 080312 24 2888.150 0.10379 
013 080313 3 1358.900 0.10943 
013 080313 5 1208.050 0.10761 
013 080313 7 468.900 0.10609 
013 080313 7 1064.575 0.10578 
013 080313 8 81.075 0.13843 
013 080313 8 217.600 0.10582 
013 080313 8 1316.275 0.10995 
013 080313 8 3444.125 0.11414 
013 080313 10 1233.500 0.11104 
013 080313 10 3019.350 0.11068 
013 080313 10 3503.300 0.12220 
013 080313 11 226.875 0.11807 
013 080313 11 1038.275 0.16009 
013 080313 11 1564.600 0.16602 
013 080313 11 2151.850 0.12935 
013 080313 11 3002.900 0.12378 
013 080313 12 696.950 0.12998 
013 080313 14 989.525 0.11482 
013 080313 14 1983.625 0.11527 
013 080313 15 435.250 0.10845 
013 080313 16 2636.950 0.14524 
013 080313 17 2465.350 0.11435 
013 080313 17 2846.000 0.14597 
013 080313 18 3546.550 0.10996 
013 080313 20 584.600 0.12873 
013 080313 21 1926.150 0.11626 
013 080313 22 1095.525 0.10796 
013 080313 22 3414.700 0.11817 
013 080313 24 2482.875 0.10591 
013 080313 24 3147.025 0.11159 
013 080314 2 1193.900 0.10565 
013 080314 2 3481.650 0.11131 
013 080314 4 2024.525 0.12255 
013 080314 5 186.925 0.11740 
013 080314 6 2419.650 0.11925 
013 080314 6 2991.450 0.12423 
013 080314 7 1547.850 0.12687 
013 080314 9 2089.525 0.12852 
013 080314 9 3182.950 0.12383 
013 080314 11 2336.725 0.11805 
013 080314 11 2913.200 0.10750 
013 080314 12 1817.300 0.11400 
013 080314 13 596.650 0.10546 
013 080314 16 1119.375 0.13414 
013 080314 16 2893.025 0.10589 
013 080314 17 81.100 0.11304 
013 080314 17 92.725 0.10708 
013 080314 17 538.675 0.10604 
013 080314 17 663.700 0.10698 
013 080314 17 915.300 0.11139 
013 080314 18 176.550 0.13343 
013 080314 18 1289.150 0.10657 
013 080314 19 838.500 0.12700 
013 080314 19 1586.950 0.12073 
013 080314 19 1966.200 0.10642 
013 080314 19 3047.550 0.11548 
013 080314 21 412.525 0.11315 
013 080314 22 1427.650 0.12465 
013 080314 23 726.750 0.13777 
013 080314 24 419.625 0.10843 
013 080315 1 1261.975 0.13003 
013 080315 1 3128.575 0.12674 
013 080315 2 66.100 0.15120 
013 080315 6 433.550 0.10283 
013 080315 7 732.925 0.12418 
013 080315 9 1113.225 0.10341 
013 080315 12 831.525 0.12579 
013 080315 12 3323.825 0.12430 
013 080315 13 93.050 0.10218 
013 080315 13 3039.125 0.11026 
013 080315 14 970.775 0.10158 
013 080315 14 3538.400 0.11235 
013 080315 15 86.975 0.10656 
013 080315 16 1749.300 0.10095 
013 080315 16 2946.125 0.11173 
013 080315 16 2947.750 0.10151 
013 080315 17 392.875 0.11130 
013 080315 17 3307.775 0.10994 
013 080315 18 2754.000 0.11547 
013 080315 21 522.750 0.11003 
013 080315 22 3521.150 0.11090 
013 080316 1 2366.425 0.09737 
013 080316 3 2797.075 0.09588 
013 080316 3 3573.825 0.10200 
013 080316 4 1057.500 0.09793 
013 080316 6 3372.525 0.18754 
013 080316 7 3152.325 0.11621 
013 080316 8 345.425 0.11011 
013 080316 8 348.275 0.17558 
013 080316 8 1380.675 0.09737 
013 080316 8 1704.325 0.14725 
013 080316 11 2008.925 0.09645 
013 080316 13 2227.625 0.10191 
013 080316 13 2228.750 0.11685 
013 080316 14 3534.350 0.09609 
013 080316 17 1029.175 0.10447 
013 080316 18 397.700 0.13129 
013 080316 20 408.600 0.09671 
013 080316 21 463.250 0.10506 
013 080316 23 14.175 0.11484 
013 080316 23 1536.475 0.10022 
013 080317 2 2906.450 0.10862 
013 080317 3 615.275 0.10348 
013 080317 5 584.675 0.11122 
013 080317 5 1503.900 0.12877 
013 080317 5 3517.700 0.13251 
013 080317 6 2995.125 0.10196 
013 080317 7 939.250 0.11634 
013 080317 9 1440.800 0.11054 
013 080317 10 2236.675 0.10091 
013 080317 11 988.800 0.12029 
013 080317 11 1863.100 0.09766 
013 080317 12 85.775 0.12037 
013 080317 13 3398.325 0.09786 
013 080317 15 509.525 0.11175 
013 080317 15 1448.000 0.12250 
013 080317 16 1283.300 0.10509 
013 080317 17 2235.200 0.09689 
013 080317 17 2482.625 0.16494 
013 080317 17 3351.250 0.12487 
013 080317 18 1470.075 0.10001 
013 080317 18 2012.950 0.09919 
013 080317 20 39.000 0.09740 
013 080317 20 416.575 0.10586 
013 080317 22 2586.975 0.10202 
013 080317 22 2867.325 0.11152 
013 080317 22 3187.575 0.10159 
013 080318 1 3004.675 0.10370 
013 080318 4 350.950 0.12018 
013 080318 4 619.250 0.12176 
013 080318 4 2156.125 0.12378 
013 080318 5 2138.225 0.14591 
013 080318 7 371.975 0.11246 
013 080318 9 2624.175 0.11081 
013 080318 10 107.925 0.12052 
013 080318 11 2520.475 0.15602 
013 080318 14 2367.600 0.11842 
013 080318 15 1022.475 0.10574 
013 080318 15 2512.575 0.15549 
013 080318 15 3199.300 0.12740 
013 080318 16 422.850 0.10997 
013 080318 16 456.625 0.12411 
013 080318 16 814.800 0.12868 
013 080318 16 857.900 0.10848 
013 080318 16 877.275 0.11811 
013 080318 16 2297.850 0.10382 
013 080318 16 2300.725 0.12518 
013 080318 17 48.975 0.10414 
013 080318 18 3332.975 0.10282 
013 080318 18 3416.225 0.10408 
013 080318 19 1445.700 0.11332 
013 080318 20 1577.300 0.10559 
013 080318 21 354.975 0.13303 
013 080318 21 3174.775 0.10742 
013 080318 21 3253.675 0.10926 
013 080318 24 2677.650 0.21289 
013 080319 1 2742.375 0.14569 
013 080319 1 3093.000 0.11345 
013 080319 4 1405.950 0.13470 
013 080319 6 1673.600 0.12440 
013 080319 10 630.550 0.10682 
013 080319 11 624.200 0.11394 
013 080319 11 2265.350 0.11123 
013 080319 13 2397.050 0.11661 
013 080319 14 1082.000 0.12641 
013 080319 14 3031.550 0.10897 
013 080319 15 1845.200 0.11382 
013 080319 15 2071.775 0.11195 
013 080319 15 2903.375 0.10796 
013 080319 15 3119.900 0.10743 
013 080319 16 317.350 0.16466 
013 080319 16 1291.400 0.10699 
013 080319 20 2471.925 0.13730 
013 080319 21 1933.375 0.10804 
013 080319 23 1796.400 0.11904 
013 080319 23 3564.925 0.10891 
013 080320 1 1920.850 0.12616 
013 080320 1 3331.325 0.10271 
013 080320 2 58.775 0.10762 
013 080320 2 407.500 0.15970 
013 080320 2 1401.050 0.10450 
013 080320 3 1458.225 0.15209 
013 080320 3 2134.475 0.10593 
013 080320 3 3214.500 0.13107 
013 080320 4 187.425 0.10917 
013 080320 5 2375.875 0.10847 
013 080320 5 3562.025 0.10190 
013 080320 6 1902.325 0.11339 
013 080320 6 2966.750 0.10750 
013 080320 7 2402.425 0.10215 
013 080320 8 2073.900 0.11740 
013 080320 9 2259.900 0.10277 
013 080320 9 2264.825 0.10898 
013 080320 9 2528.750 0.10921 
013 080320 10 283.800 0.11315 
013 080320 10 902.750 0.11207 
013 080320 12 2045.875 0.10948 
013 080320 13 2406.600 0.12626 
013 080320 14 3017.150 0.11546 
013 080320 15 877.100 0.11663 
013 080320 15 1026.075 0.10679 
013 080320 18 63.250 0.13660 
013 080320 18 762.000 0.10666 
013 080320 18 1557.925 0.10612 
013 080320 19 974.500 0.10531 
013 080320 19 2963.800 0.10381 
013 080320 19 3038.175 0.11038 
013 080320 20 281.150 0.10257 
013 080320 20 1745.050 0.11242 
013 080320 22 3487.250 0.11506 
013 080320 23 2413.400 0.10197 
013 080320 24 313.325 0.12492 
013 080320 24 316.425 0.10199 
013 080321 2 1252.350 0.11915 
013 080321 3 1626.500 0.11350 
013 080321 3 2727.250 0.11042 
013 080321 4 3328.625 0.11629 
013 080321 6 336.475 0.11880 
013 080321 6 1158.950 0.10823 
013 080321 7 1186.775 0.11145 
013 080321 10 618.175 0.21921 
013 080321 10 1594.900 0.13212 
013 080321 13 92.725 0.11835 
013 080321 15 2148.600 0.10739 
013 080321 15 2260.525 0.10950 
013 080321 16 1197.950 0.10735 
013 080321 16 1793.800 0.11750 
013 080321 20 293.650 0.11486 
013 080321 22 506.600 0.11627 
013 080321 23 3087.175 0.11106 
013 080321 24 3174.275 0.10952 
013 080322 1 2602.925 0.11428 
013 080322 2 1643.200 0.10055 
013 080322 4 21.575 0.10213 
013 080322 5 1410.600 0.10148 
013 080322 6 332.475 0.10899 
013 080322 8 3153.125 0.14679 
013 080322 9 1801.800 0.10664 
013 080322 9 1943.200 0.10461 
013 080322 10 238.650 0.10723 
013 080322 11 3337.950 0.10383 
013 080322 11 3537.650 0.11079 
013 080322 12 341.850 0.11918 
013 080322 12 624.200 0.12054 
013 080322 13 1082.175 0.10842 
013 080322 13 3082.925 0.12342 
013 080322 13 3357.600 0.13497 
013 080322 14 1008.950 0.10746 
013 080322 15 2340.625 0.11082 
013 080322 16 282.425 0.12549 
013 080322 17 2980.250 0.13461 
013 080322 18 74.025 0.14942 
013 080322 18 84.200 0.13418 
013 080322 18 1616.600 0.12963 
013 080322 18 1817.250 0.10305 
013 080322 19 532.775 0.13132 
013 080322 19 1027.850 0.10443 
013 080322 19 1995.225 0.11582 
013 080322 19 2405.575 0.10122 
013 080322 20 1058.400 0.12610 
013 080322 20 1060.800 0.10275 
013 080322 20 2076.800 0.15136 
013 080322 22 2925.800 0.12035 
013 080322 22 3277.850 0.13371 
013 080322 24 2207.450 0.13176 
013 080323 1 1591.375 0.10916 
013 080323 1 3032.525 0.10552 
013 080323 1 3035.925 0.10659 
013 080323 2 850.300 0.10856 
013 080323 2 853.175 0.10627 
013 080323 2 1034.225 0.11529 
013 080323 2 1152.900 0.11175 
013 080323 5 2382.675 0.10493 
013 080323 10 1709.650 0.13187 
013 080323 12 3283.050 0.15192 
013 080323 14 1140.075 0.12802 
013 080323 16 1615.375 0.11672 
013 080323 16 1618.975 0.10787 
013 080323 17 2672.800 0.10522 
013 080323 18 1863.925 0.11206 
013 080323 18 2246.125 0.13875 
013 080323 18 2538.725 0.12826 
013 080323 18 2541.775 0.10274 
013 080323 20 3081.225 0.10290 
013 080323 21 112.250 0.10611 
013 080323 21 1363.675 0.10445 
013 080323 22 1757.375 0.11534 
013 080323 22 2629.975 0.14795 
013 080323 22 3327.025 0.11202 
013 080323 24 328.550 0.13735 
013 080323 24 454.175 0.10325 
013 080323 24 2712.550 0.10603 
013 080323 24 2716.450 0.12470 
013 080324 1 3334.975 0.11957 
013 080324 4 989.375 0.10977 
013 080324 4 2285.900 0.11601 
013 080324 6 2693.850 0.11785 
013 080324 6 3542.550 0.13051 
013 080324 9 3309.450 0.10809 
013 080324 10 178.625 0.10848 
013 080324 10 220.700 0.10698 
013 080324 13 213.675 0.11067 
013 080324 14 3032.800 0.10806 
013 080324 16 1248.450 0.12997 
013 080324 16 1308.000 0.10956 
013 080324 17 740.100 0.12530 
013 080324 18 2846.325 0.12097 
013 080324 20 1339.475 0.11661 
013 080324 20 2715.350 0.10929 
013 080324 22 1736.450 0.11418 
013 080324 23 2039.575 0.11392 
013 080325 1 1074.425 0.10966 
013 080325 1 1841.050 0.11810 
013 080325 2 2364.550 0.12585 
013 080325 2 3508.600 0.14068 
013 080325 3 1601.425 0.15292 
013 080325 3 3226.875 0.12229 
013 080325 4 1400.100 0.13767 
013 080325 5 1141.000 0.15074 
013 080325 5 2740.300 0.11219 
013 080325 6 3168.950 0.11659 
013 080325 7 1008.450 0.13965 
013 080325 7 3457.600 0.11582 
013 080325 8 2803.250 0.10931 
013 080325 9 905.025 0.14398 
013 080325 9 3553.875 0.11112 
013 080325 10 1206.575 0.13411 
013 080325 10 2824.075 0.11440 
013 080325 11 2420.400 0.10802 
013 080325 11 2719.400 0.13762 
013 080325 11 2745.050 0.11967 
013 080325 15 933.875 0.12020 
013 080325 16 568.050 0.10646 
013 080325 17 2980.750 0.12395 
013 080325 18 1309.700 0.11520 
013 080325 19 1378.800 0.11690 
013 080325 22 2684.500 0.15216 
013 080325 23 1021.750 0.10892 
013 080325 23 2164.350 0.12525 
013 080325 24 3002.375 0.13852 
013 080326 3 81.875 0.10921 
013 080326 3 2561.800 0.10697 
013 080326 4 2031.500 0.11843 
013 080326 5 148.550 0.10879 
013 080326 5 320.550 0.12792 
013 080326 6 236.825 0.13132 
013 080326 7 708.325 0.11660 
013 080326 7 1986.525 0.11393 
013 080326 7 2567.875 0.10998 
013 080326 7 2608.100 0.10552 
013 080326 7 3009.675 0.12080 
013 080326 8 266.475 0.10676 
013 080326 8 899.675 0.10628 
013 080326 8 1090.950 0.13924 
013 080326 8 1648.700 0.12561 
013 080326 8 2440.125 0.11096 
013 080326 8 3168.325 0.11457 
013 080326 8 3471.175 0.10561 
013 080326 9 236.075 0.12465 
013 080326 9 408.600 0.10580 
013 080326 9 514.375 0.12152 
013 080326 9 648.475 0.12090 
013 080326 9 774.850 0.14408 
013 080326 9 905.625 0.12078 
013 080326 9 1131.650 0.10801 
013 080326 9 1200.525 0.12483 
013 080326 9 2749.175 0.11618 
013 080326 10 790.250 0.10476 
013 080326 10 2079.575 0.11805 
013 080326 11 98.650 0.14768 
013 080326 11 747.100 0.11446 
013 080326 11 2165.800 0.10847 
013 080326 12 317.925 0.12324 
013 080326 12 1018.875 0.10525 
013 080326 14 2281.750 0.10495 
013 080326 18 3489.600 0.11240 
013 080326 19 1252.150 0.11119 
013 080326 19 1947.850 0.10706 
013 080326 21 799.550 0.11003 
013 080326 21 1831.200 0.10730 
013 080326 22 626.675 0.11030 
013 080326 23 1876.275 0.11781 
013 080327 1 101.350 0.11497 
013 080327 1 1316.975 0.10319 
013 080327 2 3493.625 0.10661 
013 080327 4 1833.125 0.13315 
013 080327 4 2402.000 0.11182 
013 080327 5 343.875 0.10622 
013 080327 5 2422.700 0.11827 
013 080327 7 1680.550 0.13642 
013 080327 7 2978.550 0.10077 
013 080327 8 1849.975 0.10095 
013 080327 8 3085.200 0.13559 
013 080327 9 496.475 0.12818 
013 080327 9 938.125 0.11390 
013 080327 9 3025.575 0.10608 
013 080327 11 1069.250 0.13227 
013 080327 11 2068.475 0.11599 
013 080327 14 1086.050 0.11474 
013 080327 14 1409.625 0.10325 
013 080327 15 2870.925 0.11190 
013 080327 16 169.300 0.13435 
013 080327 16 2493.050 0.10276 
013 080327 16 3057.325 0.15526 
013 080327 18 1737.050 0.16754 
013 080327 18 1888.100 0.10033 
013 080327 18 2375.050 0.11422 
013 080327 18 3387.925 0.11962 
013 080327 19 1531.400 0.10934 
013 080327 19 1835.225 0.19942 
013 080327 19 2698.075 0.09970 
013 080327 21 2111.775 0.11315 
013 080327 22 740.100 0.12197 
013 080327 22 1250.150 0.10779 
013 080327 22 2347.900 0.10705 
013 080327 22 2363.125 0.10342 
013 080327 23 247.025 0.11564 
013 080327 24 1027.525 0.10873 
013 080328 2 2819.375 0.10393 
013 080328 4 1040.000 0.11225 
013 080328 4 3289.700 0.11484 
013 080328 5 482.450 0.12594 
013 080328 6 1366.925 0.10586 
013 080328 6 2081.975 0.10826 
013 080328 6 2116.825 0.10635 
013 080328 6 2639.075 0.10475 
013 080328 6 2676.025 0.10300 
013 080328 7 3083.425 0.10639 
013 080328 8 432.150 0.11750 
013 080328 8 1244.200 0.11345 
013 080328 9 2013.275 0.13845 
013 080328 10 245.900 0.11445 
013 080328 10 1122.675 0.11646 
013 080328 11 2399.025 0.10638 
013 080328 12 3289.750 0.10717 
013 080328 14 1015.350 0.10535 
013 080328 14 1446.225 0.10533 
013 080328 16 522.825 0.12533 
013 080328 16 2728.000 0.13495 
013 080328 17 291.400 0.11141 
013 080328 17 1783.700 0.11901 
013 080328 17 2323.700 0.12980 
013 080328 17 2325.025 0.15310 
013 080328 17 2907.250 0.12854 
013 080328 18 159.550 0.10731 
013 080328 18 2139.800 0.10988 
013 080328 18 2241.850 0.10267 
013 080328 18 2704.900 0.11129 
013 080328 20 1233.050 0.10589 
013 080328 21 1872.925 0.13861 
013 080328 22 585.600 0.10333 
013 080329 1 500.350 0.13859 
013 080329 1 1124.825 0.09786 
013 080329 1 1729.050 0.10060 
013 080329 1 2488.450 0.11238 
013 080329 2 798.025 0.09591 
013 080329 2 1496.100 0.09204 
013 080329 2 2439.950 0.10678 
013 080329 3 1799.900 0.09766 
013 080329 3 3416.900 0.10043 
013 080329 4 332.250 0.09757 
013 080329 4 490.050 0.10012 
013 080329 5 1873.850 0.09289 
013 080329 5 2406.050 0.09452 
013 080329 5 3068.400 0.09333 
013 080329 5 3564.575 0.10216 
013 080329 6 3012.625 0.10256 
013 080329 8 950.425 0.09270 
013 080329 8 1445.650 0.11136 
013 080329 8 3394.150 0.10167 
013 080329 8 3396.625 0.11066 
013 080329 8 3431.025 0.11038 
013 080329 9 844.825 0.10515 
013 080329 9 1133.625 0.09231 
013 080329 9 2812.525 0.10381 
013 080329 11 135.875 0.15489 
013 080329 11 3042.225 0.09475 
013 080329 12 676.575 0.10309 
013 080329 13 85.475 0.10053 
013 080329 13 396.625 0.10162 
013 080329 13 806.125 0.10747 
013 080329 13 920.450 0.09746 
013 080329 13 1001.525 0.11589 
013 080329 13 1039.850 0.11543 
013 080329 13 1058.175 0.09748 
013 080329 13 1123.075 0.10471 
013 080329 13 1225.875 0.09613 
013 080329 13 1256.975 0.09210 
013 080329 13 1272.175 0.10403 
013 080329 13 1570.075 0.10544 
013 080329 13 1718.225 0.10962 
013 080329 13 1867.600 0.09229 
013 080329 14 698.225 0.09474 
013 080329 15 1200.825 0.10523 
013 080329 15 1203.325 0.12658 
013 080329 15 1549.575 0.09726 
013 080329 16 648.025 0.09233 
013 080329 16 1688.825 0.10915 
013 080329 16 1699.875 0.10720 
013 080329 17 509.375 0.11975 
013 080329 17 2000.450 0.10117 
013 080329 17 2003.900 0.10728 
013 080329 17 3011.350 0.10886 
013 080329 19 3023.525 0.09234 
013 080329 19 3046.950 0.10023 
013 080329 19 3060.575 0.11507 
013 080329 19 3068.150 0.09724 
013 080329 20 2423.050 0.10084 
013 080329 21 3304.475 0.10956 
013 080329 23 240.900 0.10815 
013 080329 23 1530.225 0.11413 
013 080329 24 714.925 0.09659 
013 080329 24 822.825 0.10585 
013 080329 24 2534.350 0.12055 
013 080330 1 2286.875 0.13927 
013 080330 1 3277.925 0.09970 
013 080330 3 1301.375 0.10478 
013 080330 5 467.800 0.12586 
013 080330 5 1189.475 0.12378 
013 080330 5 2139.325 0.10005 
013 080330 6 270.150 0.12401 
013 080330 7 2253.375 0.09589 
013 080330 8 2168.700 0.09766 
013 080330 9 1022.250 0.10302 
013 080330 10 679.925 0.11338 
013 080330 10 718.450 0.10484 
013 080330 10 2856.075 0.16972 
013 080330 10 3353.650 0.10163 
013 080330 11 795.475 0.09526 
013 080330 12 3184.375 0.09676 
013 080330 14 566.400 0.10495 
013 080330 14 3180.975 0.12169 
013 080330 15 3586.425 0.10833 
013 080330 17 1630.525 0.09562 
013 080330 17 3224.225 0.09930 
013 080330 18 976.675 0.13391 
013 080330 18 3229.800 0.12510 
013 080330 19 1172.875 0.09489 
013 080330 21 772.075 0.10255 
013 080330 21 2293.875 0.10552 
013 080330 22 457.375 0.12302 
013 080330 22 1803.875 0.10906 
013 080330 22 2956.450 0.10686 
013 080330 24 2241.100 0.09922 
013 080331 1 606.725 0.13212 
013 080331 1 2893.425 0.10991 
013 080331 2 585.500 0.10517 
013 080331 3 2032.000 0.12135 
013 080331 3 3280.375 0.10558 
013 080331 8 132.575 0.16305 
013 080331 8 1821.400 0.12781 
013 080331 8 3354.600 0.10090 
013 080331 9 244.225 0.10558 
013 080331 10 963.475 0.10191 
013 080331 10 968.425 0.11455 
013 080331 13 2519.925 0.11277 
013 080331 14 1166.775 0.10086 
013 080331 14 1597.825 0.10163 
013 080331 17 2299.950 0.10168 
013 080331 17 2330.650 0.12132 
013 080331 17 2672.075 0.10996 
013 080331 17 3026.600 0.11841 
013 080331 18 2612.550 0.10346 
013 080331 18 3249.975 0.10950 
013 080331 18 3499.800 0.12079 
013 080331 19 511.875 0.09943 
013 080331 20 741.425 0.10657 
013 080331 20 1464.675 0.12690 
013 080331 20 3258.900 0.11120 
013 080331 21 919.975 0.10051 
013 080331 21 1091.875 0.09950 
013 080331 23 569.575 0.10170 
013 080331 24 977.350 0.10007 
013 080401 1 2318.250 0.10620 
013 080401 1 3226.275 0.10209 
013 080401 2 1690.725 0.11532 
013 080401 5 220.675 0.10580 
013 080401 5 233.375 0.10296 
013 080401 5 773.225 0.11258 
013 080401 5 825.825 0.10253 
013 080401 5 2059.725 0.10147 
013 080401 5 3043.300 0.10239 
013 080401 6 2000.775 0.10476 
013 080401 6 2949.800 0.17038 
013 080401 6 3396.425 0.13597 
013 080401 6 3573.325 0.15335 
013 080401 7 15.025 0.11136 
013 080401 7 318.000 0.10419 
013 080401 7 853.225 0.13778 
013 080401 9 3251.975 0.10916 
013 080401 10 2817.550 0.12810 
013 080401 10 3475.975 0.11251 
013 080401 11 2792.800 0.10661 
013 080401 12 599.325 0.11508 
013 080401 12 602.275 0.13149 
013 080401 12 1315.425 0.13472 
013 080401 12 3040.550 0.14202 
013 080401 13 2610.925 0.10958 
013 080401 13 3236.375 0.10743 
013 080401 14 178.350 0.10960 
013 080401 15 2695.725 0.10162 
013 080401 15 3159.075 0.10500 
013 080401 16 854.850 0.13014 
013 080401 16 1205.400 0.12326 
013 080401 16 1514.775 0.10441 
013 080401 17 209.650 0.12932 
013 080401 17 1997.450 0.11325 
013 080401 17 2231.100 0.12983 
013 080401 17 2968.350 0.10502 
013 080401 18 1038.425 0.11039 
013 080401 18 1416.075 0.10543 
013 080401 18 3438.800 0.11357 
013 080401 19 610.600 0.10801 
013 080401 20 384.775 0.12612 
013 080401 20 442.300 0.10409 
013 080401 20 735.750 0.11279 
013 080401 20 829.900 0.10671 
013 080401 21 1470.050 0.11268 
013 080401 21 1952.300 0.12419 
013 080401 22 792.625 0.10185 
013 080401 24 2523.750 0.10090 
013 080401 24 3161.975 0.10503 
013 080403 1 1359.000 0.10820 
013 080403 1 1504.700 0.10601 
013 080403 1 1891.150 0.11771 
013 080403 1 3410.650 0.11712 
013 080403 1 3437.100 0.11399 
013 080403 2 15.825 0.11935 
013 080403 5 1800.225 0.11028 
013 080403 5 2013.525 0.12257 
013 080403 6 661.850 0.12941 
013 080403 6 720.000 1.00000 
013 080403 6 1028.275 0.11199 
013 080403 6 3337.025 0.10972 
013 080403 7 1970.350 0.13027 
013 080403 9 1259.400 0.14906 
013 080403 10 395.050 0.10912 
013 080403 10 2981.325 0.11879 
013 080403 13 53.450 0.11340 
013 080403 13 232.000 0.11518 
013 080403 15 3397.925 0.11506 
013 080403 18 1734.350 0.12477 
013 080403 18 2615.225 0.13182 
013 080403 18 2645.900 0.10890 
013 080403 18 2693.375 0.14375 
013 080403 18 2739.725 0.12406 
013 080403 18 2802.300 0.12016 
013 080403 18 2857.600 0.11113 
013 080403 18 2879.350 0.10717 
013 080403 18 2905.825 0.11534 
013 080403 18 2959.250 0.10596 
013 080403 18 3038.325 0.11752 
013 080403 19 624.450 0.10684 
013 080403 19 2461.200 0.11401 
013 080403 20 49.800 0.14218 
013 080403 20 888.625 0.14119 
013 080403 20 1582.000 0.10860 
013 080403 21 98.950 0.11967 
013 080403 21 404.850 0.10608 
013 080403 21 1085.675 0.10867 
013 080403 21 1372.175 0.11681 
013 080403 21 2072.300 0.11694 
013 080403 21 2077.575 0.11493 
013 080403 21 2371.875 0.13975 
013 080403 21 2896.200 0.11889 
013 080403 22 2969.500 0.11105 
013 080403 22 3053.600 0.11243 
013 080403 22 3075.925 0.10818 
013 080403 22 3283.125 0.10608 
013 080403 22 3577.925 0.11450 
013 080403 24 1046.025 0.12084 
013 080404 1  5.000 0.10902 
013 080404 1 2712.850 0.11508 
013 080404 1 3451.000 0.11488 
013 080404 2 308.100 0.10896 
013 080404 5 956.450 0.12795 
013 080404 5 1689.475 0.12800 
013 080404 6 2528.575 0.11997 
013 080404 6 3572.650 0.11650 
013 080404 7 1836.975 0.11204 
013 080404 7 2627.450 0.11194 
013 080404 8 3427.250 0.10712 
013 080404 9 2888.775 0.11771 
013 080404 9 3192.125 0.14444 
013 080404 14 377.700 0.11947 
013 080404 15 299.025 0.10510 
013 080404 15 3232.900 0.10707 
013 080404 16 855.775 0.10805 
013 080404 16 937.050 0.10923 
013 080404 17 1482.975 0.11171 
013 080404 18 1301.700 0.11477 
013 080404 18 1359.450 0.10937 
013 080404 18 1471.450 0.11023 
013 080404 18 1623.625 0.10579 
013 080404 18 1920.950 0.34748 
013 080404 18 3270.675 0.12710 
013 080404 18 3335.550 0.10872 
013 080404 19 498.775 0.11177 
013 080404 19 1761.050 0.10806 
013 080404 19 2041.350 0.16114 
013 080404 19 3440.450 0.11439 
013 080404 20 429.800 0.10685 
013 080404 20 1028.325 0.11255 
013 080404 20 2403.225 0.13966 
013 080404 22 3221.925 0.10743 
013 080404 23 87.975 0.10626 
013 080404 24 2008.700 0.10777 
013 080404 24 2773.050 0.10815 
013 080404 24 2852.250 0.10489 
013 080404 24 2880.300 0.12481 
013 080404 24 2934.650 0.12348 
013 080405 1 189.550 0.11118 
013 080405 1 279.850 0.10872 
013 080405 1 586.525 0.11701 
013 080405 1 1318.325 0.11000 
013 080405 2 604.875 0.10544 
013 080405 6 956.975 0.11655 
013 080405 8 434.375 0.10349 
013 080405 8 842.875 0.14693 
013 080405 8 1115.050 0.12786 
013 080405 8 2149.950 0.11685 
013 080405 11 1198.625 0.12062 
013 080405 12 375.850 0.16079 
013 080405 12 2400.850 0.11647 
013 080405 12 2454.750 0.11106 
013 080405 13 3199.475 0.11222 
013 080405 14 268.450 0.12306 
013 080405 15 544.825 0.14053 
013 080405 16 1225.850 0.10548 
013 080405 16 2450.625 0.12539 
013 080405 18 3360.200 0.10327 
013 080405 19 2333.875 0.10672 
013 080405 21 712.600 0.11063 
013 080405 21 2341.700 0.11339 
013 080405 24 3237.650 0.11623 
013 080405 24 3240.975 0.10815 
013 080405 24 3292.750 0.12252 
013 080405 24 3295.500 0.13329 
013 080406 1 2964.150 0.12745 
013 080406 4 1322.000 0.11348 
013 080406 5 1989.875 0.13100 
013 080406 5 2571.175 0.10824 
013 080406 5 3353.975 0.12438 
013 080406 6 2947.025 0.10778 
013 080406 7 3426.625 0.11110 
013 080406 8 667.275 0.13092 
013 080406 8 815.300 0.12976 
013 080406 8 839.450 0.11545 
013 080406 8 2651.225 0.11146 
013 080406 8 3012.050 0.11198 
013 080406 8 3182.750 0.11822 
013 080406 9 607.725 0.10814 
013 080406 9 1675.625 0.10761 
013 080406 9 2996.375 0.11107 
013 080406 10 567.150 0.11698 
013 080406 10 2058.575 0.14682 
013 080406 11 2203.950 0.15012 
013 080406 11 3033.350 0.13957 
013 080406 13 451.575 0.11830 
013 080406 13 455.100 0.11280 
013 080406 13 1120.475 0.12238 
013 080406 13 2885.475 0.17076 
013 080406 13 3258.275 0.10888 
013 080406 14 1908.275 0.13375 
013 080406 14 2233.525 0.14994 
013 080406 14 2530.275 0.10793 
013 080406 14 2582.575 0.11575 
013 080406 14 2605.550 0.10842 
013 080406 14 2650.450 0.11220 
013 080406 14 2827.025 0.11356 
013 080406 14 3535.950 0.11643 
013 080406 15 979.050 0.13085 
013 080406 15 2326.375 0.11757 
013 080406 15 2348.975 0.11006 
013 080406 15 2497.025 0.12929 
013 080406 16 1503.775 0.11810 
013 080406 16 2437.800 0.12245 
013 080406 16 3111.625 0.11294 
013 080406 18 2281.050 0.11144 
013 080406 21 3088.500 0.12135 
013 080407 1 2332.400 0.12153 
013 080407 3 734.275 0.10457 
013 080407 3 965.350 0.12664 
013 080407 5 2574.000 0.10832 
013 080407 7 605.200 0.10290 
013 080407 8 2972.775 0.10743 
013 080407 9 205.375 0.10261 
013 080407 11 1596.575 0.12958 
013 080407 12 134.375 0.15394 
013 080407 13 1961.600 0.10720 
013 080407 13 2571.700 0.10416 
013 080407 15 2404.675 0.12139 
013 080407 15 3416.775 0.13602 
013 080407 16 2551.075 0.11664 
013 080407 17 2599.375 0.14997 
013 080407 18 677.400 0.10691 
013 080407 18 2282.800 0.10730 
013 080407 19 2354.975 0.10620 
013 080407 22 537.350 0.13186 
013 080408 8 1171.950 0.10803 
013 080408 8 2260.650 0.11026 
013 080408 8 2317.050 0.12881 
013 080408 8 2463.500 0.10615 
013 080408 10 399.625 0.11350 
013 080408 11 3206.300 0.14194 
013 080408 12 1843.525 0.10643 
013 080408 12 2314.575 0.12476 
013 080408 13 2796.575 0.11976 
013 080408 17 2932.750 0.11358 
013 080408 18 1021.650 0.13628 
013 080408 18 3210.550 0.10747 
013 080408 19 160.675 0.13513 
013 080408 20 2933.275 0.11398 
013 080408 24 330.250 0.11337 
013 080408 24 3179.975 0.10478 
013 080409 1 3395.300 0.13015 
013 080409 5 3007.625 0.10811 
013 080409 6 288.775 0.10991 
013 080409 6 291.700 0.13925 
013 080409 6 482.250 0.11985 
013 080409 7 1006.600 0.11700 
013 080409 7 1955.425 0.12249 
013 080409 8 542.875 0.12930 
013 080409 9 940.625 0.12114 
013 080409 9 3502.550 0.12148 
013 080409 9 3505.500 0.13553 
013 080409 10 383.575 0.13939 
013 080409 10 595.150 0.10768 
013 080409 10 598.125 0.12700 
013 080409 10 3393.925 0.11744 
013 080409 11 1243.600 0.10768 
013 080409 12 3118.725 0.11867 
013 080409 13 254.150 0.12271 
013 080409 13 1452.050 0.11449 
013 080409 13 2464.000 0.11149 
013 080409 14 1375.550 0.11322 
013 080409 14 1377.125 0.12258 
013 080409 14 2042.075 0.13683 
013 080409 16 1448.850 0.12999 
013 080409 17 1484.750 0.11500 
013 080409 17 2354.575 0.11501 
013 080409 19 2347.925 0.10857 
013 080409 19 3581.425 0.11757 
013 080409 21 596.525 0.11153 
013 080409 21 1348.375 0.10680 
013 080409 22 1789.825 0.10899 
013 080409 23 632.925 0.11153 
013 080409 23 876.850 0.11683 
013 080409 24 537.725 0.14302 
013 080410 2 42.050 0.10665 
013 080410 5 1830.200 0.11360 
013 080410 5 1832.900 0.15660 
013 080410 5 3500.125 0.16742 
013 080410 6 3050.000 0.10766 
013 080410 8 1732.650 0.10546 
013 080410 9 179.450 0.10168 
013 080410 9 1676.950 0.10333 
013 080410 10 2591.550 0.12682 
013 080410 13 1913.700 0.12156 
013 080410 13 3215.875 0.10947 
013 080410 13 3335.825 0.10842 
013 080410 15 1890.725 0.11304 
013 080410 15 2880.200 0.17560 
013 080410 16 2283.700 0.10327 
013 080410 18 428.225 0.10712 
013 080410 19 118.775 0.11837 
013 080410 19 121.700 0.12022 
013 080410 19 1247.300 0.10446 
013 080410 19 3434.700 0.13619 
013 080410 20 2148.275 0.12604 
013 080410 21 834.750 0.12196 
013 080410 21 3336.250 0.13252 
013 080410 22 467.275 0.11316 
013 080410 22 1500.800 0.12456 
013 080410 22 1503.750 0.12970 
013 080410 22 2480.275 0.10552 
013 080410 22 2483.050 0.11939 
013 080410 23 744.800 0.10871 
013 080410 23 2612.200 0.10273 
013 080410 24 2885.975 0.11020 
013 080411 1 1356.750 0.11024 
013 080411 2 564.850 0.11195 
013 080411 2 3505.300 0.13028 
013 080411 2 3508.275 0.12681 
013 080411 3 103.500 0.11340 
013 080411 3 2238.175 0.12790 
013 080411 3 2239.500 0.13843 
013 080411 3 2240.950 0.10042 
013 080411 4 342.450 0.12046 
013 080411 5 826.075 0.12664 
013 080411 5 829.025 0.15755 
013 080411 5 925.100 0.22181 
013 080411 5 995.650 0.14045 
013 080411 5 2144.275 0.12676 
013 080411 6 2167.675 0.10437 
013 080411 6 2171.100 0.10508 
013 080411 6 2716.250 0.11678 
013 080411 6 2719.200 0.14824 
013 080411 7 490.925 0.11906 
013 080411 8 1849.450 0.14266 
013 080411 10 123.550 0.10534 
013 080411 10 130.050 0.10394 
013 080411 11 320.000 0.13253 
013 080411 11 1083.950 0.11620 
013 080411 11 3505.775 0.09946 
013 080411 11 3546.750 0.11860 
013 080411 11 3550.150 0.12160 
013 080411 12 300.725 0.11625 
013 080411 13 40.500 0.13115 
013 080411 13 766.950 0.12709 
013 080411 13 2621.125 0.11408 
013 080411 14 3576.900 0.10301 
013 080411 15 2471.375 0.10028 
013 080411 16 1126.100 0.13013 
013 080411 16 1689.950 0.12071 
013 080411 16 1692.850 0.12730 
013 080411 16 1739.250 0.10107 
013 080411 16 2092.600 0.12075 
013 080411 16 3523.450 0.09950 
013 080411 17 2329.475 0.09903 
013 080411 18 310.600 0.10937 
013 080411 18 1222.000 0.10426 
013 080411 19 1696.425 0.09897 
013 080411 20 1877.975 0.10001 
013 080411 21 796.275 0.12851 
013 080411 21 1776.450 0.10313 
013 080411 21 1877.625 0.12678 
013 080411 21 1956.950 0.11022 
013 080411 21 2814.900 0.09930 
013 080411 21 2925.675 0.09944 
013 080411 21 3094.225 0.10070 
013 080411 22 2657.775 0.10512 
013 080411 23 2824.025 0.11224 
013 080412 2 2285.475 0.14481 
013 080412 3 308.025 0.12509 
013 080412 4 2730.475 0.11525 
013 080412 4 2793.700 0.13165 
013 080412 5 2531.450 0.12294 
013 080412 6 2164.475 0.19238 
013 080412 6 2844.650 0.13716 
013 080412 7 3337.650 0.11276 
013 080412 8 1135.400 0.12025 
013 080412 8 2025.900 0.11478 
013 080412 11 1960.325 0.12278 
013 080412 12 31.400 0.12125 
013 080412 15 1740.700 0.11360 
013 080412 15 1743.700 0.13741 
013 080412 16 1799.425 0.13403 
013 080412 16 2802.425 0.11233 
013 080412 17 846.350 0.14020 
013 080412 17 1455.900 0.12976 
013 080412 17 2040.500 0.10763 
013 080412 17 2247.750 0.13837 
013 080412 17 2280.250 0.11303 
013 080412 17 2480.625 0.12241 
013 080412 17 3455.525 0.13618 
013 080412 18 2653.800 0.11426 
013 080412 19 1639.650 0.11207 
013 080412 20 1266.400 0.13101 
013 080412 21 1759.975 0.10822 
013 080412 22 192.500 0.10974 
013 080412 22 1608.875 0.13809 
013 080412 22 3281.025 0.11888 
013 080413 2 1176.675 0.14316 
013 080413 2 1178.000 0.12735 
013 080413 3 2219.250 0.13383 
013 080413 3 2390.525 0.10681 
013 080413 3 2857.800 0.12459 
013 080413 3 2858.850 0.11675 
013 080413 5 77.550 0.11208 
013 080413 5 300.925 0.10861 
013 080413 5 484.875 0.11202 
013 080413 5 1541.775 0.12669 
013 080413 5 2152.750 0.10927 
013 080413 5 3401.700 0.14109 
013 080413 5 3404.625 0.15816 
013 080413 6 315.575 0.12804 
013 080413 6 1473.875 0.13784 
013 080413 6 1476.850 0.16587 
013 080413 6 1666.650 0.12083 
013 080413 6 1669.650 0.15326 
013 080413 6 1931.675 0.10761 
013 080413 6 1934.725 0.10944 
013 080413 6 2961.300 0.10671 
013 080413 7 2412.150 0.10911 
013 080413 7 2434.500 0.17491 
013 080413 8 362.625 0.12241 
013 080413 9 114.700 0.10791 
013 080413 9 993.725 0.11052 
013 080413 9 1125.350 0.11272 
013 080413 11 631.450 0.12500 
013 080413 11 748.450 0.10921 
013 080413 11 2977.525 0.11142 
013 080413 12 204.875 0.11148 
013 080413 13 843.375 0.16903 
013 080413 13 1033.250 0.11348 
013 080413 13 1964.050 0.11302 
013 080413 13 3143.425 0.11640 
013 080413 13 3247.850 0.11617 
013 080413 14 1381.950 0.14761 
013 080413 14 2503.200 0.13435 
013 080413 17 1151.250 0.13368 
013 080414 5 346.850 0.10965 
013 080414 5 1703.250 0.16276 
013 080414 6 1660.250 0.11947 
013 080414 8 955.575 0.11822 
013 080414 10 1221.675 0.10584 
013 080414 11 532.275 0.11530 
013 080414 11 2932.150 0.10619 
013 080414 12 654.225 0.11359 
013 080414 12 2484.700 0.11909 
013 080414 14 201.325 0.12567 
013 080414 14 204.875 0.13737 
013 080414 14 2521.175 0.10708 
013 080414 14 3260.875 0.10821 
013 080414 14 3264.450 0.11944 
013 080414 17 3260.525 0.10404 
013 080414 19 2571.875 0.11347 
013 080414 21 534.750 0.10305 
013 080414 22 3168.625 0.10675 
013 080414 24 2980.000 0.12345 
013 080415 5 1746.075 0.11122 
013 080415 5 2139.275 0.10606 
013 080415 6 399.900 0.25993 
013 080415 6 3186.150 0.15717 
013 080415 7 1979.075 0.11274 
013 080415 8 139.375 0.11215 
013 080415 8 2298.600 0.10404 
013 080415 8 2743.000 0.11112 
013 080415 9 2300.725 0.10623 
013 080415 9 3005.025 0.10704 
013 080415 10 3573.000 0.10124 
013 080415 11 1031.300 0.14333 
013 080415 11 1612.200 0.14977 
013 080415 11 1625.375 0.15170 
013 080415 12 2199.825 0.12794 
013 080415 16 2868.500 0.10659 
013 080415 19 2394.000 0.11255 
013 080415 19 2956.075 0.12143 
013 080415 23 2171.600 0.11858 
013 080415 23 2687.775 0.10750 
013 080415 24 2504.400 0.11595 
013 080416 4 985.325 0.11042 
013 080416 5 314.450 0.10606 
013 080416 6 2590.550 0.10483 
013 080416 7 1269.475 0.14359 
013 080416 8 28.700 0.11179 
013 080416 8 185.725 0.10142 
013 080416 8 645.850 0.10114 
013 080416 9 1259.700 0.10502 
013 080416 10 1830.500 0.11007 
013 080416 11 96.800 0.10298 
013 080416 12 950.575 0.10732 
013 080416 12 2075.950 0.10221 
013 080416 12 2527.625 0.10456 
013 080416 12 2775.250 0.10015 
013 080416 12 3303.850 0.10887 
013 080416 12 3583.025 0.10340 
013 080416 15 978.450 0.10024 
013 080416 15 2354.375 0.11035 
013 080416 15 3448.950 0.13487 
013 080416 17 1195.475 0.10326 
013 080416 19 603.650 0.11475 
013 080416 19 1664.000 0.11119 
013 080416 20 653.650 0.11086 
013 080416 20 730.100 0.10113 
013 080416 20 803.975 0.09988 
013 080416 20 906.875 0.11776 
013 080416 20 3043.150 0.10284 
013 080416 20 3044.850 0.10168 
013 080416 21 309.200 0.11641 
013 080416 21 1673.925 0.10141 
013 080416 21 3432.325 0.19315 
013 080416 23 1420.825 0.12539 
013 080417 2 1356.425 0.11510 
013 080417 5 966.025 0.10512 
013 080417 5 2160.050 0.10045 
013 080417 6 687.575 0.14111 
013 080417 6 879.425 0.11812 
013 080417 7 1622.450 0.09852 
013 080417 7 1976.100 0.15270 
013 080417 7 2103.575 0.12019 
013 080417 7 2191.450 0.13828 
013 080417 9 1103.375 0.09906 
013 080417 9 1994.700 0.13701 
013 080417 11 2157.200 0.11353 
013 080417 12 352.100 0.12614 
013 080417 13 1240.450 0.10058 
013 080417 13 3585.150 0.09935 
013 080417 13 3595.975 0.10714 
013 080417 14 316.675 0.10293 
013 080417 14 607.300 0.11156 
013 080417 18 2044.400 0.11672 
013 080417 19 1000.900 0.09994 
013 080417 20 2036.200 0.10463 
013 080417 20 3206.500 0.09933 
013 080417 21 2653.600 0.10102 
013 080417 23 298.100 0.13560 
013 080418 1 709.625 0.10268 
013 080418 2 2237.050 0.09937 
013 080418 4 1704.550 0.10908 
013 080418 5 554.400 0.09872 
013 080418 5 1248.925 0.11128 
013 080418 6 1776.325 0.11615 
013 080418 6 3143.425 0.11480 
013 080418 7 373.650 0.11019 
013 080418 9 827.825 0.10716 
013 080418 9 1366.525 0.09979 
013 080418 10 3246.875 0.09909 
013 080418 10 3459.875 0.10052 
013 080418 14 595.175 0.09949 
013 080418 15 957.300 0.11191 
013 080418 15 1251.225 0.12287 
013 080418 15 2838.350 0.10759 
013 080418 18 270.825 0.12353 
013 080418 19 1542.250 0.09957 
013 080418 20 312.425 0.10850 
013 080418 21 1163.050 0.09776 
013 080418 21 1167.175 0.10270 
013 080418 23 1981.975 0.09982 
013 080418 23 2297.675 0.12619 
013 080418 23 2318.875 0.10154 
013 080418 23 3111.200 0.13199 
013 080418 24 543.375 0.11034 
013 080418 24 1754.075 0.11119 
013 080418 24 1756.275 0.09872 
013 080418 24 1894.900 0.11113 
013 080418 24 1897.100 0.10018 
013 080418 24 3217.150 0.10773 
013 080419 1 1713.725 0.13557 
013 080419 2 1765.825 0.09831 
013 080419 2 3372.575 0.12916 
013 080419 4 768.700 0.10738 
013 080419 4 1909.350 0.10574 
013 080419 4 1947.075 0.10499 
013 080419 6 1774.875 0.09929 
013 080419 7 94.850 0.12485 
013 080419 7 1072.550 0.11563 
013 080419 7 1239.125 0.10648 
013 080419 8 547.000 0.12003 
013 080419 8 587.200 0.10452 
013 080419 8 632.275 0.09858 
013 080419 9 1419.175 0.10777 
013 080419 11 1064.925 0.11031 
013 080419 11 1080.475 0.10206 
013 080419 11 1083.950 0.10919 
013 080419 11 3379.850 0.11416 
013 080419 12 1288.200 0.12264 
013 080419 12 3395.650 0.11442 
013 080419 12 3438.650 0.11689 
013 080419 17 2271.575 0.13811 
013 080419 19 790.475 0.09996 
013 080419 20 1898.300 0.12688 
013 080419 22 2925.000 0.11262 
013 080420 3 2374.600 0.10558 
013 080420 5 2811.875 0.11522 
013 080420 6 1933.475 0.10495 
013 080420 8 580.725 0.11619 
013 080420 8 2866.825 0.10435 
013 080420 10 2772.850 0.10280 
013 080420 10 3318.375 0.11863 
013 080420 11 355.900 0.11616 
013 080420 11 667.025 0.12555 
013 080420 11 1517.350 0.11152 
013 080420 11 2175.850 0.11517 
013 080420 11 2389.875 0.11506 
013 080420 11 3384.000 0.10143 
013 080420 12 940.425 0.10140 
013 080420 13 639.375 0.11561 
013 080420 13 642.375 0.14731 
013 080420 14 198.050 0.10115 
013 080420 14 312.325 0.11782 
013 080420 15 712.525 0.11542 
013 080420 15 1183.950 0.12255 
013 080420 15 2471.150 0.10353 
013 080420 15 2622.650 0.10173 
013 080420 15 2625.875 0.10546 
013 080420 16 3541.450 0.12212 
013 080420 17 2427.875 0.11301 
013 080420 17 2821.075 0.13860 
013 080420 18 1163.375 0.11593 
013 080420 20 889.875 0.09904 
013 080420 20 891.175 0.12314 
013 080420 22 237.800 0.14174 
013 080420 22 280.475 0.11674 
013 080420 22 295.950 0.11280 
013 080420 23 1031.125 0.10313 
013 080420 23 3270.000 0.11310 
013 080421 2 547.125 0.10992 
013 080421 4 36.600 0.11545 
013 080421 5 988.900 0.12307 
013 080421 6 2231.875 0.13899 
013 080421 6 2718.175 0.13219 
013 080421 6 2808.225 0.14934 
013 080421 7 461.750 0.11047 
013 080421 9 219.125 0.11322 
013 080421 12 1409.350 0.13293 
013 080421 12 2905.075 0.12337 
013 080421 15 584.050 0.13151 
013 080421 16 1664.550 0.10540 
013 080421 18 602.975 0.12279 
013 080421 18 1498.875 0.13303 
013 080421 19 3013.600 0.16232 
013 080421 20 253.200 0.10775 
013 080421 20 528.250 0.10766 
013 080421 20 1158.775 0.10635 
013 080421 20 1907.200 0.11861 
013 080421 20 2052.650 0.12270 
013 080421 20 2054.675 0.10551 
013 080421 20 2631.650 0.10741 
013 080421 20 2865.400 0.11275 
013 080421 20 3321.950 0.12270 
013 080421 20 3474.475 0.12444 
013 080421 21 34.175 0.10473 
013 080421 21 1327.850 0.16557 
013 080421 21 1597.950 0.10634 
013 080421 21 1822.075 0.10816 
013 080421 22 1165.400 0.10957 
013 080421 24 776.650 0.13903 
013 080421 24 857.100 0.10788 
013 080421 24 2257.950 0.10761 
013 080422 1 322.325 0.11460 
013 080422 1 1240.900 0.11755 
013 080422 2 865.675 0.11255 
013 080422 4 430.525 0.17036 
013 080422 4 465.400 0.13848 
013 080422 4 596.200 0.15933 
013 080422 4 933.150 0.11717 
013 080422 4 1702.825 0.11811 
013 080422 4 1919.700 0.10991 
013 080422 4 2045.575 0.10819 
013 080422 4 2854.700 0.14780 
013 080422 4 3287.575 0.10810 
013 080422 5 284.500 0.11877 
013 080422 5 793.925 0.13761 
013 080422 5 964.075 0.11292 
013 080422 5 2504.825 0.12348 
013 080422 6 560.075 0.10611 
013 080422 6 1263.500 0.12879 
013 080422 6 1879.750 0.12634 
013 080422 7 1919.600 0.11700 
013 080422 7 3147.575 0.10868 
013 080422 7 3510.600 0.16159 
013 080422 8 894.975 0.14203 
013 080422 9 1396.800 0.18217 
013 080422 10 324.500 0.10876 
013 080422 11 1607.350 0.15818 
013 080422 11 1820.750 0.11401 
013 080422 11 1847.625 0.10589 
013 080422 11 2519.025 0.10850 
013 080422 12 2011.275 0.11307 
013 080422 12 3383.125 0.12026 
013 080422 13 1616.250 0.11980 
013 080422 13 3201.775 0.11560 
013 080422 15 708.475 0.13543 
013 080422 15 910.850 0.16215 
013 080422 15 1158.325 0.12413 
013 080422 15 3171.900 0.10483 
013 080422 16 3069.275 0.13307 
013 080422 18 1640.375 0.10900 
013 080422 18 2920.475 0.10514 
013 080422 18 3485.100 0.11511 
013 080422 20 2160.650 0.14587 
013 080422 23 864.750 0.11845 
013 080423 2 1544.250 0.10488 
013 080423 2 1891.900 0.10849 
013 080423 2 3142.125 0.11757 
013 080423 3 805.250 0.10229 
013 080423 3 1887.100 0.10901 
013 080423 3 2336.375 0.10272 
013 080423 3 2490.075 0.11549 
013 080423 4 3353.425 0.10691 
013 080423 5 2687.775 0.12341 
013 080423 6 2601.600 0.11198 
013 080423 7 2139.325 0.13096 
013 080423 7 3050.025 0.13468 
013 080423 9 2627.200 0.11517 
013 080423 9 2846.950 0.10774 
013 080423 10 3463.200 0.10318 
013 080423 12 1202.475 0.11273 
013 080423 12 1547.500 0.11654 
013 080423 13 1442.050 0.13660 
013 080423 13 1644.350 0.15407 
013 080423 16 800.925 0.10956 
013 080423 16 973.050 0.10615 
013 080423 16 1939.225 0.11898 
013 080423 16 3048.100 0.11455 
013 080423 17 356.800 0.10306 
013 080423 17 393.900 0.11657 
013 080423 18 1193.775 0.27821 
013 080423 19 243.500 0.11465 
013 080423 19 877.325 0.13990 
013 080423 20 1771.650 0.13169 
013 080423 21 95.425 0.16076 
013 080423 21 189.075 0.10228 
013 080423 22 925.500 0.10877 
013 080423 22 2733.225 0.10649 
013 080423 23 650.625 0.11825 
013 080423 23 3550.150 0.11562 
013 080424 3 2180.525 0.10624 
013 080424 3 2996.425 0.11881 
013 080424 4 908.025 0.11212 
013 080424 5 940.750 0.10613 
013 080424 5 945.650 0.11187 
013 080424 6 3058.350 0.10510 
013 080424 10 772.400 0.10781 
013 080424 10 980.825 0.10481 
013 080424 13 963.000 0.13056 
013 080424 13 1874.600 0.10586 
013 080424 14 3441.675 0.11893 
013 080424 16 2238.325 0.12706 
013 080424 17 287.275 0.21028 
013 080424 17 2961.950 0.11492 
013 080424 18 1385.875 0.11160 
013 080424 18 3477.000 0.13061 
013 080424 19 2917.725 0.29653 
013 080424 19 3432.225 0.11898 
013 080424 21 2261.850 0.11422 
013 080424 21 3345.725 0.10355 
013 080424 21 3536.900 0.12591 
013 080424 21 3593.650 0.13799 
013 080425 1 618.375 0.15568 
013 080425 4 99.825 0.12502 
013 080425 4 486.500 0.12970 
013 080425 4 2649.500 0.23118 
013 080425 4 3228.675 0.15760 
013 080425 7 126.875 0.22784 
013 080425 8 3297.225 0.11813 
013 080425 10 470.175 0.12149 
013 080425 10 2237.775 0.10700 
013 080425 11 452.700 0.10998 
013 080425 11 1795.425 0.12289 
013 080425 12 776.925 0.11280 
013 080425 12 983.550 0.12263 
013 080425 12 2263.375 0.10699 
013 080425 16 447.100 0.12067 
013 080425 16 448.425 0.10796 
013 080425 16 830.075 0.10706 
013 080425 19 2792.925 0.11541 
013 080425 20 1466.850 0.11256 
013 080425 20 1893.750 0.10774 
013 080425 20 2312.575 0.12219 
013 080425 21 680.925 0.11762 
013 080425 21 1359.950 0.11659 
013 080425 22 141.425 0.13001 
013 080425 23 2476.550 0.11037 
013 080425 23 2735.600 0.10732 
013 080425 24 680.450 0.13280 
013 080425 24 1479.400 0.18302 
013 080425 24 3350.175 0.10639 
013 080426 2 2374.550 0.12572 
013 080426 2 2774.000 0.11325 
013 080426 4 1164.150 0.11975 
013 080426 5 2524.125 0.13413 
013 080426 6 3542.000 0.12116 
013 080426 7 1721.500 0.12588 
013 080426 7 1824.025 0.10717 
013 080426 8 1668.350 0.10962 
013 080426 8 2605.075 0.11820 
013 080426 9 502.125 0.11201 
013 080426 9 1393.000 0.11938 
013 080426 10 1002.725 0.11778 
013 080426 10 1640.900 0.11804 
013 080426 11 1774.450 0.11938 
013 080426 12 1716.325 0.11144 
013 080426 12 3361.400 0.13357 
013 080426 13 1363.850 0.11487 
013 080426 14 240.125 0.12185 
013 080426 14 451.525 0.11320 
013 080426 14 1555.775 0.11575 
013 080426 15 1910.550 0.10590 
013 080426 15 3147.125 0.13638 
013 080426 15 3150.350 0.12173 
013 080426 15 3590.300 0.11376 
013 080426 16 2786.400 0.11171 
013 080426 17 3322.950 0.15424 
013 080426 18 266.375 0.10580 
013 080426 18 826.100 0.10855 
013 080426 18 2497.100 0.10638 
013 080426 18 2809.525 0.11287 
013 080426 19 1505.575 0.11094 
013 080426 20 2121.775 0.13222 
013 080426 22 3387.250 0.11165 
013 080426 22 3390.525 0.10758 
013 080426 23 1449.275 0.11230 
013 080426 24 2991.300 0.10870 
013 080427 1 65.400 0.17802 
013 080427 2 2133.600 0.12369 
013 080427 3 2929.925 0.10559 
013 080427 4 492.625 0.10765 
013 080427 5 2230.450 0.13221 
013 080427 5 2233.400 0.16028 
013 080427 6 915.775 0.11083 
013 080427 6 2773.975 0.13259 
013 080427 6 3475.600 0.10412 
013 080427 8 885.225 0.10580 
013 080427 8 944.850 0.10350 
013 080427 9 2521.625 0.25028 
013 080427 10 1519.025 0.14400 
013 080427 11 1899.775 0.10569 
013 080427 11 2171.375 0.10650 
013 080427 11 2217.525 0.11743 
013 080427 13 853.375 0.10907 
013 080427 13 856.450 0.12737 
013 080427 13 1261.100 0.14339 
013 080427 13 2160.950 0.11365 
013 080427 13 3365.025 0.12274 
013 080427 13 3413.325 0.10847 
013 080427 14 151.200 0.13820 
013 080427 14 421.225 0.15211 
013 080427 14 742.900 0.12970 
013 080427 14 1335.525 0.18859 
013 080427 14 1387.300 0.14631 
013 080427 14 1870.550 0.12049 
013 080427 14 2216.100 0.11525 
013 080427 14 2938.100 0.10753 
013 080427 15 447.675 0.11020 
013 080427 15 501.050 0.11529 
013 080427 15 523.375 0.17089 
013 080427 15 699.050 0.10596 
013 080427 15 969.125 0.10951 
013 080427 15 1018.950 0.12428 
013 080427 15 1250.825 0.14849 
013 080427 15 1990.775 0.16198 
013 080427 15 2266.125 0.10499 
013 080427 15 2885.900 0.18285 
013 080427 15 2916.650 0.12139 
013 080427 15 2918.900 0.11805 
013 080427 15 2945.525 0.21256 
013 080427 16 1597.025 0.10520 
013 080427 16 2555.000 0.12723 
013 080427 17 1083.625 0.15798 
013 080427 17 2773.625 0.10755 
013 080427 18 1847.300 0.10958 
013 080427 19 3135.425 0.10465 
013 080427 19 3253.725 0.10739 
013 080427 20 1901.350 0.11924 
013 080427 22 540.400 0.12722 
013 080427 23 1055.650 0.11368 
013 080427 24 611.550 0.12425 
013 080428 1 430.950 0.10903 
013 080428 2 841.625 0.10849 
013 080428 4 1263.875 0.11928 
013 080428 4 2674.125 0.11307 
013 080428 5 648.700 0.11726 
013 080428 5 652.150 0.12108 
013 080428 6 1638.775 0.12054 
013 080428 7 11.750 0.13906 
013 080428 8 3274.725 0.14062 
013 080428 9 2558.800 0.12113 
013 080428 9 2886.950 0.12733 
013 080428 11 2406.125 0.14933 
013 080428 11 2697.625 0.12136 
013 080428 11 2753.275 0.11156 
013 080428 13 485.950 0.12669 
013 080428 13 488.675 0.13708 
013 080428 13 760.075 0.11321 
013 080428 13 998.150 0.12402 
013 080428 14 2989.400 0.11171 
013 080428 16 949.775 0.11982 
013 080428 16 1999.500 0.11058 
013 080428 19 309.750 0.10899 
013 080428 19 429.550 0.10711 
013 080428 19 837.875 0.13857 
013 080428 19 2352.550 0.11798 
013 080428 20  4.025 0.12205 
013 080428 22 2723.275 0.20999 
013 080428 22 2746.325 0.13784 
013 080428 22 2965.700 0.13934 
013 080428 22 3360.500 0.11990 
013 080428 24 2463.075 0.12730 
013 080428 24 2767.450 0.10489 
013 080428 24 3325.875 0.10596 
013 080430 2 436.025 0.10323 
013 080430 3 1111.600 0.11187 
013 080430 3 3489.825 0.11146 
013 080430 5 45.350 0.10366 
013 080430 5 337.650 0.10429 
013 080430 7 1536.525 0.11970 
013 080430 7 1538.375 0.12024 
013 080430 7 1551.775 0.11510 
013 080430 7 1553.625 0.11561 
013 080430 10 1136.050 0.11813 
013 080430 10 1137.725 0.13922 
013 080430 10 2330.575 0.10318 
013 080430 11 1577.875 0.16392 
013 080430 11 3031.675 0.10696 
013 080430 11 3035.450 0.11212 
013 080430 11 3161.000 0.10264 
013 080430 12 1436.550 0.10983 
013 080430 12 1488.025 0.11651 
013 080430 12 1489.700 0.11331 
013 080430 16 1451.150 0.10817 
013 080430 17 763.650 0.10517 
013 080430 19 1534.500 0.10267 
013 080430 21 1543.050 0.10264 
013 080430 21 1646.775 0.10494 
013 080430 21 1707.175 0.13113 
013 080430 22 2093.625 0.10388 
013 080430 24 3137.000 0.12907 
013 080430 24 3282.850 0.10917 
013 080430 24 3294.925 0.10786 
