ME01 YBH  ME02 ME04 ME09 ME30 ME13 KHBB WDC  ME27  
Threshhold: 8 
054 080417 3 890.750 0.12066 
054 080417 15 1778.175 0.12219 
054 080425 11 3237.425 0.11102 
054 080420 5 3582.775 0.12008 
054 080420 6 296.750 0.12633 
054 080420 6 299.025 0.12000 
054 080420 6 500.700 0.11982 
054 080420 6 828.700 0.13056 
054 080420 6 2798.925 0.15970 
054 080420 7 1205.375 0.12801 
054 080420 13 103.550 0.12860 
054 080420 13 3323.650 0.12016 
054 080420 13 3402.625 0.19147 
054 080420 13 3550.550 0.14392 
054 080420 14 34.375 0.18526 
054 080420 14 115.800 0.19465 
054 080420 14 394.000 0.14347 
054 080420 14 430.975 0.19175 
054 080420 14 442.025 0.14664 
054 080420 14 446.600 0.28089 
054 080420 14 1862.250 0.17632 
054 080420 14 2869.575 0.14822 
054 080420 15 3007.325 0.14731 
054 080420 15 3526.150 0.11984 
054 080420 16 1029.675 0.11933 
054 080421 12 1711.300 0.13516 
054 080421 12 1913.500 0.11988 
054 080421 12 2016.125 0.13862 
054 080421 12 2219.450 0.19266 
054 080421 12 2247.250 0.11922 
054 080421 12 2282.950 0.14448 
054 080421 12 2297.050 0.16768 
054 080421 12 2326.725 0.15578 
054 080421 13 1169.425 0.13284 
054 080421 13 1217.375 0.15211 
054 080421 13 1344.675 0.15404 
054 080421 13 1389.300 0.12582 
054 080421 13 1520.825 0.12062 
054 080421 13 1526.750 0.11962 
054 080421 13 1688.675 0.16265 
054 080421 13 1795.450 0.11974 
054 080421 13 1975.150 0.14139 
054 080421 13 3054.800 0.13655 
054 080421 14 2540.400 0.15535 
054 080421 14 2556.300 0.17170 
054 080421 14 2560.900 0.19895 
054 080421 14 2589.175 0.13386 
054 080421 14 2605.725 0.20358 
054 080421 14 2832.425 0.12665 
054 080421 14 2850.150 0.16956 
054 080421 14 2866.800 0.22296 
054 080421 14 2879.175 0.19181 
054 080421 14 3124.150 0.19908 
054 080421 14 3178.275 0.13020 
054 080421 14 3214.125 0.16927 
054 080421 14 3226.125 0.13061 
054 080421 14 3232.600 0.12800 
054 080421 14 3243.800 0.12998 
054 080421 15 957.050 0.14699 
054 080421 15 980.575 0.12756 
054 080421 15 994.475 0.17369 
054 080421 15 997.000 0.16872 
054 080421 15 1022.025 0.15313 
054 080421 15 1023.275 0.16496 
054 080421 15 1065.325 0.17334 
054 080421 15 3497.600 0.13930 
054 080421 16 2648.850 0.15335 
054 080421 16 2725.725 0.13202 
054 080421 16 2804.975 0.17869 
054 080421 16 2824.625 0.13020 
054 080421 16 2835.925 0.17116 
054 080421 16 2866.200 0.12348 
054 080421 16 2887.925 0.14880 
054 080421 16 2903.600 0.14804 
054 080421 16 2926.500 0.16332 
054 080421 16 2943.450 0.24970 
054 080421 16 3007.425 0.13601 
054 080421 16 3018.150 0.16043 
054 080421 16 3020.375 0.20576 
054 080421 16 3079.650 0.12856 
054 080421 16 3082.500 0.15752 
054 080421 16 3136.875 0.14787 
054 080421 16 3170.000 0.39850 
054 080421 16 3182.225 0.13289 
054 080421 16 3201.425 0.14175 
054 080421 16 3240.375 0.12422 
054 080421 16 3256.275 0.21218 
054 080421 16 3270.150 0.13994 
054 080421 16 3272.575 0.16644 
054 080421 16 3286.850 0.19162 
054 080421 16 3291.700 0.12343 
054 080421 16 3298.450 0.20422 
054 080421 16 3347.550 0.13884 
054 080421 16 3397.000 0.16950 
054 080421 16 3409.850 0.22756 
054 080421 16 3416.100 0.17017 
054 080421 16 3439.250 0.16422 
054 080421 16 3441.450 0.18814 
054 080421 17 246.575 0.16558 
054 080421 17 299.700 0.20193 
054 080421 17 433.000 0.18995 
054 080421 17 434.400 0.18723 
054 080421 17 437.250 0.14734 
054 080421 17 462.625 0.20770 
054 080421 17 483.700 0.12456 
054 080421 17 496.500 0.14930 
054 080421 17 500.625 0.20255 
054 080421 17 594.325 0.14146 
054 080421 17 615.500 0.12514 
054 080421 17 618.600 0.13062 
054 080421 17 636.875 0.13726 
054 080421 17 649.475 0.17361 
054 080421 17 690.025 0.12014 
054 080421 17 692.700 0.16782 
054 080421 17 1280.500 0.12241 
054 080421 17 3269.775 0.12267 
054 080421 23 432.300 0.13490 
054 080421 23 933.450 0.11912 
054 080421 23 983.400 0.12042 
054 080421 23 1263.525 0.15309 
054 080421 23 1353.725 0.18101 
054 080421 23 1399.450 0.18545 
054 080421 23 1435.300 0.16372 
054 080421 23 1559.925 0.12437 
054 080421 23 1583.750 0.17885 
054 080421 23 1590.275 0.12869 
054 080421 23 1622.350 0.17572 
054 080421 23 1631.850 0.25000 
054 080421 23 1655.950 0.16403 
054 080421 23 1731.575 0.12281 
054 080421 23 1737.950 0.12166 
054 080421 23 1818.575 0.13007 
054 080421 23 1845.775 0.12815 
054 080421 23 1866.925 0.20987 
054 080421 23 1877.975 0.24953 
054 080421 23 2043.775 0.12506 
054 080421 23 2117.750 0.12585 
054 080421 23 2147.750 0.14636 
054 080421 23 2159.050 0.14695 
054 080422 1 3265.425 0.15269 
054 080422 1 3539.700 0.16208 
054 080422 2 589.275 0.12694 
054 080422 2 601.250 0.12325 
054 080422 2 878.025 0.13263 
054 080422 2 903.225 0.19680 
054 080422 2 915.875 0.12171 
054 080422 2 995.450 0.20573 
054 080422 4 742.550 0.11907 
054 080422 4 1215.675 0.13940 
054 080422 4 1307.925 0.12408 
054 080422 4 1621.650 0.21838 
054 080422 4 2150.600 0.13515 
054 080422 4 2745.350 0.13219 
054 080422 4 2894.700 0.15008 
054 080422 4 2905.400 0.18746 
054 080422 4 2961.625 0.13498 
054 080422 4 3011.875 0.15050 
054 080422 4 3033.200 0.23475 
054 080422 4 3105.775 0.16715 
054 080422 4 3147.575 0.20558 
054 080422 4 3151.000 0.14379 
054 080422 4 3168.600 0.12341 
054 080422 4 3170.850 0.18392 
054 080422 4 3194.375 0.13463 
054 080422 4 3204.825 0.12996 
054 080422 4 3582.650 0.12149 
054 080422 5 918.425 0.16608 
054 080422 12 3544.225 0.12206 
054 080422 12 3597.725 0.17165 
054 080422 13  8.850 0.12558 
054 080422 13 75.225 0.20957 
054 080422 13 480.400 0.23412 
054 080423 3 2397.475 0.15054 
054 080423 3 2936.550 0.17893 
054 080423 3 3227.350 0.16652 
054 080423 3 3266.950 0.13249 
054 080423 3 3299.650 0.13283 
054 080423 3 3400.750 0.13122 
054 080423 3 3430.725 0.22435 
054 080423 3 3446.500 0.20590 
054 080423 3 3547.025 0.17348 
054 080423 3 3561.775 0.18717 
054 080423 4 28.075 0.12211 
054 080423 4 62.275 0.14805 
054 080423 4 77.125 0.12294 
054 080423 4 92.200 0.12706 
054 080423 4 399.525 0.13277 
054 080423 4 418.500 0.14902 
054 080423 4 1575.350 0.12347 
054 080423 4 2058.800 0.14763 
054 080423 4 2490.300 0.15334 
054 080423 4 2628.875 0.14399 
054 080423 4 2728.575 0.13100 
054 080423 4 2742.825 0.19233 
054 080423 4 2767.325 0.14869 
054 080423 4 2808.525 0.16210 
054 080423 5 565.650 0.12326 
054 080423 6 3168.850 0.17531 
054 080424 4 2938.450 0.11407 
054 080424 9 2945.575 0.11909 
054 080424 23 3309.700 0.12102 
054 080424 23 3381.150 0.14629 
054 080424 23 3390.675 0.13699 
054 080424 23 3423.575 0.11738 
