ME01 YBH  ME02 ME04 ME29 ME09 ME10 ME30 ME13 KHBB WDC  ME27 ME24 ME28 ME08 ME26 ME12  
Threshhold: 8 
013 080413 11 827.525 0.17235 
013 080413 12 1259.325 0.10859 
013 080413 12 1428.725 0.08794 
013 080413 12 1470.325 0.14917 
013 080413 12 2588.325 0.12523 
013 080413 13 1176.150 0.12086 
013 080413 13 1238.925 0.13278 
013 080413 13 1244.050 0.14262 
013 080413 13 1880.200 0.12956 
013 080413 13 1899.375 0.12352 
013 080413 14 730.100 0.12683 
013 080413 14 1122.600 0.15986 
013 080413 14 1144.525 0.12300 
013 080413 14 1155.275 0.09528 
013 080413 14 1387.675 0.16115 
013 080413 14 1394.975 0.10854 
013 080413 15 223.900 0.10380 
013 080413 15 407.800 0.13967 
013 080413 15 434.500 0.13413 
013 080413 15 1026.050 0.15996 
013 080413 16 3272.550 0.09376 
013 080413 16 3326.050 0.10731 
013 080413 16 3329.300 0.11473 
013 080413 16 3563.050 0.09193 
013 080413 16 3573.025 0.20680 
013 080413 17 1990.275 0.11269 
013 080413 17 2013.500 0.11153 
013 080413 17 2017.825 0.20612 
013 080413 17 2059.975 0.13722 
013 080413 17 2199.325 0.16626 
013 080413 17 2200.875 0.13765 
013 080413 17 2204.150 0.14010 
013 080413 18 477.700 0.13290 
013 080413 18 486.625 0.12378 
013 080413 18 494.000 0.10742 
013 080413 18 529.025 0.10603 
013 080413 18 546.325 0.09324 
013 080413 18 690.000 0.30265 
013 080413 18 700.475 0.11147 
013 080413 19 1012.125 0.10623 
013 080413 20 207.250 0.13548 
013 080413 20 224.200 0.14385 
013 080413 20 1611.425 0.12115 
013 080413 20 1632.775 0.12352 
013 080413 20 1657.400 0.12474 
013 080413 20 1670.800 0.10638 
013 080413 20 1690.125 0.13122 
013 080413 20 1715.325 0.11712 
013 080413 20 1724.625 0.10111 
013 080413 20 1936.750 0.18152 
013 080413 20 1946.000 0.09881 
013 080413 20 2055.050 0.09216 
013 080413 20 2065.350 0.19944 
013 080413 21 730.025 0.09312 
013 080413 21 782.550 0.13707 
013 080413 21 868.625 0.14993 
013 080413 21 872.825 0.15631 
013 080413 22 1020.550 0.09192 
013 080413 22 1280.425 0.14104 
013 080413 22 1312.750 0.12820 
013 080413 22 2251.900 0.21921 
013 080413 22 2257.375 0.11739 
013 080413 22 2265.375 0.18810 
013 080413 22 2447.550 0.09393 
013 080413 22 2497.325 0.09197 
013 080413 22 2512.950 0.09424 
013 080413 23 1289.800 0.17288 
013 080413 23 1366.950 0.17009 
013 080413 23 1376.125 0.17123 
013 080413 23 1660.125 0.15327 
013 080413 23 1666.525 0.12242 
013 080413 23 1674.900 0.15327 
013 080413 23 2890.875 0.11045 
013 080413 23 2895.325 0.11063 
013 080413 24 611.575 0.13875 
013 080413 24 630.400 0.12262 
013 080413 24 647.350 0.15025 
013 080413 24 702.650 0.24597 
013 080413 24 732.225 0.11835 
013 080413 24 738.600 0.16490 
013 080413 24 1226.275 0.15405 
013 080413 24 1242.375 0.08927 
013 080413 24 1256.075 0.14813 
013 080413 24 2824.000 0.10359 
013 080413 24 2839.675 0.10859 
013 080413 24 2843.600 0.11461 
013 080413 24 2850.725 0.12227 
013 080413 24 2865.925 0.09126 
013 080413 24 2867.525 0.17774 
013 080413 24 2953.850 0.11440 
013 080413 24 2969.525 0.11608 
013 080413 24 2976.875 0.09849 
013 080414 2 460.950 0.14405 
013 080414 3 1248.225 0.18164 
013 080414 3 1288.950 0.13556 
013 080414 3 1313.675 0.23369 
013 080414 3 1320.575 0.09078 
013 080414 3 1370.500 0.10560 
013 080414 3 1403.975 0.17672 
013 080414 3 1440.950 0.13569 
013 080414 3 1447.000 0.13250 
013 080414 3 1506.325 0.10218 
013 080414 3 1508.725 0.20869 
013 080414 3 1510.900 0.12197 
013 080414 3 1607.875 0.10126 
013 080414 3 1612.475 0.12299 
013 080414 3 1659.650 0.16037 
013 080414 3 2106.100 0.14057 
013 080414 3 2127.175 0.13969 
013 080414 4 3345.100 0.17143 
013 080414 4 3368.000 0.14909 
013 080414 4 3369.375 0.11632 
013 080414 5 3109.550 0.09595 
013 080414 5 3148.200 0.09140 
013 080414 5 3203.375 0.11026 
013 080414 5 3207.400 0.14685 
013 080414 5 3242.225 0.08738 
013 080414 5 3245.525 0.10519 
013 080414 5 3255.475 0.13804 
013 080414 8 2732.125 0.08927 
013 080414 8 2741.425 0.14746 
013 080414 8 2762.375 0.15069 
013 080414 8 2775.675 0.16277 
013 080414 8 2825.475 0.10561 
013 080414 8 2895.825 0.13428 
013 080414 8 2992.225 0.10162 
013 080414 8 2995.675 0.17390 
013 080414 8 2997.400 0.12354 
013 080414 8 3246.750 0.14793 
013 080414 8 3256.825 0.11797 
013 080414 8 3264.075 0.09789 
013 080414 8 3383.975 0.19721 
013 080414 8 3413.625 0.12066 
013 080414 8 3414.975 0.23599 
013 080414 9 462.875 0.11166 
013 080414 9 471.100 0.13673 
013 080414 9 473.200 0.13361 
013 080414 9 720.475 0.11522 
013 080414 9 992.550 0.14470 
013 080414 9 1013.575 0.12699 
013 080414 11 999.775 0.13039 
013 080414 11 1040.900 0.12275 
013 080414 11 1200.575 0.16194 
013 080414 11 1224.200 0.09984 
013 080414 11 1348.675 0.13799 
013 080414 11 1352.475 0.16907 
013 080414 12 129.300 0.11617 
013 080414 12 325.475 0.15037 
013 080414 12 328.050 0.11842 
013 080414 12 864.400 0.12696 
013 080414 12 869.425 0.13725 
013 080414 12 878.450 0.12397 
013 080414 12 910.550 0.17198 
013 080414 12 917.775 0.11888 
013 080414 12 1038.725 0.10170 
013 080414 12 1047.975 0.08845 
013 080414 12 1110.350 0.22259 
013 080414 12 1112.050 0.11182 
013 080414 13 2528.325 0.09693 
013 080414 13 2629.525 0.10140 
013 080414 19 1940.525 0.17515 
013 080414 19 1959.675 0.16775 
013 080414 19 1991.125 0.11123 
013 080414 19 2278.600 0.13801 
013 080414 19 2892.550 0.10565 
013 080414 19 2899.625 0.11277 
013 080414 19 2963.800 0.12128 
013 080414 19 2983.200 0.13969 
013 080414 20 2146.900 0.14252 
013 080415 1 1808.150 0.14692 
013 080415 1 1816.400 0.09537 
013 080415 1 1825.100 0.12124 
013 080415 1 1826.250 0.09286 
013 080415 1 1832.825 0.16440 
013 080415 10 725.575 0.12134 
013 080415 10 946.425 0.15612 
013 080415 10 1057.075 0.15473 
013 080415 10 1061.475 0.17419 
013 080415 10 1935.900 0.14205 
013 080415 10 3426.950 0.16404 
013 080415 10 3435.725 0.14385 
013 080415 10 3441.250 0.23705 
013 080415 10 3538.475 0.11748 
013 080415 11 3153.525 0.12328 
013 080415 11 3547.025 0.12425 
013 080415 12 116.600 0.13781 
013 080415 13 3468.500 0.10073 
013 080415 13 3535.050 0.10474 
013 080415 13 3536.925 0.12464 
013 080415 13 3549.200 0.18471 
013 080415 14 37.050 0.14923 
013 080415 14 487.525 0.12876 
013 080415 14 531.925 0.15046 
013 080415 14 546.225 0.11885 
013 080415 14 549.925 0.10917 
013 080415 14 3099.750 0.08921 
013 080415 14 3250.100 0.14339 
013 080416 8 126.925 0.09212 
013 080417 22 3533.625 0.11116 
013 080417 23 49.975 0.11054 
013 080417 23 460.950 0.10289 
013 080417 23 462.775 0.16632 
013 080417 23 468.425 0.12609 
