YBH  KRMB B039 ME04 ME29 ME09 ME30 ME13 KHBB WDC  ME27 ME08  
Threshhold: 8 
042 080419 1 1682.675 0.11575 
042 080419 1 3580.525 0.10974 
042 080419 2 189.225 0.14452 
042 080419 2 508.225 0.16842 
042 080419 2 1073.575 0.14405 
042 080419 2 1132.175 0.16916 
042 080419 2 2022.875 0.10080 
042 080419 2 2079.025 0.10217 
042 080419 2 3413.375 0.09395 
042 080419 2 3418.525 0.13242 
042 080419 2 3434.375 0.14085 
042 080419 3 971.925 0.09887 
042 080419 3 1589.750 0.11820 
042 080419 3 1608.325 0.12760 
042 080419 3 1614.550 0.15415 
042 080419 3 1657.900 0.13214 
042 080419 3 1748.175 0.09401 
042 080419 3 3429.525 0.13959 
042 080419 3 3477.800 0.14091 
042 080419 3 3483.350 0.20319 
042 080419 4 31.000 0.11487 
042 080419 4 34.900 0.11701 
042 080419 4 449.100 0.13574 
042 080419 4 497.975 0.10552 
042 080419 4 534.975 0.09569 
042 080419 4 536.875 0.18451 
042 080419 4 1819.100 0.13672 
042 080419 4 3318.300 0.09754 
042 080419 4 3333.875 0.09820 
042 080419 4 3352.450 0.09519 
042 080419 5 919.600 0.10539 
042 080419 5 2869.125 0.15546 
042 080419 6 1160.100 0.09758 
042 080419 6 1188.100 0.14661 
042 080419 6 1203.275 0.12025 
042 080419 6 1281.300 0.15295 
042 080419 6 1290.500 0.21115 
042 080419 8 778.175 0.10836 
042 080419 8 830.575 0.14186 
042 080419 8 1139.550 0.10237 
042 080419 9 1876.300 0.09767 
042 080419 9 1935.825 0.14075 
042 080419 9 1941.925 0.23034 
042 080419 9 1975.400 0.09919 
042 080419 9 2056.000 0.09799 
042 080419 9 2068.050 0.14889 
042 080419 10 1282.150 0.11039 
042 080419 10 1310.575 0.16246 
042 080419 11 2517.775 0.09271 
042 080419 11 2534.275 0.18431 
042 080419 11 2536.475 0.12980 
042 080419 11 2565.550 0.14168 
042 080419 11 2576.425 0.13573 
042 080419 11 2604.025 0.18596 
042 080419 11 2619.675 0.09835 
042 080419 11 2653.625 0.13939 
042 080419 11 2667.350 0.09603 
042 080419 11 2699.050 0.30299 
042 080419 11 2851.300 0.11983 
042 080419 11 2949.550 0.09487 
042 080419 11 2956.675 0.12693 
042 080419 11 2965.725 0.14393 
042 080419 11 2969.375 0.15373 
042 080419 12 1511.575 0.09928 
042 080419 12 1757.675 0.10660 
042 080419 12 3304.000 0.18344 
042 080419 12 3418.500 0.15031 
042 080419 14 821.000 0.09535 
042 080419 14 861.775 0.14697 
042 080419 14 1234.550 0.09602 
042 080419 14 1250.100 0.11913 
042 080419 16 1030.075 0.14766 
042 080419 22 2227.525 0.13156 
042 080419 22 2261.025 0.24542 
042 080419 22 2280.925 0.13968 
042 080419 22 2283.800 0.17307 
042 080419 22 2296.600 0.15016 
042 080419 22 2330.100 0.10092 
042 080419 22 2356.125 0.15049 
042 080419 22 2514.425 0.15304 
042 080419 22 2589.800 0.15804 
042 080419 22 2591.050 0.13121 
042 080419 22 2920.700 0.09672 
042 080419 22 2959.825 0.13412 
042 080419 22 3033.325 0.14467 
042 080420 1 2117.450 0.13885 
042 080420 1 2159.600 0.12055 
042 080420 1 2404.150 0.08936 
042 080420 1 2936.300 0.12253 
042 080420 1 3014.925 0.08934 
042 080420 3 3531.825 0.12235 
042 080420 5 2108.950 0.08851 
042 080420 8 2197.400 0.09233 
042 080420 8 2209.600 0.10409 
042 080420 8 2430.000 0.37007 
042 080420 8 2614.150 0.19636 
042 080420 13 392.950 0.14964 
042 080420 13 417.500 0.18709 
042 080420 13 420.725 0.20895 
042 080420 13 425.675 0.21511 
042 080420 13 428.900 0.16033 
042 080420 13 435.550 0.15107 
042 080420 13 437.200 0.12790 
042 080420 13 444.375 0.13663 
042 080420 13 446.200 0.16795 
042 080420 13 457.100 0.10570 
042 080420 13 493.000 0.09321 
042 080420 13 495.200 0.09404 
042 080420 13 530.825 0.30089 
042 080420 13 563.875 0.29156 
042 080420 13 567.175 0.10228 
042 080420 13 583.475 0.12188 
042 080420 13 624.700 0.21353 
042 080420 13 629.725 0.09433 
042 080420 13 684.475 0.15573 
042 080420 13 687.350 0.20703 
042 080420 13 757.375 0.12246 
042 080420 13 1046.700 0.12527 
042 080420 13 1048.550 0.11610 
042 080420 13 1052.225 0.16911 
042 080420 13 1059.825 0.10587 
042 080420 13 1136.450 0.11204 
042 080420 13 1397.825 0.09730 
042 080420 13 1461.075 0.11564 
042 080420 13 1465.475 0.13175 
042 080420 13 1466.575 0.10934 
042 080420 13 1469.875 0.11901 
042 080420 13 1516.025 0.08817 
042 080420 13 2047.525 0.12802 
042 080420 13 2404.350 0.14378 
042 080420 13 2417.025 0.09698 
042 080420 13 2453.850 0.11440 
042 080420 13 2484.400 0.11089 
042 080420 13 2487.600 0.10998 
042 080420 13 2498.100 0.14119 
042 080420 13 2531.325 0.15983 
042 080421 5 1580.475 0.12577 
042 080421 5 1880.675 0.12871 
042 080421 5 2211.700 0.10340 
042 080421 5 2222.600 0.09344 
042 080421 5 2237.325 0.11741 
042 080421 5 2297.225 0.09379 
042 080421 5 2314.650 0.09027 
042 080421 5 2328.600 0.13659 
042 080421 5 2333.075 0.13916 
042 080421 5 2353.100 0.11162 
042 080421 5 2389.975 0.10891 
042 080421 5 2428.825 0.18619 
042 080421 5 2505.950 0.13227 
042 080421 5 2515.900 0.12759 
042 080421 5 2552.175 0.10725 
042 080421 5 2722.375 0.14558 
042 080421 5 2737.750 0.10509 
042 080421 5 2746.000 0.10101 
042 080421 5 2754.500 0.21570 
042 080421 5 2762.325 0.13216 
042 080421 5 2778.600 0.11006 
042 080421 5 2824.600 0.13846 
042 080421 5 3226.750 0.08631 
042 080421 5 3416.950 0.08781 
042 080421 5 3440.025 0.13821 
042 080421 5 3453.650 0.13185 
042 080421 5 3458.725 0.09957 
042 080421 5 3460.600 0.13298 
042 080421 5 3523.425 0.13138 
042 080421 5 3528.700 0.08693 
042 080421 5 3533.725 0.17409 
042 080421 7 1382.025 0.11359 
042 080421 7 1995.725 0.09397 
042 080422 9 11.875 0.09733 
042 080422 9 3238.500 0.09418 
042 080422 11 1628.375 0.10104 
042 080422 11 1818.025 0.10910 
042 080422 11 1862.700 0.17056 
042 080422 11 2179.000 0.10749 
042 080422 11 2339.425 0.19276 
042 080422 11 2341.475 0.11927 
042 080422 11 2350.675 0.14247 
042 080422 11 2478.850 0.09064 
042 080422 11 2480.675 0.12409 
042 080422 11 2486.275 0.09983 
042 080422 11 2499.700 0.08952 
042 080422 11 2729.900 0.09246 
042 080422 11 2732.000 0.09524 
042 080423 4 507.425 0.09402 
042 080423 7 812.275 0.10394 
042 080423 7 851.800 0.09155 
042 080423 7 1011.975 0.12179 
042 080423 7 1321.525 0.09292 
042 080423 7 1803.950 0.11228 
042 080423 7 1814.350 0.14282 
042 080423 7 1940.000 0.15376 
042 080423 7 2434.050 0.12350 
042 080423 8 951.550 0.10643 
042 080423 8 953.525 0.12280 
042 080423 8 958.925 0.09922 
042 080423 8 986.825 0.08964 
042 080423 8 988.375 0.23829 
042 080423 8 1153.400 0.08965 
042 080423 8 1192.175 0.11650 
042 080423 8 3076.100 0.10859 
042 080423 8 3088.625 0.12998 
042 080423 8 3091.375 0.18828 
042 080423 8 3095.175 0.15420 
042 080423 8 3105.925 0.19805 
042 080423 8 3111.900 0.15791 
042 080424 6 1399.775 0.14394 
042 080424 8 632.025 0.11416 
042 080424 12 1298.600 0.11057 
042 080424 14 2284.925 0.13766 
042 080427 13 2058.525 0.08452 
042 080429 3 2300.950 0.07764 
042 080429 6 2224.625 0.08206 
042 080430 4 229.000 0.08768 
042 080430 5 1098.900 0.08148 
042 080430 11 3331.225 0.08936 
042 080430 18 2937.875 0.08298 
042 080430 18 3419.225 0.08056 
042 080430 18 3434.825 0.12079 
042 080430 18 3438.125 0.15781 
