KSXB ME01 YBH  ME03 ME02 KRMB ME04 ME29  
Threshhold: 8 
027 080425 5 56.150 0.13550 
027 080425 5 1204.550 0.12244 
027 080425 9 2437.325 0.13014 
027 080425 11 730.725 0.12588 
027 080425 11 752.125 0.12811 
027 080425 11 761.250 0.14246 
027 080425 11 1264.950 0.19113 
027 080425 11 1342.925 0.13015 
027 080425 11 1489.400 0.14693 
027 080425 11 1517.600 0.13144 
027 080425 11 1599.875 0.11278 
027 080425 11 1687.800 0.12992 
027 080425 11 2755.150 0.13469 
027 080425 11 2773.325 0.11873 
027 080425 11 3492.075 0.17672 
027 080425 11 3495.000 0.17645 
027 080425 12 427.425 0.12764 
027 080425 12 535.200 0.11019 
027 080425 12 778.450 0.11182 
027 080425 12 2369.875 0.12133 
027 080425 12 3103.400 0.15037 
027 080425 12 3127.000 0.11359 
027 080425 12 3129.525 0.14235 
027 080425 12 3177.300 0.16407 
027 080425 12 3212.575 0.13561 
027 080425 12 3293.200 0.13672 
027 080425 13 743.425 0.12703 
027 080425 13 2369.275 0.11086 
027 080425 14 1149.550 0.13417 
027 080425 14 1209.100 0.14001 
027 080425 14 1383.950 0.15194 
027 080425 14 1394.900 0.13400 
027 080425 14 1397.400 0.19123 
027 080425 14 1424.275 0.11701 
027 080425 14 1433.975 0.12861 
027 080425 14 1475.700 0.17716 
027 080425 14 1486.225 0.10922 
027 080425 14 1496.025 0.15512 
027 080425 14 1499.425 0.11579 
027 080425 14 1515.225 0.13536 
027 080425 14 1545.800 0.11124 
027 080425 14 1619.825 0.16331 
027 080425 14 1635.500 0.15489 
027 080425 14 1639.125 0.16341 
027 080425 14 1740.525 0.11723 
027 080425 14 1949.525 0.12655 
027 080425 14 2192.100 0.11489 
027 080425 14 3052.150 0.13043 
027 080425 14 3095.825 0.15621 
027 080425 15 226.925 0.12432 
027 080425 15 237.775 0.14483 
027 080425 15 282.050 0.13591 
027 080425 15 641.125 0.16008 
027 080425 15 1190.575 0.15040 
027 080425 15 1208.800 0.16976 
027 080425 15 1224.750 0.17598 
027 080425 15 1235.875 0.17556 
027 080425 15 1241.675 0.14094 
027 080425 15 1243.275 0.14882 
027 080425 15 1246.900 0.14509 
027 080425 15 1253.875 0.13257 
027 080425 15 1262.350 0.14075 
027 080425 15 1268.575 0.13329 
027 080425 15 1389.150 0.17955 
027 080425 15 1419.875 0.11304 
027 080425 16 79.000 0.12507 
027 080425 16 240.200 0.14208 
027 080425 16 255.125 0.18370 
027 080425 16 283.425 0.16490 
027 080425 16 317.050 0.14697 
027 080425 16 895.750 0.13753 
027 080425 16 956.500 0.26806 
027 080425 16 987.500 0.14853 
027 080425 16 990.650 0.15117 
027 080425 16 1021.000 0.12900 
027 080425 16 1082.300 0.12046 
027 080425 16 1097.575 0.13700 
027 080425 16 1120.500 0.16857 
027 080425 16 1141.950 0.19148 
027 080425 16 1217.550 0.13733 
027 080425 17 2631.975 0.11896 
027 080425 17 2750.925 0.11350 
027 080425 17 2760.150 0.13436 
027 080425 17 2776.675 0.16877 
027 080425 17 2783.125 0.17352 
027 080425 17 2789.825 0.19003 
027 080425 17 2971.150 0.17880 
027 080425 17 3214.850 0.11394 
027 080425 18 988.350 0.17471 
027 080425 18 1313.675 0.13874 
027 080425 24 1465.025 0.11676 
027 080425 24 1534.400 0.13747 
027 080425 24 2094.775 0.14039 
027 080425 24 2136.625 0.11172 
027 080425 24 2238.850 0.12893 
027 080426 4 459.850 0.15341 
027 080426 4 477.075 0.17005 
027 080426 4 600.700 0.18022 
027 080426 4 627.300 0.14687 
027 080426 4 700.350 0.19162 
027 080426 4 719.875 0.13179 
027 080426 4 724.975 0.15886 
027 080426 4 731.800 0.19138 
027 080426 4 1043.625 0.15227 
027 080426 4 1095.975 0.14000 
027 080426 4 1413.025 0.20775 
027 080426 5 376.800 0.17171 
027 080426 5 385.625 0.15351 
027 080426 5 388.475 0.16249 
027 080426 5 424.675 0.13683 
027 080426 5 465.825 0.11726 
027 080426 5 1797.650 0.11787 
027 080426 5 2888.725 0.11346 
027 080426 5 2994.525 0.20397 
027 080426 5 3003.950 0.11334 
027 080426 5 3032.750 0.17837 
027 080426 5 3041.475 0.21060 
027 080426 5 3057.225 0.24195 
027 080426 5 3067.875 0.17960 
027 080426 5 3083.550 0.18048 
027 080426 5 3085.750 0.13567 
027 080426 5 3089.875 0.13805 
027 080426 5 3107.550 0.17564 
027 080426 5 3115.225 0.13869 
027 080426 5 3119.000 0.13447 
027 080426 5 3164.250 0.11738 
027 080426 5 3173.050 0.11420 
027 080426 5 3191.125 0.13321 
027 080426 5 3197.300 0.19687 
027 080426 5 3199.325 0.15581 
027 080426 5 3252.825 0.12621 
027 080426 5 3254.900 0.15985 
027 080426 5 3279.275 0.12434 
027 080426 5 3358.775 0.14723 
027 080426 6 1470.425 0.17660 
027 080426 6 1548.800 0.13963 
027 080426 6 1550.000 0.28450 
027 080426 6 1574.025 0.12199 
027 080426 6 1674.050 0.15055 
027 080426 7 1512.025 0.12144 
027 080426 7 1530.825 0.12881 
027 080426 7 1544.600 0.11342 
027 080426 7 1556.300 0.13848 
027 080426 7 1570.925 0.11686 
027 080426 7 1598.100 0.16483 
027 080426 7 1604.400 0.13251 
027 080426 7 1619.975 0.16808 
027 080426 7 1634.625 0.12773 
027 080426 7 1645.450 0.27995 
027 080426 7 1655.150 0.12593 
027 080426 7 1689.725 0.15291 
027 080426 7 1705.175 0.16312 
027 080426 7 1707.075 0.14788 
027 080426 7 1710.375 0.13953 
027 080426 7 2182.600 0.11406 
027 080426 7 2229.875 0.12904 
027 080426 7 2299.125 0.13532 
027 080426 7 3470.600 0.12563 
027 080426 8  7.900 0.13158 
027 080426 8 276.375 0.14713 
027 080426 8 3197.825 0.17769 
027 080426 8 3212.075 0.17669 
027 080426 8 3230.175 0.12863 
027 080426 8 3249.900 0.11530 
027 080426 8 3251.100 0.25230 
027 080426 8 3252.325 0.22433 
027 080426 8 3272.800 0.14478 
027 080426 8 3275.975 0.12937 
027 080426 8 3310.475 0.11963 
027 080426 8 3334.425 0.18581 
027 080426 8 3336.425 0.12984 
027 080426 8 3367.275 0.13173 
027 080426 8 3369.275 0.13850 
027 080426 8 3444.050 0.24983 
027 080426 8 3472.375 0.12049 
027 080426 8 3524.025 0.16948 
027 080426 9 256.850 0.15179 
027 080426 9 357.775 0.14339 
027 080426 9 359.100 0.13529 
027 080426 9 413.050 0.18778 
027 080426 9 524.450 0.18694 
027 080426 9 790.350 0.17899 
027 080426 9 796.775 0.26256 
027 080426 9 799.325 0.17202 
027 080426 9 864.025 0.12707 
027 080426 9 866.000 0.13604 
027 080426 10 2021.825 0.12800 
027 080426 11 2386.100 0.13399 
027 080426 11 2524.750 0.12515 
027 080426 11 2559.575 0.14711 
027 080426 11 2593.900 0.16203 
027 080426 11 2604.300 0.13387 
027 080426 11 2621.150 0.14400 
027 080426 11 2662.700 0.14490 
027 080426 11 2686.250 0.14687 
027 080426 11 2690.200 0.27358 
027 080426 11 2727.675 0.19711 
027 080426 11 2735.475 0.17123 
027 080426 11 2746.925 0.13832 
027 080426 11 2771.975 0.12075 
027 080426 11 2798.350 0.16605 
027 080426 11 2808.700 0.16168 
027 080426 11 2825.850 0.12639 
027 080426 11 2828.800 0.22688 
027 080426 11 2835.025 0.15296 
027 080426 13 43.725 0.14046 
027 080426 13 65.475 0.12150 
027 080426 13 163.700 0.13432 
027 080426 13 191.375 0.15523 
027 080426 13 1310.400 0.11762 
027 080426 14 1200.375 0.11890 
027 080426 15 2536.475 0.12590 
027 080426 15 2547.925 0.16515 
027 080426 15 2560.900 0.17151 
027 080426 15 2574.175 0.11318 
027 080426 15 2588.200 0.18072 
027 080426 15 2594.250 0.15598 
027 080426 15 2608.425 0.24308 
027 080426 15 2617.925 0.17929 
027 080426 15 2707.950 0.13605 
027 080426 15 2942.600 0.15730 
027 080426 15 2982.050 0.13351 
027 080426 15 2985.475 0.11582 
027 080426 15 3305.775 0.11337 
027 080426 15 3572.975 0.12016 
027 080426 16 52.750 0.13971 
027 080426 16 55.300 0.18410 
027 080426 16 57.800 0.15724 
027 080426 16 61.950 0.11748 
027 080426 16 124.450 0.16367 
027 080426 16 1422.650 0.11486 
027 080426 16 1493.575 0.15061 
027 080426 16 1514.050 0.12757 
027 080426 16 3407.850 0.13544 
027 080426 17 888.900 0.11762 
027 080426 17 993.850 0.12941 
027 080426 17 1143.300 0.12754 
027 080426 17 1225.225 0.13848 
027 080426 17 1460.975 0.12873 
027 080426 17 1718.125 0.11848 
027 080426 17 2299.200 0.17690 
027 080426 17 2350.025 0.14787 
027 080426 18 569.425 0.13736 
027 080426 18 570.725 0.14466 
027 080426 18 573.900 0.11490 
027 080426 18 577.550 0.15581 
027 080426 20 1806.575 0.11576 
027 080427 1 3236.425 0.13349 
027 080427 3 3262.925 0.09708 
027 080427 5 803.675 0.12101 
027 080427 6 1920.675 0.11679 
027 080427 6 2225.875 0.10234 
027 080427 13 1934.550 0.09722 
027 080427 13 2088.125 0.11413 
027 080427 13 2951.500 0.13584 
027 080427 14 53.575 0.10106 
027 080427 14 390.875 0.13032 
027 080427 14 660.700 0.11986 
027 080427 14 2047.200 0.11605 
027 080427 14 2181.525 0.09737 
027 080427 14 2257.325 0.11585 
027 080427 14 2267.300 0.09821 
027 080427 14 2413.000 0.10246 
027 080427 14 2831.700 0.11644 
027 080427 14 2970.975 0.10028 
027 080427 14 3053.200 0.12999 
027 080427 14 3168.625 0.09834 
027 080427 14 3320.875 0.10541 
027 080427 14 3353.525 0.09846 
027 080427 14 3412.350 0.17621 
027 080427 14 3417.750 0.12734 
027 080427 14 3467.050 0.11658 
027 080427 14 3558.250 0.12352 
027 080427 14 3566.000 0.12441 
027 080427 14 3573.525 0.16468 
027 080427 14 3599.825 0.11227 
027 080427 15 61.625 0.14055 
027 080427 15 99.700 0.25751 
027 080427 15 113.150 0.13288 
027 080427 15 114.475 0.14643 
027 080427 15 184.200 0.09859 
027 080427 15 451.575 0.11996 
027 080427 15 455.350 0.11353 
027 080427 15 473.300 0.10171 
027 080427 15 476.850 0.11919 
027 080427 15 487.825 0.30655 
027 080427 15 507.625 0.12060 
027 080427 17 456.600 0.11424 
027 080427 20 2629.500 0.09746 
027 080427 20 2818.250 0.11885 
027 080428 7 1409.325 0.09575 
027 080428 8 2594.475 0.09172 
027 080428 8 2695.325 0.10162 
027 080428 8 2945.000 0.12022 
027 080428 8 2948.850 0.09218 
027 080428 8 3264.625 0.10266 
027 080428 8 3274.400 0.09171 
027 080428 8 3375.300 0.12009 
027 080428 8 3407.775 0.11161 
027 080428 9 239.900 0.09296 
027 080428 9 254.475 0.12339 
027 080428 9 256.925 0.10699 
027 080428 9 527.275 0.11407 
027 080428 9 609.850 0.09671 
027 080428 9 1253.875 0.09166 
027 080429 9  4.675 0.11173 
027 080429 9 154.225 0.10574 
027 080429 9 619.125 0.12091 
027 080429 10 2730.850 0.12060 
027 080429 11 1466.325 0.14546 
027 080429 15 448.950 0.10882 
027 080429 15 3015.750 0.11124 
027 080429 15 3487.050 0.13836 
027 080429 17 1951.250 0.11395 
027 080429 17 2391.225 0.18609 
027 080429 17 2401.400 0.24512 
027 080429 17 2421.900 0.13547 
027 080429 17 2533.325 0.13025 
027 080429 17 2562.200 0.13724 
027 080429 17 2651.150 0.10248 
027 080429 17 2663.800 0.16302 
027 080429 17 2742.400 0.17461 
027 080429 17 2749.000 0.11966 
027 080429 17 2765.525 0.14352 
027 080429 17 2927.200 0.12053 
027 080429 17 2952.800 0.17373 
027 080429 17 2958.675 0.13898 
027 080429 17 3092.200 0.12065 
027 080429 17 3186.000 0.12683 
027 080429 17 3263.625 0.12368 
027 080429 17 3379.475 0.13100 
027 080429 17 3469.975 0.10740 
027 080429 17 3574.625 0.11726 
027 080429 18 721.125 0.17876 
027 080429 18 934.725 0.11468 
027 080429 18 950.925 0.11979 
027 080429 18 963.550 0.13763 
027 080429 18 1011.100 0.30861 
027 080429 18 1030.050 0.16266 
027 080429 18 1054.525 0.12771 
027 080429 18 1057.475 0.13672 
027 080429 18 1080.075 0.12230 
027 080429 18 1485.025 0.15737 
027 080429 18 2154.650 0.11538 
027 080429 19 463.525 0.17997 
027 080429 23 2438.350 0.11127 
027 080429 23 2774.775 0.13355 
027 080429 24 1263.375 0.11219 
027 080429 24 1654.475 0.10911 
027 080429 24 2028.925 0.10233 
027 080429 24 2147.600 0.10485 
027 080429 24 2342.950 0.18754 
027 080429 24 2344.300 0.11315 
027 080429 24 2510.575 0.11394 
027 080429 24 2701.175 0.16354 
027 080429 24 2862.300 0.14107 
027 080429 24 2875.275 0.14175 
027 080429 24 2884.475 0.11130 
027 080429 24 2892.225 0.14748 
027 080429 24 2906.575 0.10621 
027 080429 24 2907.825 0.15027 
027 080429 24 2914.150 0.15532 
027 080429 24 3284.150 0.11194 
027 080429 24 3302.525 0.17044 
027 080429 24 3325.375 0.12139 
027 080430 1 60.850 0.11185 
027 080430 1 84.900 0.12775 
027 080430 1 93.850 0.14130 
027 080430 1 2465.875 0.11176 
027 080430 1 2571.200 0.11264 
027 080430 1 2609.125 0.17735 
027 080430 1 2610.350 0.13252 
027 080430 1 2679.075 0.12145 
027 080430 2 3012.000 0.12550 
027 080430 2 3132.500 0.14647 
027 080430 2 3171.475 0.13039 
027 080430 2 3277.375 0.10998 
027 080430 2 3319.000 0.16964 
027 080430 2 3349.375 0.14957 
027 080430 2 3370.700 0.13430 
027 080430 2 3385.950 0.18550 
027 080430 2 3387.950 0.20053 
027 080430 2 3389.225 0.18997 
027 080430 2 3521.300 0.13949 
027 080430 11 1243.075 0.14635 
027 080430 11 1557.475 0.12231 
