ME01 YBH  ME03 ME02 B039 ME04 ME29 ME09  
Threshhold: 8 
048 080427 2 979.925 0.16952 
048 080427 2 1085.500 0.13395 
048 080427 2 1256.300 0.16428 
048 080427 2 1261.075 0.10624 
048 080427 13 3536.500 0.16939 
048 080427 14 396.350 0.17647 
048 080427 14 457.775 0.16402 
048 080427 14 2089.850 0.11672 
048 080427 14 2260.050 0.14019 
048 080427 14 2298.525 0.18209 
048 080427 17 489.050 0.17036 
048 080427 18 1012.700 0.18342 
048 080427 19 1963.625 0.12307 
048 080427 20 2590.600 0.11818 
048 080427 20 3271.875 0.11202 
048 080427 20 3571.125 0.14457 
048 080427 21 618.450 0.13288 
048 080427 21 633.900 0.10744 
048 080427 21 721.925 0.25157 
048 080427 21 875.375 0.14363 
048 080427 21 891.675 0.21062 
048 080427 21 968.875 0.17343 
048 080427 21 1104.825 0.10257 
048 080427 21 1108.925 0.16848 
048 080427 21 2734.675 0.10215 
048 080427 21 2736.250 0.23478 
048 080427 21 2738.050 0.12292 
048 080427 21 2775.550 0.18012 
048 080427 21 2783.200 0.11381 
048 080427 21 2796.300 0.12270 
048 080427 21 2808.000 0.40724 
048 080427 21 2823.575 0.13019 
048 080427 21 2838.775 0.17262 
048 080427 21 2841.050 0.22404 
048 080427 21 2872.100 0.12537 
048 080427 21 3166.500 0.17488 
048 080427 21 3199.750 0.17401 
048 080427 21 3236.800 0.12217 
048 080427 21 3270.600 0.20306 
048 080428 6 2676.725 0.10480 
048 080428 8 1137.600 0.12629 
048 080428 8 1918.475 0.11726 
048 080428 8 2599.525 0.18355 
048 080428 8 2744.400 0.13204 
048 080428 8 3324.275 0.09860 
048 080428 9 131.925 0.12655 
048 080428 9 170.475 0.14571 
048 080428 9 279.050 0.09948 
048 080428 9 304.100 0.13245 
048 080428 9 422.575 0.16521 
048 080428 9 527.825 0.17339 
048 080428 9 547.975 0.17287 
048 080428 9 570.025 0.09995 
048 080428 9 675.450 0.09469 
048 080428 9 931.175 0.09664 
048 080428 9 1717.725 0.13157 
048 080428 9 1729.900 0.12791 
048 080428 9 2737.575 0.16184 
048 080428 12 2916.775 0.10291 
048 080428 13 808.275 0.09890 
048 080429 6 2577.850 0.19007 
048 080429 8 3366.600 0.12465 
048 080429 9 75.550 0.15347 
048 080429 9 156.550 0.14985 
048 080429 9 317.150 0.16710 
048 080429 9 418.025 0.17422 
048 080429 9 1280.600 0.12860 
048 080429 10 452.875 0.11949 
048 080429 11 1588.175 0.10654 
048 080429 15 111.000 0.20848 
048 080429 15 182.700 0.13441 
048 080429 15 207.375 0.12888 
048 080429 15 269.425 0.24614 
048 080429 15 414.850 0.16702 
048 080429 15 448.675 0.18513 
048 080429 15 506.150 0.17443 
048 080429 15 570.875 0.11349 
048 080429 15 584.850 0.15133 
048 080429 15 600.525 0.20124 
048 080429 15 635.700 0.13668 
048 080429 15 658.375 0.20661 
048 080429 15 838.150 0.24427 
048 080429 15 864.000 0.11682 
048 080429 15 1121.825 0.17179 
048 080429 15 2083.300 0.12308 
048 080429 15 2103.125 0.12969 
048 080429 15 2120.525 0.13582 
048 080429 15 2132.875 0.20229 
048 080429 15 2156.125 0.19568 
048 080429 15 2391.800 0.16317 
048 080429 15 2418.075 0.11156 
048 080429 15 2637.075 0.17299 
048 080429 16 2189.725 0.16024 
048 080429 17 2297.675 0.12803 
048 080429 17 2467.575 0.17352 
048 080429 23 2136.575 0.11241 
048 080429 23 3135.775 0.11697 
048 080429 23 3398.700 0.14849 
048 080429 23 3496.800 0.17245 
048 080429 24 328.050 0.18517 
048 080429 24 469.400 0.16729 
048 080429 24 495.325 0.13751 
048 080429 24 741.050 0.18775 
048 080429 24 840.350 0.15343 
048 080429 24 1163.500 0.10753 
048 080429 24 1420.100 0.16267 
048 080429 24 1425.950 0.12884 
048 080429 24 1493.125 0.10578 
048 080429 24 1500.050 0.11742 
048 080429 24 1511.850 0.22690 
048 080429 24 3523.925 0.13581 
048 080430 5 2562.750 0.15649 
048 080430 9 587.450 0.12045 
048 080430 10 3076.350 0.11710 
048 080430 11 161.350 0.17687 
048 080430 11 207.000 0.14676 
048 080430 11 284.850 0.13636 
048 080430 11 322.525 0.11508 
048 080430 11 333.150 0.15365 
048 080430 11 442.475 0.12503 
048 080430 11 452.250 0.16845 
048 080430 11 530.050 0.14375 
048 080430 11 595.075 0.20576 
048 080430 15 1083.675 0.11293 
