ME01 YBH  ME02 ME04 ME29 ME09 ME10 ME30 ME13 KHBB WDC  ME27 ME24 ME28 ME08 ME26 ME12  
Threshhold: 8 
003 080412 8 1561.700 0.09997 
003 080412 8 2147.600 0.10589 
003 080412 11 3195.000 0.09035 
003 080413 1 3055.175 0.09289 
003 080413 2 405.725 0.11600 
003 080413 2 414.000 0.13679 
003 080413 2 415.250 0.12432 
003 080413 2 432.225 0.16886 
003 080413 2 461.450 0.18207 
003 080413 2 705.075 0.13237 
003 080413 2 715.700 0.12448 
003 080413 2 720.100 0.13296 
003 080413 2 1733.775 0.22213 
003 080413 10 2815.500 0.13692 
003 080413 12 2261.650 0.13562 
003 080413 12 2263.000 0.13365 
003 080413 12 2407.650 0.16196 
003 080413 12 2414.950 0.29863 
003 080413 12 2421.425 0.15206 
003 080413 12 2626.200 0.10022 
003 080413 12 2628.850 0.25864 
003 080413 12 2636.050 0.12966 
003 080413 12 2641.875 0.17456 
003 080413 13 420.575 0.10421 
003 080413 13 667.900 0.13886 
003 080413 14 630.150 0.17436 
003 080413 15 259.250 0.12189 
003 080413 15 266.425 0.13808 
003 080413 15 272.225 0.18443 
003 080413 15 281.075 0.10421 
003 080413 15 312.200 0.12139 
003 080413 15 317.875 0.13940 
003 080413 16 585.000 0.15067 
003 080413 16 693.525 0.12418 
003 080413 16 703.000 0.11812 
003 080413 16 711.575 0.09226 
003 080413 18 361.525 0.10282 
003 080413 18 1036.975 0.17437 
003 080413 18 1050.175 0.12921 
003 080413 18 1082.550 0.17283 
003 080413 18 1096.925 0.15369 
003 080413 18 2031.375 0.14020 
003 080413 18 2041.950 0.10375 
003 080413 18 2099.600 0.13812 
003 080413 20 1014.450 0.12117 
003 080413 20 1075.975 0.13332 
003 080413 20 1138.100 0.12914 
003 080413 20 1155.675 0.23647 
003 080413 20 1158.075 0.10254 
003 080413 20 1178.375 0.11459 
003 080413 20 1194.400 0.11116 
003 080413 20 1249.350 0.15408 
003 080413 20 2817.650 0.15084 
003 080413 22 696.675 0.12205 
003 080413 22 698.575 0.11641 
003 080413 22 727.050 0.12599 
003 080413 22 730.575 0.15479 
003 080413 22 734.175 0.13318 
003 080414 3 81.875 0.19125 
003 080414 3 234.675 0.11125 
003 080414 3 258.275 0.14677 
003 080414 3 344.600 0.11472 
003 080414 3 352.950 0.09403 
003 080414 3 356.025 0.10948 
003 080414 3 373.025 0.17385 
003 080414 3 380.150 0.18999 
003 080414 3 383.625 0.15410 
003 080414 3 385.625 0.13453 
003 080414 3 880.175 0.11108 
003 080414 5 1288.825 0.12938 
003 080414 6 3288.125 0.12368 
003 080414 7 2187.900 0.09107 
003 080414 7 2723.525 0.14543 
003 080414 7 2973.575 0.10878 
003 080414 7 2976.450 0.13256 
003 080414 7 2996.325 0.11055 
003 080414 7 2999.175 0.11438 
003 080414 7 3003.575 0.13596 
003 080414 7 3007.775 0.26179 
003 080414 7 3010.500 0.15789 
003 080414 7 3013.775 0.11070 
003 080414 8 504.825 0.11953 
003 080414 16 2520.125 0.13082 
003 080414 17 3595.175 0.14101 
003 080414 18 60.325 0.24263 
003 080414 18 64.125 0.09467 
003 080414 18 82.025 0.12750 
003 080414 18 90.025 0.31763 
003 080414 18 92.525 0.14154 
