ME01 YBH  ME02 ME04 ME29 ME09 ME10 ME30 ME13 WDC  ME27  
Threshhold: 8 
058 080421 16 3291.225 0.11212 
058 080421 16 3418.700 0.12088 
058 080421 16 3463.950 0.11391 
058 080421 24 1600.300 0.11460 
058 080422 2 249.225 0.12263 
058 080422 9 3068.875 0.12235 
058 080422 10 2468.425 0.22940 
058 080422 10 2477.125 0.14252 
058 080422 10 2479.000 0.16414 
058 080422 10 2533.925 0.23994 
058 080422 10 2537.450 0.19692 
058 080422 10 3562.025 0.12052 
058 080422 11 64.400 0.20155 
058 080422 11 105.375 0.12643 
058 080422 11 121.650 0.15529 
058 080422 11 124.300 0.22214 
058 080422 11 493.275 0.24312 
058 080422 11 784.825 0.23218 
058 080422 11 789.375 0.13484 
058 080422 11 811.525 0.13013 
058 080422 11 845.700 0.19227 
058 080422 11 1057.175 0.12002 
058 080422 11 1067.975 0.12514 
058 080422 11 1070.800 0.18860 
058 080422 11 1108.125 0.12406 
058 080422 11 1147.625 0.17822 
058 080422 12 424.200 0.12279 
058 080422 12 429.350 0.23328 
058 080422 12 433.950 0.19767 
058 080422 12 512.175 0.13391 
058 080422 12 1733.625 0.17246 
058 080422 12 1822.600 0.12710 
058 080422 12 1843.450 0.17143 
058 080422 12 1867.500 0.13698 
058 080422 12 1869.300 0.28279 
058 080422 12 1886.200 0.16235 
058 080422 12 1906.250 0.16033 
058 080422 12 1915.450 0.33838 
058 080422 13 837.550 0.13015 
058 080422 13 2453.450 0.17632 
058 080422 13 2494.475 0.14731 
058 080422 13 2509.450 0.16382 
058 080422 13 2535.625 0.12432 
058 080422 13 2538.175 0.16658 
058 080422 13 2560.375 0.19799 
058 080422 13 2569.750 0.14262 
058 080422 13 2601.975 0.23116 
058 080422 13 2624.850 0.16222 
058 080422 13 2670.625 0.16500 
058 080422 15 1377.375 0.14561 
058 080422 15 1490.000 0.16186 
058 080422 15 1721.025 0.18068 
058 080422 15 1803.325 0.12530 
058 080422 15 2078.350 0.17015 
058 080422 15 2096.600 0.21566 
058 080422 15 2170.475 0.18651 
058 080422 15 2337.425 0.18221 
058 080422 15 2363.725 0.14699 
058 080422 15 2460.175 0.13487 
058 080422 15 2514.750 0.18222 
058 080422 15 3193.175 0.17182 
058 080422 23 2010.300 0.13678 
058 080422 23 2081.250 0.19727 
058 080422 23 2159.975 0.13714 
058 080422 23 2165.850 0.16247 
058 080422 23 2183.025 0.16121 
058 080422 23 2282.950 0.17987 
058 080422 23 2906.900 0.19585 
058 080422 23 3090.400 0.13622 
058 080422 23 3153.475 0.18687 
058 080422 23 3592.750 0.17997 
058 080422 24  1.450 0.14666 
058 080422 24 10.250 0.16034 
058 080422 24 825.175 0.14601 
058 080422 24 833.375 0.21559 
058 080422 24 848.800 0.22661 
058 080422 24 967.450 0.15649 
058 080422 24 1013.050 0.16988 
058 080422 24 1016.300 0.12105 
058 080422 24 2696.600 0.15110 
058 080423 4 2389.375 0.20705 
058 080423 4 2439.575 0.15728 
058 080423 4 2560.350 0.12042 
058 080423 4 2589.650 0.21147 
058 080423 4 2687.050 0.16321 
058 080423 4 3050.025 0.18455 
058 080423 4 3053.900 0.20095 
058 080423 4 3079.375 0.11891 
058 080423 12 3436.600 0.17963 
058 080423 12 3438.475 0.14155 
058 080423 12 3506.125 0.12899 
058 080423 12 3522.300 0.21371 
058 080423 13 192.750 0.16459 
058 080423 13 197.050 0.16090 
058 080423 13 198.800 0.17359 
058 080424 2 2847.350 0.11293 
058 080424 4 2408.650 0.14131 
058 080424 4 2537.650 0.12867 
058 080424 4 3347.950 0.15859 
058 080424 4 3367.325 0.11552 
058 080424 4 3370.175 0.11417 
058 080424 4 3371.925 0.19825 
058 080424 4 3387.525 0.13322 
058 080424 4 3390.000 0.26894 
058 080424 5 352.825 0.13275 
058 080424 5 808.825 0.16156 
058 080424 5 1966.150 0.11229 
058 080424 5 2131.575 0.14956 
058 080424 5 2159.550 0.15973 
058 080424 5 2214.400 0.18212 
058 080424 5 2272.575 0.12055 
058 080424 23 3429.625 0.11109 
058 080425 5 273.300 0.10138 
058 080425 13 2617.625 0.10543 
