ME04 ME29 ME09 ME10 ME30 ME13 KHBB WDC  ME27 ME24 ME08 YBH  ME28 ME02 ME12  
Threshhold: 8 
058 080412 9 3597.775 0.11481 
058 080412 10 1803.325 0.19159 
058 080412 11 1016.150 0.14522 
058 080412 11 2495.475 0.10296 
058 080412 11 2538.875 0.10143 
058 080412 11 2680.900 0.09611 
058 080412 11 3298.250 0.12584 
058 080412 13 693.775 0.16261 
058 080412 13 726.825 0.11277 
058 080412 13 1909.050 0.19113 
058 080412 13 1914.600 0.13898 
058 080412 13 1916.150 0.11328 
058 080412 16 2389.875 0.11444 
058 080412 16 2418.600 0.14189 
058 080412 16 2425.350 0.14864 
058 080412 16 2451.875 0.12294 
058 080412 16 2455.500 0.21184 
058 080412 16 2457.950 0.10023 
058 080412 16 2965.850 0.12625 
058 080412 19 1580.725 0.15699 
058 080412 19 1640.575 0.23517 
058 080412 19 1657.225 0.09407 
058 080412 19 1664.650 0.14627 
058 080412 19 1742.250 0.10326 
058 080412 19 1995.625 0.09447 
058 080412 19 2708.050 0.15661 
058 080412 19 2725.975 0.14108 
058 080412 19 2749.525 0.13205 
058 080412 19 2816.425 0.14265 
058 080412 19 2869.925 0.15905 
058 080412 19 2872.375 0.27031 
058 080413 1 513.375 0.15412 
058 080413 1 523.925 0.12239 
058 080413 1 535.975 0.11002 
058 080413 1 544.875 0.14774 
058 080413 1 587.525 0.09978 
058 080413 5 3117.425 0.10060 
058 080413 5 3207.900 0.14554 
058 080413 5 3294.850 0.26769 
058 080413 5 3299.050 0.10075 
058 080413 5 3419.575 0.14662 
058 080413 5 3421.225 0.10939 
058 080413 5 3427.075 0.25757 
058 080413 5 3431.325 0.19793 
058 080413 6 107.100 0.10837 
058 080413 6 134.175 0.14373 
058 080413 6 152.250 0.11961 
058 080413 6 748.675 0.12148 
058 080413 6 772.375 0.12921 
058 080413 6 801.600 0.18298 
058 080413 6 803.750 0.16282 
058 080413 6 816.975 0.09734 
058 080413 6 971.250 0.11433 
058 080413 6 974.750 0.12772 
058 080413 6 975.950 0.09805 
058 080413 6 1659.200 0.15824 
058 080413 6 1684.675 0.14597 
058 080413 6 1788.375 0.13467 
058 080413 6 1814.450 0.13924 
058 080413 6 1837.700 0.14901 
058 080413 8 3548.575 0.16488 
058 080413 9 355.925 0.17370 
058 080413 9 377.050 0.15321 
058 080413 9 390.850 0.21209 
058 080413 9 422.000 0.24359 
058 080413 9 485.975 0.09811 
058 080413 9 492.775 0.23809 
058 080413 9 494.450 0.15142 
058 080413 9 664.300 0.09603 
058 080413 9 681.750 0.14482 
058 080413 9 682.950 0.13393 
058 080413 9 2995.250 0.14038 
058 080413 9 3032.900 0.12135 
058 080413 9 3050.650 0.15202 
058 080413 9 3104.125 0.09832 
058 080413 9 3107.850 0.09661 
058 080413 9 3113.500 0.09899 
058 080413 9 3150.000 0.15353 
058 080413 9 3181.075 0.10064 
058 080413 11 1635.925 0.14080 
058 080413 11 1640.350 0.14235 
058 080413 12 3539.525 0.09961 
058 080413 13 307.425 0.12187 
058 080413 13 323.550 0.20624 
058 080413 13 327.700 0.12022 
058 080413 13 358.700 0.21070 
058 080413 13 374.725 0.20604 
058 080413 13 443.425 0.09784 
058 080413 13 552.375 0.11982 
058 080413 13 686.200 0.11609 
058 080413 15 1537.225 0.12920 
058 080413 15 1558.975 0.11581 
058 080413 15 1595.850 0.19134 
058 080413 15 1602.625 0.10030 
058 080413 15 1628.825 0.24351 
058 080413 15 1663.250 0.12679 
058 080413 15 1746.250 0.13836 
058 080413 15 1750.050 0.13350 
058 080413 15 1751.650 0.10090 
058 080413 17 3366.050 0.12074 
058 080413 17 3371.525 0.22063 
058 080413 17 3416.625 0.10070 
058 080413 17 3443.150 0.16741 
058 080413 18 245.625 0.15303 
058 080413 18 253.475 0.10565 
058 080413 18 273.850 0.15145 
058 080413 18 275.600 0.10452 
058 080413 20 3573.925 0.12490 
058 080413 21  4.900 0.11489 
058 080413 23 3250.025 0.11543 
058 080413 23 3266.850 0.09996 
058 080413 23 3289.000 0.31070 
058 080413 23 3314.950 0.10919 
058 080413 23 3353.400 0.23831 
058 080413 23 3359.600 0.14964 
058 080413 24 748.925 0.12801 
058 080414 2 2571.450 0.10426 
058 080414 9 567.875 0.11841 
058 080414 9 765.750 0.09419 
058 080414 9 801.250 0.33787 
058 080414 9 1229.550 0.18808 
058 080414 9 1734.625 0.10773 
058 080414 10 3176.250 0.12833 
058 080414 10 3178.475 0.10546 
058 080414 10 3191.525 0.10299 
058 080414 10 3193.600 0.21821 
058 080414 10 3211.475 0.10009 
058 080414 10 3300.325 0.11814 
058 080414 10 3302.550 0.13980 
058 080414 10 3304.250 0.32454 
058 080414 10 3350.400 0.09495 
058 080414 10 3360.025 0.15314 
058 080414 10 3391.900 0.13138 
058 080414 10 3402.400 0.13123 
058 080414 10 3404.250 0.14560 
058 080414 10 3405.875 0.17068 
058 080414 10 3410.000 0.22144 
058 080414 10 3455.025 0.09372 
058 080414 10 3496.550 0.17612 
058 080414 10 3499.100 0.13065 
058 080414 10 3504.800 0.14423 
058 080414 10 3511.175 0.13153 
058 080414 10 3516.000 0.15279 
058 080414 10 3537.725 0.12661 
058 080414 11 204.500 0.18688 
058 080414 11 2345.600 0.17078 
058 080414 11 2348.150 0.13891 
058 080414 11 2414.700 0.25850 
058 080414 11 2470.400 0.17098 
058 080414 11 2555.850 0.09498 
058 080414 11 2562.675 0.20203 
058 080415 10 2063.475 0.16058 
058 080415 15 1380.275 0.10104 
058 080415 15 3198.850 0.12638 
058 080415 15 3219.525 0.35156 
058 080415 15 3223.075 0.09837 
058 080415 15 3237.450 0.17517 
058 080415 15 3268.350 0.11681 
