ME09 ME13 KHBB WDC  ME16 ME27 ME24 ME28 ME08 ME26 ME12  
Threshhold: 8 
035 080407 21 579.475 0.16544 
035 080407 22 583.050 0.12266 
035 080407 22 595.950 0.12770 
035 080407 22 628.900 0.16717 
035 080407 22 708.450 0.21293 
035 080407 22 843.175 0.12180 
035 080407 22 847.175 0.14800 
035 080407 22 2686.525 0.16873 
035 080408 1 1378.000 0.11825 
035 080408 2 3381.275 0.15060 
035 080408 4 1240.325 0.13085 
035 080408 8 1926.350 0.16226 
035 080408 10 3007.950 0.11858 
035 080408 10 3012.000 0.20563 
035 080408 10 3013.775 0.23229 
035 080408 10 3015.650 0.16112 
035 080408 10 3056.375 0.17216 
035 080408 10 3131.525 0.18289 
035 080408 10 3162.175 0.15922 
035 080408 10 3175.750 0.18147 
035 080408 10 3221.275 0.20921 
035 080408 10 3225.325 0.18867 
035 080408 10 3227.550 0.13363 
035 080408 16 448.875 0.11890 
035 080408 16 533.375 0.16724 
035 080409 3 1870.950 0.13258 
035 080409 3 1969.725 0.16125 
035 080409 3 2044.950 0.17669 
035 080409 3 2049.000 0.35025 
035 080409 3 2053.050 0.21681 
035 080409 3 2241.225 0.21123 
035 080409 3 2246.650 0.34984 
035 080409 8 2006.075 0.14056 
035 080409 15 174.525 0.12114 
035 080410 3 2741.225 0.21946 
035 080410 4 3346.875 0.32619 
035 080410 4 3350.900 0.11407 
035 080410 4 3440.550 0.13334 
035 080410 5 2964.900 0.19539 
035 080410 5 2968.950 0.23514 
035 080410 6 955.100 0.13730 
035 080410 7 2380.750 0.13313 
035 080410 7 2747.775 0.12975 
035 080410 7 3116.500 0.20789 
035 080410 7 3183.375 0.15517 
035 080410 7 3288.600 0.15348 
035 080410 7 3294.450 0.15121 
035 080410 8 18.425 0.14919 
035 080410 8 22.475 0.22115 
035 080410 8 26.100 0.15900 
035 080410 8 1419.800 0.14686 
035 080410 13 1934.100 0.14322 
