KSXB ME01 YBH  ME03 KRMB ME04  
Threshhold: 8 
030 080422 3 1258.325 0.14658 
030 080422 5 1061.975 0.16853 
030 080422 5 1987.775 0.19692 
030 080422 5 2064.625 0.15078 
030 080422 5 2141.700 0.17490 
030 080422 5 2142.825 0.16685 
030 080422 6 29.350 0.19018 
030 080422 8 649.750 0.15149 
030 080422 9 3448.375 0.18725 
030 080422 9 3464.725 0.16579 
030 080422 10 330.275 0.15251 
030 080422 10 702.075 0.15068 
030 080422 10 1976.725 0.18428 
030 080422 10 2402.875 0.15231 
030 080422 10 2404.475 0.19332 
030 080422 10 2412.575 0.20051 
030 080422 10 2414.500 0.19646 
030 080422 10 2423.975 0.15000 
030 080422 10 2458.850 0.20343 
030 080422 10 3523.275 0.20292 
030 080422 10 3538.775 0.15697 
030 080422 11 47.550 0.29545 
030 080422 11 112.025 0.14716 
030 080422 11 115.825 0.23421 
030 080422 11 483.100 0.14819 
030 080422 11 767.350 0.16971 
030 080422 11 800.425 0.14306 
030 080422 11 1023.575 0.22730 
030 080422 11 1024.650 0.14288 
030 080422 11 1039.725 0.17397 
030 080422 11 1047.850 0.16243 
030 080422 11 1098.150 0.22734 
030 080422 11 1154.475 0.16025 
030 080422 11 2186.150 0.15051 
030 080422 11 3312.425 0.17669 
030 080422 12 381.700 0.21925 
030 080422 12 414.750 0.15291 
030 080422 12 425.350 0.24385 
030 080422 12 1687.650 0.14116 
030 080422 12 1785.425 0.18837 
030 080422 12 1810.825 0.23963 
030 080422 12 1821.825 0.16319 
030 080422 12 1833.775 0.14321 
030 080422 12 1859.625 0.21901 
030 080422 12 1870.675 0.18285 
030 080422 12 1872.675 0.15163 
030 080422 12 1895.925 0.21616 
030 080422 12 2682.600 0.16315 
030 080422 12 2781.800 0.15879 
030 080422 13 186.200 0.17818 
030 080422 13 774.050 0.16201 
030 080422 13 780.625 0.24200 
030 080422 13 881.175 0.14257 
030 080422 13 882.300 0.20995 
030 080422 13 906.700 0.15702 
030 080422 13 2431.200 0.18717 
030 080422 13 2499.950 0.14302 
030 080422 13 2510.550 0.20237 
030 080422 13 2529.100 0.20175 
030 080422 13 2542.400 0.18893 
030 080422 13 2560.600 0.19200 
030 080422 13 2562.175 0.16580 
030 080422 13 2575.925 0.14837 
030 080422 13 2584.900 0.14225 
030 080422 13 2592.325 0.33611 
030 080422 13 2616.300 0.14501 
030 080422 13 2646.325 0.14638 
030 080422 13 2647.875 0.14247 
030 080422 13 2658.550 0.18694 
030 080422 13 2661.500 0.31246 
030 080422 13 2705.375 0.21938 
030 080422 14 2946.650 0.17934 
030 080422 15 1519.725 0.17633 
030 080422 15 1558.500 0.15950 
030 080422 15 1642.150 0.17135 
030 080422 15 1692.125 0.27363 
030 080422 15 1706.725 0.24057 
030 080422 15 1728.050 0.14732 
030 080422 15 1809.000 0.39528 
030 080422 15 1833.500 0.14275 
030 080422 15 1850.300 0.15413 
030 080422 15 1851.450 0.14794 
030 080422 15 1877.025 0.22114 
030 080422 15 1879.625 0.24064 
030 080422 15 1893.700 0.19054 
030 080422 15 1903.775 0.16711 
030 080422 15 2045.475 0.29805 
030 080422 15 2065.175 0.25089 
030 080422 15 2073.625 0.22437 
030 080422 15 2075.500 0.14406 
030 080422 15 2076.650 0.25132 
030 080422 15 2086.075 0.14140 
030 080422 15 2105.275 0.16495 
030 080422 15 2113.975 0.20841 
030 080422 15 2287.675 0.21546 
030 080422 15 2327.375 0.32891 
030 080422 15 2346.375 0.19610 
030 080422 15 2353.775 0.15643 
030 080422 15 2410.925 0.16174 
030 080422 15 2429.850 0.15827 
030 080422 15 2433.550 0.19695 
030 080422 15 2452.400 0.16832 
030 080422 15 2458.525 0.25976 
030 080422 15 2460.475 0.20511 
030 080422 15 2479.625 0.17455 
030 080422 15 2480.725 0.15727 
030 080422 15 2482.175 0.16757 
030 080422 15 2502.325 0.14307 
030 080422 16 353.675 0.14232 
030 080422 21 172.400 0.16960 
030 080422 23 1620.225 0.15896 
030 080422 23 1756.250 0.19504 
030 080422 23 1891.175 0.15127 
030 080422 23 1907.200 0.27428 
030 080422 23 1916.600 0.14783 
030 080422 23 1940.850 0.14632 
030 080422 23 2001.350 0.17443 
030 080422 23 2067.600 0.15329 
030 080422 23 2075.950 0.15885 
030 080422 23 2102.350 0.14335 
030 080422 23 2154.600 0.25785 
030 080422 23 2273.150 0.26124 
030 080422 23 3088.850 0.14281 
030 080422 23 3098.300 0.25720 
030 080422 23 3113.650 0.31076 
030 080422 23 3133.900 0.21594 
030 080422 23 3527.600 0.15446 
030 080422 23 3541.050 0.14427 
030 080422 23 3570.325 0.14210 
030 080422 23 3571.500 0.21335 
030 080422 23 3582.625 0.14118 
030 080422 23 3599.250 0.14631 
030 080422 24 112.475 0.14489 
030 080422 24 765.800 0.15468 
030 080422 24 799.300 0.15581 
030 080422 24 815.600 0.18628 
030 080422 24 824.850 0.19287 
030 080422 24 826.750 0.14816 
030 080422 24 951.500 0.18176 
030 080422 24 1003.800 0.22962 
030 080422 24 1216.225 0.16173 
030 080422 24 2398.125 0.17217 
030 080422 24 2659.100 0.28289 
030 080422 24 2743.950 0.18670 
030 080422 24 2811.675 0.15637 
030 080423 1 1490.000 0.13869 
030 080423 1 2208.200 0.14742 
030 080423 4 299.950 0.14979 
030 080423 4 1288.425 0.14940 
030 080423 4 2179.675 0.14949 
030 080423 4 2358.450 0.14241 
030 080423 4 2428.700 0.13652 
030 080423 4 2442.400 0.19542 
030 080423 4 2498.475 0.18883 
030 080423 4 2505.250 0.17600 
030 080423 4 2528.825 0.14919 
030 080423 4 2573.575 0.16999 
030 080423 4 2601.000 0.14528 
030 080423 4 2635.200 0.21365 
030 080423 4 2647.150 0.15094 
030 080423 4 2973.425 0.14463 
030 080423 4 3009.075 0.20167 
030 080423 4 3081.500 0.16798 
030 080423 4 3351.625 0.19091 
030 080423 5 227.750 0.13673 
030 080423 12 28.350 0.14938 
030 080423 12 2354.600 0.13938 
030 080423 12 2402.550 0.16301 
030 080423 12 3091.475 0.18420 
030 080423 12 3231.350 0.13670 
030 080423 12 3241.425 0.15350 
030 080423 12 3351.700 0.24673 
030 080423 12 3410.775 0.17021 
030 080423 12 3425.450 0.17761 
030 080423 12 3467.925 0.14185 
030 080423 12 3498.025 0.18539 
030 080423 13 182.675 0.20857 
030 080423 13 188.850 0.14903 
030 080423 13 2176.025 0.17227 
030 080423 15 629.825 0.17015 
030 080423 16 1969.300 0.15125 
030 080423 16 2801.050 0.13896 
030 080424 1 1939.275 0.13349 
030 080424 2 2268.525 0.17760 
030 080424 3 1208.800 0.13157 
030 080424 3 1459.600 0.15651 
030 080424 3 2451.600 0.14893 
030 080424 3 2838.050 0.16797 
030 080424 3 3402.175 0.16089 
030 080424 4 48.050 0.13621 
030 080424 4 421.000 0.15119 
030 080424 4 1015.100 0.18222 
030 080424 4 1831.650 0.14430 
030 080424 4 1851.450 0.13127 
030 080424 4 1998.950 0.15702 
030 080424 4 2001.550 0.16602 
030 080424 4 2010.425 0.16861 
030 080424 4 2012.900 0.15381 
030 080424 4 2175.750 0.13218 
030 080424 4 2418.925 0.21281 
030 080424 4 2439.800 0.14329 
030 080424 4 2478.250 0.14902 
030 080424 4 2603.200 0.24392 
030 080424 4 2676.200 0.13727 
030 080424 4 2949.400 0.13597 
030 080424 4 2996.500 0.23115 
030 080424 4 3218.225 0.19077 
030 080424 4 3233.700 0.13070 
030 080424 4 3261.425 0.19156 
030 080424 4 3337.825 0.19561 
030 080424 4 3371.500 0.17633 
030 080424 4 3378.350 0.25302 
030 080424 4 3393.075 0.17702 
030 080424 5 54.375 0.13264 
030 080424 5 309.500 0.17088 
030 080424 5 708.350 0.21755 
030 080424 5 798.650 0.16854 
030 080424 5 814.500 0.15352 
030 080424 5 824.325 0.26121 
030 080424 5 838.050 0.19058 
030 080424 5 846.675 0.25504 
030 080424 5 1454.900 0.13663 
030 080424 5 2112.575 0.19971 
030 080424 5 2155.500 0.18878 
030 080424 5 2204.175 0.25465 
030 080424 5 2209.675 0.20618 
030 080424 5 2346.450 0.14179 
030 080424 5 2521.075 0.13707 
030 080424 5 3086.050 0.15270 
030 080424 5 3538.300 0.14918 
030 080424 9 2233.550 0.13851 
030 080424 12 1435.550 0.16773 
030 080424 15 2532.225 0.16909 
030 080424 15 3171.300 0.15039 
030 080424 22 3466.550 0.13491 
030 080426 10 795.875 0.13043 
030 080426 20 1525.275 0.14749 
030 080426 20 1837.725 0.12734 
030 080426 21 881.475 0.14901 
030 080426 21 976.125 0.13130 
030 080427 2 779.450 0.11426 
030 080427 4 2739.025 0.11311 
030 080427 6 2205.325 0.11088 
030 080427 13 3254.875 0.11629 
030 080427 14 2094.850 0.11438 
030 080427 14 2107.850 0.11038 
030 080427 14 2387.125 0.11226 
030 080427 18 1034.975 0.11052 
030 080427 21 2871.575 0.11247 
030 080428 8 1765.500 0.11082 
030 080428 8 2532.525 0.11549 
030 080428 8 2687.075 0.10504 
030 080428 8 2847.100 0.11059 
030 080428 8 2874.650 0.11201 
030 080428 8 2951.475 0.11303 
030 080428 9 28.100 0.10699 
030 080428 9 42.300 0.12902 
030 080428 9 246.375 0.12720 
030 080428 9 566.425 0.10723 
030 080428 9 591.400 0.10675 
030 080428 9 596.250 0.12028 
030 080428 9 807.750 0.10624 
030 080428 9 856.350 0.11185 
030 080429 8 3175.425 0.11863 
030 080429 8 3423.925 0.13574 
030 080429 15 2357.000 0.11981 
030 080429 17 2873.375 0.12311 
030 080429 17 2926.925 0.13649 
030 080429 23 1616.775 0.12340 
030 080429 23 2780.425 0.11540 
030 080429 24 535.925 0.11963 
030 080429 24 2906.100 0.11489 
030 080429 24 2958.225 0.11408 
030 080430 2 1649.150 0.12953 
030 080430 3 3281.100 0.12643 
030 080430 3 3542.350 0.12722 
030 080430 11  6.250 0.12745 
