YBH  ME03 ME02 B039 ME04 ME29 ME09 KHBB ME30 ME13 ME27 WDC  ME16 ME24 ME08  
Threshhold: 8 
032 080414 9 32.875 0.07246 
032 080414 11 1674.775 0.09591 
032 080414 11 1675.900 0.07708 
032 080414 13 3085.875 0.08746 
032 080414 13 3390.375 0.07616 
032 080414 13 3452.525 0.07084 
032 080414 14 1552.325 0.08765 
032 080414 14 1589.075 0.10588 
032 080414 14 1602.925 0.12608 
032 080414 14 1671.750 0.17154 
032 080414 14 1693.825 0.07241 
032 080414 14 1720.100 0.07647 
032 080414 14 1783.250 0.08165 
032 080414 14 1990.325 0.10585 
032 080414 14 1999.625 0.09820 
032 080414 14 2008.650 0.07813 
032 080414 14 2013.400 0.07335 
032 080414 14 2494.675 0.09276 
032 080414 14 2517.375 0.15482 
032 080414 15 245.275 0.08982 
032 080414 15 1008.225 0.07384 
032 080414 15 1084.475 0.07510 
032 080414 15 3443.700 0.10381 
032 080414 15 3468.500 0.08582 
032 080414 16 72.200 0.08888 
032 080414 16 74.475 0.07572 
032 080414 16 262.400 0.09201 
032 080414 20 2082.600 0.07081 
032 080414 20 3173.400 0.07063 
032 080414 20 3203.850 0.09449 
032 080414 20 3218.575 0.07593 
032 080414 20 3223.700 0.08447 
032 080414 20 3240.650 0.10412 
032 080414 20 3274.875 0.08735 
032 080414 20 3295.250 0.07905 
032 080414 20 3391.075 0.07547 
032 080414 21 263.475 0.07300 
032 080414 21 286.050 0.12703 
032 080414 21 631.750 0.11139 
032 080414 21 1212.750 0.09974 
032 080414 21 2382.500 0.09927 
032 080414 21 2512.325 0.07749 
032 080414 21 2693.375 0.08750 
032 080415 12 2014.550 0.12752 
032 080415 12 2080.800 0.08014 
032 080415 12 2285.675 0.10354 
032 080415 12 3127.400 0.08913 
032 080415 12 3396.950 0.08705 
032 080415 12 3507.575 0.10549 
032 080415 12 3561.525 0.08542 
032 080415 13 28.050 0.08480 
032 080415 13 54.825 0.09044 
032 080415 13 61.575 0.08654 
032 080415 13 70.000 0.14547 
032 080415 13 91.900 0.17895 
032 080415 13 110.650 0.14896 
032 080415 13 118.600 0.12394 
032 080415 13 130.250 0.10050 
032 080415 13 143.625 0.08187 
032 080415 13 145.500 0.13456 
032 080415 13 174.750 0.11274 
032 080415 13 182.725 0.12372 
032 080415 13 194.500 0.17373 
032 080415 13 247.450 0.08705 
032 080415 13 279.250 0.09286 
032 080415 13 281.050 0.12599 
032 080415 13 339.050 0.13579 
032 080415 13 367.325 0.09038 
032 080415 13 373.325 0.10350 
032 080415 13 397.350 0.08132 
032 080415 13 399.850 0.08283 
032 080415 13 419.975 0.18816 
032 080415 13 442.925 0.08170 
032 080415 13 473.575 0.08242 
032 080415 13 553.700 0.12148 
032 080415 13 598.425 0.11929 
032 080415 13 624.850 0.12572 
032 080415 13 643.400 0.07944 
032 080415 13 644.500 0.10732 
032 080415 13 655.700 0.12827 
032 080415 13 700.025 0.09203 
032 080415 13 735.500 0.14155 
032 080415 13 867.075 0.09801 
032 080415 13 873.850 0.08750 
032 080415 13 924.675 0.07755 
032 080415 13 928.950 0.11866 
032 080415 13 931.625 0.18215 
032 080415 13 957.775 0.22777 
032 080415 13 976.700 0.10305 
032 080415 13 984.500 0.08997 
032 080415 13 988.000 0.07802 
032 080415 13 1028.500 0.08425 
032 080415 13 1030.475 0.10849 
032 080415 13 1032.300 0.13431 
032 080415 13 1150.275 0.09438 
032 080415 13 1154.625 0.10352 
032 080415 13 1156.875 0.11728 
032 080415 13 1677.350 0.08591 
032 080415 13 1738.425 0.11385 
032 080415 13 1749.125 0.20690 
032 080415 13 1811.775 0.09781 
032 080415 13 1829.475 0.16336 
032 080415 13 1832.325 0.08131 
032 080415 13 2977.100 0.08812 
032 080415 14 105.075 0.08211 
032 080415 14 129.775 0.08179 
032 080415 14 149.475 0.12013 
032 080415 14 165.600 0.07941 
032 080415 14 170.950 0.22465 
032 080415 14 190.250 0.09283 
032 080415 14 207.975 0.08214 
032 080415 14 231.475 0.08398 
032 080415 14 243.175 0.11221 
032 080415 14 250.900 0.14804 
032 080415 14 285.100 0.21745 
032 080415 14 327.875 0.11443 
032 080415 14 331.725 0.07943 
032 080415 14 341.925 0.18584 
032 080415 14 364.825 0.09819 
032 080415 14 367.700 0.08364 
032 080415 14 543.425 0.08009 
032 080415 14 590.775 0.09461 
032 080415 14 646.450 0.14399 
032 080415 14 653.250 0.07939 
032 080415 14 657.750 0.08286 
032 080415 14 667.525 0.09709 
032 080415 14 685.300 0.18669 
032 080415 14 1062.250 0.15000 
032 080415 14 1082.650 0.12504 
032 080415 14 1085.650 0.08176 
032 080415 14 1094.375 0.12573 
032 080415 14 1101.425 0.14704 
032 080415 14 1107.375 0.14006 
032 080415 14 1119.950 0.11325 
032 080415 14 1130.125 0.09552 
032 080415 14 1135.775 0.11844 
032 080415 14 1176.975 0.09524 
032 080415 14 1179.675 0.13100 
032 080415 14 1196.875 0.24237 
032 080415 14 1205.900 0.16897 
032 080415 14 1858.550 0.16799 
032 080415 14 3154.100 0.08834 
032 080415 14 3181.550 0.12644 
032 080415 14 3188.450 0.10804 
032 080415 14 3211.075 0.11304 
032 080415 14 3258.475 0.08590 
032 080415 14 3260.400 0.07840 
032 080415 14 3406.075 0.12271 
032 080416 13 1323.400 0.07826 
032 080416 13 1882.675 0.07581 
032 080416 13 2872.900 0.07985 
032 080416 15 415.125 0.12438 
032 080416 15 484.175 0.08097 
032 080416 15 580.825 0.09624 
032 080416 15 660.975 0.10636 
032 080416 15 772.725 0.08825 
032 080416 15 1293.525 0.10049 
032 080416 15 1328.925 0.07412 
032 080416 15 1394.875 0.08196 
032 080416 15 1582.175 0.11805 
032 080416 15 1662.225 0.08579 
032 080416 15 1739.700 0.12723 
032 080416 16 574.425 0.07483 
032 080417 13 1748.525 0.08098 
032 080417 15 2235.750 0.07629 
032 080417 16 1861.250 0.09488 
032 080417 17 80.900 0.08698 
032 080417 17 619.700 0.07980 
032 080417 17 636.450 0.08824 
032 080417 17 740.550 0.09919 
032 080417 17 1180.200 0.10019 
032 080417 17 1218.325 0.10576 
032 080417 17 1280.400 0.11823 
032 080417 17 1302.425 0.07705 
032 080417 17 1336.500 0.20714 
032 080417 17 1409.250 0.09912 
032 080417 17 1537.475 0.07726 
032 080417 17 1560.200 0.09072 
032 080417 17 1564.850 0.13819 
032 080417 17 1731.175 0.10092 
032 080417 17 1736.925 0.08857 
032 080418 4 814.375 0.09768 
032 080418 4 2366.350 0.12539 
032 080418 4 2466.050 0.11304 
032 080418 4 2483.525 0.17565 
032 080418 4 2620.100 0.09341 
032 080418 4 2669.675 0.08393 
032 080418 4 2693.475 0.09200 
032 080418 4 2699.000 0.09724 
032 080418 4 3003.250 0.13163 
032 080418 4 3008.975 0.10058 
032 080418 4 3022.800 0.16218 
032 080418 4 3166.725 0.13797 
032 080418 4 3306.200 0.16657 
032 080418 4 3341.625 0.11537 
032 080418 4 3348.125 0.09772 
032 080418 4 3349.925 0.21745 
032 080418 4 3383.150 0.19607 
032 080418 4 3415.425 0.18201 
032 080418 4 3446.225 0.20877 
032 080418 5 584.650 0.09477 
032 080418 5 604.725 0.08750 
032 080418 5 612.750 0.14608 
032 080418 5 616.900 0.09530 
032 080420 1 1573.225 0.08305 
032 080420 1 2298.500 0.11866 
032 080420 1 2383.000 0.08137 
032 080420 1 2387.625 0.08448 
032 080420 1 2505.075 0.15206 
032 080420 1 2637.775 0.13659 
032 080420 1 2649.850 0.09423 
032 080420 1 2681.075 0.11053 
032 080420 1 2697.400 0.13575 
032 080420 1 2727.950 0.10093 
032 080420 1 2744.725 0.22040 
032 080420 1 2790.000 0.08716 
032 080420 1 2909.600 0.13141 
032 080420 1 2951.300 0.14702 
032 080420 1 3127.275 0.08135 
032 080420 1 3191.000 0.10027 
032 080420 2 205.625 0.08940 
032 080420 2 207.325 0.09933 
032 080420 2 208.650 0.11224 
032 080420 2 216.650 0.14280 
032 080420 2 261.650 0.10889 
032 080420 2 293.975 0.09305 
032 080420 2 347.675 0.14005 
032 080420 2 351.725 0.08709 
032 080420 2 356.650 0.08841 
032 080420 2 359.850 0.08733 
032 080420 2 361.450 0.09822 
032 080420 2 627.950 0.08002 
032 080420 2 720.525 0.08047 
032 080420 2 825.875 0.07814 
032 080420 2 837.375 0.12688 
032 080420 2 839.575 0.12102 
032 080420 2 874.900 0.12521 
032 080420 2 876.075 0.13362 
032 080420 2 1412.000 0.12595 
032 080420 2 1415.000 0.11470 
032 080420 2 1422.225 0.11076 
032 080420 2 1438.850 0.08762 
032 080420 2 1440.600 0.13259 
032 080420 2 1453.275 0.13609 
032 080420 2 2515.700 0.08720 
032 080420 2 2539.050 0.08554 
032 080420 2 2550.650 0.09956 
032 080420 2 2552.525 0.10221 
032 080420 2 2573.800 0.09373 
032 080420 2 2614.300 0.09602 
032 080420 2 2620.200 0.07752 
032 080420 2 2630.725 0.10008 
032 080420 2 2641.625 0.16932 
032 080420 2 2654.800 0.15945 
032 080420 2 2668.350 0.11768 
032 080420 2 2706.500 0.19355 
032 080420 2 2716.775 0.09553 
032 080420 2 2718.500 0.08211 
032 080420 2 2750.050 0.12842 
032 080420 2 2754.750 0.14889 
032 080420 2 2756.500 0.22930 
032 080420 2 2765.625 0.09012 
032 080420 2 2772.025 0.09373 
032 080420 2 2773.800 0.15665 
032 080420 2 2814.700 0.23344 
032 080420 2 2848.425 0.08275 
032 080420 2 2885.350 0.09423 
032 080420 2 2905.050 0.08058 
032 080420 2 2919.275 0.08569 
032 080420 2 2982.250 0.11438 
032 080420 2 2986.450 0.08934 
032 080420 2 2988.200 0.11614 
032 080420 2 2996.150 0.08111 
032 080420 2 3013.425 0.11179 
032 080420 3 1731.950 0.08341 
032 080420 3 1842.000 0.11773 
032 080420 3 1867.475 0.15236 
032 080420 3 1877.150 0.12034 
032 080420 3 1902.125 0.11341 
032 080420 3 1913.050 0.10316 
032 080420 3 1924.800 0.08874 
032 080420 3 1933.750 0.09803 
032 080420 3 2161.375 0.10184 
032 080420 3 3538.925 0.07879 
032 080420 4 456.425 0.09485 
032 080420 4 1158.200 0.08101 
032 080420 4 1636.225 0.07738 
032 080420 5 1369.700 0.08219 
032 080420 5 1461.725 0.10966 
032 080420 5 1462.875 0.10178 
032 080420 5 1550.025 0.09123 
032 080420 5 1737.650 0.11198 
032 080420 5 1739.500 0.12382 
032 080420 5 1763.450 0.07915 
032 080420 5 1815.450 0.09145 
032 080420 5 1816.825 0.14618 
032 080420 5 1824.275 0.08401 
032 080420 5 1827.625 0.12928 
032 080420 5 1829.950 0.20171 
032 080420 5 1838.775 0.12389 
032 080420 5 1846.475 0.08485 
032 080420 5 1868.000 0.35750 
032 080420 5 1896.700 0.09049 
032 080420 5 1899.025 0.07850 
032 080420 5 1906.675 0.10237 
032 080420 5 1916.275 0.08201 
032 080420 5 1921.175 0.14036 
032 080420 5 1922.975 0.10742 
032 080420 5 1927.000 0.12217 
032 080420 5 1928.850 0.23027 
032 080420 5 1978.600 0.09046 
032 080420 5 1986.800 0.09528 
032 080420 5 1990.275 0.11948 
032 080420 5 2019.300 0.09089 
032 080420 5 2057.100 0.08518 
032 080420 5 2067.425 0.18806 
032 080420 5 2075.250 0.21311 
032 080420 5 2077.550 0.08024 
032 080420 5 2082.075 0.17622 
032 080420 5 2100.000 0.08938 
032 080420 5 2114.500 0.09118 
032 080420 5 2130.825 0.15930 
032 080420 5 2144.925 0.22210 
032 080420 5 2146.675 0.09253 
032 080420 5 2148.450 0.10827 
032 080420 5 2229.850 0.11801 
032 080420 5 2306.600 0.11671 
032 080420 5 2307.825 0.11068 
032 080420 5 2318.650 0.09891 
032 080420 5 2345.725 0.09045 
032 080420 5 2368.250 0.16180 
032 080420 5 2375.850 0.08054 
032 080420 5 2385.550 0.15810 
032 080420 5 2431.025 0.14645 
032 080420 5 2440.425 0.13727 
032 080420 5 2441.675 0.08915 
032 080420 5 2448.500 0.08326 
032 080420 5 2449.600 0.11868 
032 080420 5 2453.025 0.08239 
032 080420 5 2454.200 0.08529 
032 080420 5 2469.825 0.08327 
032 080420 5 2473.000 0.11252 
032 080420 5 2476.625 0.08686 
032 080420 5 2498.075 0.08275 
032 080420 5 2682.950 0.07886 
032 080420 5 2702.975 0.09114 
032 080420 5 2709.700 0.07820 
032 080420 5 2858.300 0.08974 
032 080420 7 592.550 0.08895 
