KSXB ME01 YBH  ME03 ME02 KRMB B039 ME04 ME09  
Threshhold: 8 
043 080422 2 993.350 0.14179 
043 080422 4 1052.300 0.13142 
043 080422 4 3281.575 0.15141 
043 080422 5 1950.900 0.14557 
043 080422 7 1492.575 0.12475 
043 080422 9 1873.875 0.11724 
043 080422 9 2073.475 0.15517 
043 080422 9 2768.125 0.15107 
043 080422 9 2779.875 0.14128 
043 080422 9 2823.375 0.17259 
043 080422 9 2833.350 0.13579 
043 080422 9 3042.300 0.16873 
043 080422 9 3162.375 0.15870 
043 080422 9 3443.300 0.23337 
043 080422 9 3450.725 0.18594 
043 080422 9 3465.500 0.16339 
043 080422 9 3468.275 0.13935 
043 080422 9 3486.800 0.12005 
043 080422 9 3507.425 0.13740 
043 080422 9 3509.000 0.11465 
043 080422 9 3511.200 0.15917 
043 080422 9 3565.475 0.15903 
043 080422 10 332.200 0.21229 
043 080422 10 1999.200 0.13655 
043 080422 10 2405.625 0.16244 
043 080422 10 2426.325 0.12538 
043 080422 10 2461.175 0.19010 
043 080422 10 2469.875 0.13085 
043 080422 10 2471.150 0.11321 
043 080422 10 2527.675 0.18315 
043 080422 10 2530.175 0.17147 
043 080422 10 3491.800 0.16425 
043 080422 10 3524.450 0.19934 
043 080422 10 3541.075 0.12156 
043 080422 10 3545.125 0.16264 
043 080422 10 3554.225 0.12936 
043 080422 11 49.900 0.12009 
043 080422 11 57.000 0.14416 
043 080422 11 80.600 0.14928 
043 080422 11 114.325 0.17180 
043 080422 11 117.000 0.26285 
043 080422 11 156.425 0.12634 
043 080422 11 457.725 0.17533 
043 080422 11 730.625 0.14522 
043 080422 11 748.025 0.15131 
043 080422 11 775.725 0.15775 
043 080422 11 776.950 0.11263 
043 080422 11 804.125 0.11403 
043 080422 11 838.425 0.17672 
043 080422 11 912.475 0.18553 
043 080422 11 930.000 0.15850 
043 080422 11 1004.275 0.13600 
043 080422 11 1016.350 0.19333 
043 080422 11 1024.750 0.13901 
043 080422 11 1049.050 0.18562 
043 080422 11 1063.425 0.18545 
043 080422 11 1065.075 0.16338 
043 080422 11 1100.475 0.23984 
043 080422 11 1119.450 0.14944 
043 080422 11 1155.325 0.17135 
043 080422 11 1567.300 0.12707 
043 080422 11 3376.525 0.15570 
043 080422 11 3439.300 0.15871 
043 080422 11 3451.375 0.12662 
043 080422 12 357.200 0.11992 
043 080422 12 397.375 0.12093 
043 080422 12 423.625 0.13134 
043 080422 12 426.500 0.23174 
043 080422 12 427.700 0.11886 
043 080422 12 504.625 0.11300 
043 080422 12 514.800 0.14231 
043 080422 12 703.925 0.16405 
043 080422 12 1564.725 0.13551 
043 080422 12 1710.100 0.11783 
043 080422 12 1724.575 0.14395 
043 080422 12 1769.600 0.16537 
043 080422 12 1812.725 0.14669 
043 080422 12 1820.625 0.18173 
043 080422 12 1823.700 0.13090 
043 080422 12 1836.100 0.12707 
043 080422 12 1861.950 0.28327 
043 080422 12 1875.950 0.17009 
043 080422 12 1898.275 0.16076 
043 080422 12 1908.050 0.19935 
043 080422 13 782.925 0.13273 
043 080422 13 899.325 0.13508 
043 080422 13 909.050 0.16506 
043 080422 13 921.475 0.14727 
043 080422 13 924.750 0.16409 
043 080422 13 941.025 0.15886 
043 080422 13 955.550 0.15691 
043 080422 13 967.675 0.14655 
043 080422 13 970.875 0.14925 
043 080422 13 1004.375 0.15027 
043 080422 13 1017.450 0.14555 
043 080422 13 1020.525 0.16160 
043 080422 13 2206.875 0.17417 
043 080422 13 2364.050 0.16487 
043 080422 13 2385.775 0.15017 
043 080422 13 2444.850 0.14072 
043 080422 13 2465.850 0.13731 
043 080422 13 2500.875 0.12101 
043 080422 13 2502.200 0.12673 
043 080422 13 2512.850 0.14779 
043 080422 13 2528.450 0.16925 
043 080422 13 2531.425 0.18056 
043 080422 13 2549.000 0.39613 
043 080422 13 2563.325 0.23391 
043 080422 13 2587.225 0.20745 
043 080422 13 2589.800 0.17002 
043 080422 13 2594.625 0.26735 
043 080422 13 2617.475 0.20050 
043 080422 13 2643.075 0.14722 
043 080422 13 2660.100 0.17672 
043 080422 13 2661.750 0.15053 
043 080422 13 2664.525 0.17104 
043 080422 13 2667.000 0.13426 
043 080422 13 2690.750 0.16541 
043 080422 13 2708.600 0.16823 
043 080422 13 2749.425 0.15633 
043 080422 13 2757.775 0.14799 
043 080422 13 2765.700 0.16430 
043 080422 14 36.575 0.15330 
043 080422 14 2947.450 0.19082 
043 080422 15 1483.850 0.14275 
043 080422 15 1730.350 0.15564 
043 080422 15 1810.900 0.19722 
043 080422 15 1836.650 0.15966 
043 080422 15 1869.250 0.14639 
043 080422 15 1879.350 0.14067 
043 080422 15 1881.925 0.13932 
043 080422 15 2038.825 0.16290 
043 080422 15 2040.225 0.11904 
043 080422 15 2046.300 0.11696 
043 080422 15 2047.775 0.15555 
043 080422 15 2067.500 0.18730 
043 080422 15 2068.675 0.13990 
043 080422 15 2087.200 0.17487 
043 080422 15 2116.650 0.14195 
043 080422 15 2163.125 0.12389 
043 080422 15 2214.675 0.17715 
043 080422 15 2277.675 0.14704 
043 080422 15 2308.125 0.19167 
043 080422 15 2316.050 0.17204 
043 080422 15 2329.675 0.31473 
043 080422 15 2354.550 0.15059 
043 080422 15 2435.475 0.14383 
043 080422 15 2452.850 0.13632 
043 080422 15 2457.800 0.11608 
043 080422 15 2461.250 0.19753 
043 080422 15 2463.200 0.11415 
043 080422 15 2503.125 0.17352 
043 080422 15 2504.600 0.12362 
043 080422 15 2602.000 0.12510 
043 080422 15 2633.250 0.17021 
043 080422 15 3041.050 0.14008 
043 080422 15 3093.925 0.12902 
043 080422 15 3137.200 0.12478 
043 080422 15 3142.875 0.11460 
043 080422 15 3186.300 0.30216 
043 080422 15 3359.975 0.11872 
043 080422 23 1422.475 0.11856 
043 080422 23 1766.350 0.15099 
043 080422 23 1787.925 0.17245 
043 080422 23 1799.700 0.14588 
043 080422 23 1815.000 0.11814 
043 080422 23 1839.675 0.13890 
043 080422 23 1849.475 0.13223 
043 080422 23 1852.000 0.15048 
043 080422 23 1909.525 0.25982 
043 080422 23 1915.525 0.17046 
043 080422 23 1921.500 0.13066 
043 080422 23 1943.600 0.15626 
043 080422 23 2002.100 0.13910 
043 080422 23 2012.050 0.15189 
043 080422 23 2014.175 0.17901 
043 080422 23 2050.500 0.16388 
043 080422 23 2077.175 0.17891 
043 080422 23 2078.250 0.14914 
043 080422 23 2148.325 0.15961 
043 080422 23 2155.800 0.27143 
043 080422 23 2275.450 0.12507 
043 080422 23 3100.625 0.14884 
043 080422 23 3115.975 0.22896 
043 080422 23 3188.900 0.14598 
043 080422 23 3242.875 0.13994 
043 080422 23 3568.525 0.14121 
043 080422 23 3572.675 0.15591 
043 080422 24 534.875 0.13590 
043 080422 24 813.525 0.13835 
043 080422 24 817.925 0.25189 
043 080422 24 826.025 0.25034 
043 080422 24 843.975 0.12481 
043 080422 24 952.275 0.19666 
043 080422 24 1005.000 0.15053 
043 080422 24 1009.025 0.19041 
043 080422 24 2648.375 0.14174 
043 080422 24 2660.275 0.15787 
043 080422 24 2661.425 0.15486 
043 080423 1 1167.075 0.12081 
043 080423 1 1491.925 0.13777 
043 080423 4 2336.150 0.19152 
043 080423 4 2347.025 0.13914 
043 080423 4 2361.350 0.13171 
043 080423 4 2363.025 0.11630 
043 080423 4 2366.975 0.11964 
043 080423 4 2375.500 0.15472 
043 080423 4 2394.300 0.12749 
043 080423 4 2405.725 0.11142 
043 080423 4 2406.800 0.13840 
043 080423 4 2431.000 0.13163 
043 080423 4 2447.775 0.15092 
043 080423 4 2476.625 0.15587 
043 080423 4 2489.000 0.13759 
043 080423 4 2507.550 0.24371 
043 080423 4 2557.250 0.14875 
043 080423 4 2598.575 0.13764 
043 080423 4 2603.750 0.14452 
043 080423 4 2622.775 0.11672 
043 080423 4 2752.375 0.14830 
043 080423 4 3013.175 0.12432 
043 080423 4 3042.250 0.13915 
043 080423 12 673.800 0.15143 
043 080423 12 2329.425 0.12914 
043 080423 12 2975.475 0.11167 
043 080423 12 2999.600 0.12968 
043 080423 12 3097.550 0.15555 
043 080423 12 3249.600 0.12684 
043 080423 12 3345.375 0.12135 
043 080423 12 3354.050 0.19046 
043 080423 12 3391.575 0.14725 
043 080423 12 3411.975 0.16181 
043 080423 12 3413.525 0.16245 
043 080423 12 3431.000 0.14107 
043 080423 12 3432.775 0.14126 
043 080423 12 3435.375 0.13066 
043 080423 12 3498.175 0.13017 
043 080423 12 3500.375 0.15174 
043 080423 13 188.500 0.14777 
043 080423 13 683.350 0.10955 
043 080423 13 970.350 0.12718 
043 080424 4 1757.200 0.13965 
043 080424 4 1810.825 0.15325 
043 080424 4 1833.975 0.14000 
043 080424 4 1835.125 0.12416 
043 080424 4 1862.300 0.13903 
043 080424 4 2002.750 0.15711 
043 080424 4 2178.000 0.14510 
043 080424 4 2268.325 0.14645 
043 080424 4 2305.875 0.13434 
043 080424 4 2421.225 0.20600 
043 080424 4 2442.125 0.13098 
043 080424 4 2526.875 0.10414 
043 080424 4 2605.500 0.16926 
043 080424 4 2997.675 0.13329 
043 080424 4 3150.625 0.14613 
043 080424 4 3293.075 0.10573 
043 080424 4 3294.250 0.12763 
043 080424 4 3340.150 0.20392 
043 080424 4 3349.250 0.11247 
043 080424 4 3351.375 0.15639 
043 080424 4 3371.575 0.12574 
043 080424 4 3380.300 0.18758 
043 080424 4 3395.450 0.19456 
043 080424 4 3459.150 0.13751 
043 080424 4 3496.900 0.13757 
043 080424 5 747.750 0.14288 
043 080424 5 801.950 0.17293 
043 080424 5 826.675 0.16044 
043 080424 5 1966.225 0.11103 
043 080424 5 2205.325 0.15343 
043 080424 5 2265.125 0.11556 
043 080424 5 2292.700 0.12389 
043 080424 5 2324.650 0.11072 
043 080424 13 1957.175 0.13708 
043 080426 9 2148.100 0.10333 
043 080426 19 3154.475 0.10540 
043 080426 20 2605.275 0.10611 
043 080427 14 2026.350 0.09162 
043 080428 8 2400.050 0.09929 
043 080428 8 2535.250 0.09480 
043 080428 9 470.950 0.08570 
043 080428 9 700.850 0.08485 
043 080429 8 3085.625 0.10239 
043 080429 15 2743.725 0.09652 
043 080429 15 3514.650 0.10485 
043 080429 15 3545.175 0.10354 
043 080429 24 1180.325 0.09458 
043 080430 11 1230.875 0.10415 
043 080430 19 2581.075 0.10110 
043 080430 20 282.325 0.10113 
