ME09 ME10 ME02 ME13 KHBB WDC  ME27 ME30 KHBB YBH  ME01 ME24 ME08  
Threshhold: 8 
043 080414 14 1787.400 0.12826 
043 080415 3 481.125 0.12026 
043 080415 5 2092.150 0.10871 
043 080415 7 3144.100 0.12884 
043 080415 7 3233.175 0.14750 
043 080415 7 3512.950 0.12719 
043 080415 8 3455.600 0.14074 
043 080415 9 209.875 0.16101 
043 080415 9 221.500 0.13595 
043 080415 9 246.575 0.18575 
043 080415 9 278.075 0.15443 
043 080415 9 301.350 0.12545 
043 080415 9 321.425 0.11321 
043 080415 9 2739.400 0.13645 
043 080415 9 2748.850 0.21149 
043 080415 10 555.850 0.16801 
043 080415 10 698.575 0.13942 
043 080415 10 1303.575 0.13640 
043 080415 10 2278.225 0.22682 
043 080415 10 2285.000 0.16232 
043 080415 10 2308.325 0.13150 
043 080415 10 2310.875 0.16186 
043 080415 11 432.675 0.11982 
043 080415 11 473.525 0.14302 
043 080415 11 580.775 0.13309 
043 080415 11 640.375 0.19499 
043 080415 11 652.275 0.13215 
043 080415 11 777.125 0.15541 
043 080415 12 353.325 0.16794 
043 080415 12 3368.700 0.12357 
043 080415 12 3456.300 0.15070 
043 080415 12 3557.725 0.12778 
043 080415 12 3597.375 0.18210 
043 080415 13  6.525 0.17035 
043 080415 13 23.875 0.16731 
043 080415 13 32.725 0.11648 
043 080415 13 78.250 0.19104 
043 080415 13 115.100 0.10840 
043 080415 13 117.575 0.17332 
043 080415 13 121.850 0.12344 
043 080415 13 151.500 0.10717 
043 080415 13 176.175 0.11087 
043 080415 13 183.725 0.19086 
043 080415 13 188.250 0.15447 
043 080415 13 190.675 0.12626 
043 080415 13 453.725 0.14033 
043 080415 23 385.200 0.18153 
043 080415 23 749.800 0.18902 
043 080415 23 847.800 0.19113 
043 080415 23 858.500 0.14981 
043 080415 23 885.475 0.13976 
043 080415 23 915.300 0.11307 
043 080415 23 925.925 0.13304 
043 080415 23 987.550 0.12581 
043 080415 23 995.250 0.11489 
043 080415 23 1113.550 0.17113 
043 080415 23 1117.425 0.25343 
043 080415 23 1166.475 0.13311 
043 080415 23 1740.550 0.11796 
043 080415 23 1782.850 0.11979 
043 080415 24 800.925 0.12032 
043 080415 24 1464.025 0.12877 
043 080415 24 1535.125 0.11281 
043 080415 24 1555.875 0.13060 
043 080415 24 1631.450 0.13904 
043 080415 24 1690.250 0.11574 
043 080415 24 1693.300 0.19697 
043 080415 24 1695.025 0.15638 
043 080415 24 1758.300 0.22644 
043 080415 24 1789.675 0.12628 
043 080415 24 1823.550 0.14758 
043 080415 24 1833.400 0.20229 
043 080415 24 1940.600 0.11905 
043 080415 24 2109.650 0.12042 
043 080416 11 1394.375 0.13297 
043 080416 12 2430.925 0.12155 
043 080416 13 1889.900 0.12899 
043 080416 15 171.650 0.11165 
043 080416 15 503.625 0.11659 
043 080416 15 848.950 0.23816 
043 080416 15 894.375 0.16471 
043 080416 15 898.800 0.14273 
043 080416 15 963.325 0.13729 
043 080416 15 968.450 0.18233 
043 080416 15 999.775 0.12107 
043 080416 15 1019.825 0.11780 
043 080416 15 1138.375 0.12936 
043 080416 15 1342.500 0.12837 
043 080416 15 1408.775 0.12246 
043 080416 15 1413.150 0.14837 
043 080416 15 1519.025 0.11190 
043 080416 15 1740.550 0.12252 
043 080416 15 1767.625 0.15968 
043 080416 15 1787.025 0.15839 
043 080416 15 2072.625 0.11720 
043 080416 18 3489.325 0.12893 
043 080416 20 324.425 0.12249 
043 080416 20 503.550 0.13000 
043 080416 20 512.075 0.13749 
043 080416 20 571.175 0.12782 
043 080416 20 588.700 0.19406 
043 080416 20 590.150 0.16697 
043 080416 20 615.650 0.10794 
043 080416 20 618.800 0.13783 
043 080416 20 620.125 0.13465 
043 080416 20 639.050 0.17036 
043 080416 20 669.025 0.16590 
043 080416 20 678.325 0.14296 
043 080416 20 704.650 0.20363 
043 080416 20 714.800 0.17921 
043 080416 20 732.650 0.13374 
043 080416 20 752.650 0.13333 
043 080416 20 758.625 0.13904 
043 080416 20 772.850 0.15389 
043 080416 20 774.175 0.11320 
043 080416 20 779.100 0.14489 
043 080416 20 791.025 0.15106 
043 080416 20 808.200 0.17228 
043 080416 20 814.000 0.20890 
043 080416 20 878.025 0.15257 
043 080416 20 957.900 0.24814 
043 080416 20 967.125 0.11798 
043 080416 20 1007.925 0.24274 
043 080416 20 1017.300 0.14323 
043 080416 20 2188.250 0.14202 
043 080416 20 2221.875 0.12010 
043 080416 20 2634.950 0.11345 
043 080416 21 2382.050 0.12031 
043 080417 15 1870.350 0.14484 
043 080417 15 1959.750 0.13279 
043 080417 15 2030.200 0.24300 
043 080417 15 2074.400 0.14881 
043 080417 15 2168.450 0.14013 
043 080417 15 2216.075 0.16863 
043 080417 15 2227.700 0.13993 
043 080417 15 2236.125 0.20012 
043 080417 15 2257.625 0.15262 
043 080417 15 2267.225 0.15946 
043 080417 15 2295.100 0.15590 
043 080417 15 2298.450 0.16120 
043 080417 15 2300.425 0.17419 
043 080417 15 2302.300 0.18367 
043 080417 15 2328.025 0.16693 
043 080417 15 2330.200 0.15388 
043 080417 15 2350.200 0.11694 
043 080417 15 2369.475 0.25858 
043 080417 15 2490.000 0.52162 
043 080417 15 2496.675 0.13172 
043 080417 15 3106.900 0.18581 
043 080417 15 3108.225 0.17669 
043 080417 16 1860.500 0.12957 
043 080417 16 1862.575 0.13462 
043 080417 16 2100.450 0.12462 
043 080417 17 266.675 0.13846 
043 080417 17 1537.775 0.10865 
043 080418 2 801.375 0.15632 
043 080418 2 1050.025 0.13517 
043 080418 2 1067.550 0.15657 
043 080418 2 1084.325 0.12617 
043 080418 2 1096.150 0.13646 
043 080418 2 1100.400 0.20378 
043 080418 2 1107.700 0.20585 
043 080418 2 1189.250 0.14094 
043 080418 2 1205.725 0.17173 
043 080418 2 1245.200 0.15556 
043 080418 2 1325.275 0.15628 
043 080418 2 1362.650 0.19530 
043 080418 2 1373.600 0.11871 
043 080418 2 1375.775 0.16815 
043 080418 2 1399.925 0.11635 
043 080418 2 1470.200 0.13288 
043 080418 2 1487.675 0.32907 
043 080418 2 1683.700 0.12621 
043 080418 2 1694.175 0.12464 
043 080418 2 2136.825 0.13839 
043 080418 2 2169.175 0.12944 
043 080418 2 2185.450 0.11393 
043 080418 2 2200.025 0.14426 
043 080418 2 2249.300 0.15627 
043 080418 2 2307.950 0.12454 
043 080418 2 2812.850 0.16940 
043 080418 9 204.050 0.12026 
043 080418 24 165.200 0.23738 
043 080418 24 496.725 0.13332 
043 080418 24 522.375 0.12515 
043 080418 24 529.725 0.20627 
043 080418 24 536.325 0.15309 
043 080418 24 557.850 0.30088 
043 080418 24 781.350 0.16830 
043 080418 24 832.000 0.11442 
043 080419 1 1436.025 0.13911 
043 080419 1 1530.150 0.12865 
043 080419 7 1153.150 0.11677 
043 080420 1 2509.150 0.13930 
043 080420 1 2696.000 0.13169 
043 080420 2 3026.750 0.11566 
043 080420 4 1086.700 0.13383 
043 080420 4 3389.475 0.12188 
043 080420 5 1558.825 0.13422 
043 080420 5 2435.300 0.12370 
043 080420 5 2785.150 0.21346 
043 080420 5 2797.400 0.13664 
043 080420 5 2882.625 0.11723 
043 080420 5 2894.275 0.10917 
043 080420 5 3172.700 0.14127 
043 080420 5 3198.375 0.30601 
043 080420 5 3292.675 0.14001 
043 080420 5 3302.650 0.19251 
043 080420 5 3307.175 0.13890 
043 080420 6 25.075 0.12802 
043 080420 6 966.950 0.12747 
043 080420 6 1006.700 0.18125 
043 080420 6 1029.350 0.16947 
043 080420 6 1031.450 0.12548 
043 080420 6 1041.825 0.12767 
043 080420 6 1043.500 0.13432 
043 080420 6 1061.275 0.16519 
043 080420 6 1445.125 0.11997 
043 080420 6 1461.525 0.12668 
043 080420 6 2001.000 0.13006 
043 080420 6 2044.950 0.13124 
043 080420 6 2169.125 0.13010 
043 080420 6 2188.475 0.13866 
043 080420 6 2209.250 0.19067 
043 080420 6 2218.900 0.14100 
043 080420 6 2223.575 0.18420 
043 080420 6 2234.800 0.15956 
043 080420 6 2245.200 0.16693 
043 080420 6 2278.375 0.13228 
043 080420 6 2279.625 0.13881 
043 080420 6 2280.950 0.26121 
043 080420 6 2310.425 0.15461 
043 080420 6 2388.325 0.11883 
043 080420 7 696.475 0.15404 
043 080420 7 713.400 0.14395 
043 080420 7 746.025 0.11400 
043 080420 7 748.400 0.13825 
043 080420 7 752.625 0.14044 
043 080420 7 759.200 0.16065 
043 080420 7 803.050 0.14084 
043 080420 7 804.450 0.13572 
043 080420 7 812.775 0.26480 
043 080420 7 831.175 0.11545 
043 080420 7 2041.350 0.14810 
043 080420 7 2061.850 0.13804 
043 080420 8 861.675 0.13900 
043 080420 8 916.875 0.30685 
043 080420 8 927.200 0.15048 
043 080420 8 952.800 0.15094 
043 080420 8 1673.575 0.11021 
043 080420 9 1598.500 0.18774 
043 080420 9 1758.800 0.12228 
043 080420 9 1775.425 0.16979 
043 080420 9 1784.500 0.17324 
043 080420 9 1807.675 0.13649 
043 080420 9 1819.950 0.14831 
043 080420 9 1824.925 0.19245 
043 080420 9 1831.900 0.16742 
043 080420 9 1846.250 0.17566 
