ME13 KHBB WDC  ME27 ME28 ME08 ME12  
Threshhold: 8 
010 080415 3 1176.600 0.13195 
010 080415 4 2402.825 0.18486 
010 080415 6 722.500 0.21487 
010 080415 6 763.375 0.16340 
010 080415 6 935.425 0.19162 
010 080415 6 2922.300 0.19894 
010 080415 7 961.725 0.22393 
010 080415 7 996.100 0.13422 
010 080415 8 1360.475 0.16122 
010 080415 8 1425.025 0.19489 
010 080415 8 1744.300 0.13503 
010 080415 8 3096.175 0.22571 
010 080415 8 3286.000 0.19842 
010 080415 9 2878.025 0.17674 
010 080415 13 1134.725 0.14170 
010 080415 13 1168.475 0.21218 
010 080415 15 353.925 0.14252 
010 080415 18 2869.125 0.14236 
010 080415 22 3540.750 0.13061 
010 080415 23 546.500 0.21893 
010 080415 24 170.525 0.14853 
010 080415 24 172.125 0.15970 
010 080415 24 194.225 0.22153 
010 080416 1 3325.450 0.13677 
010 080416 7 3422.300 0.13150 
010 080416 8 122.900 0.12113 
010 080416 8 472.775 0.15515 
010 080416 8 488.600 0.16154 
010 080416 8 490.500 0.16340 
010 080416 8 534.175 0.15057 
010 080416 8 535.425 0.16822 
010 080416 8 554.000 0.38383 
010 080416 8 561.800 0.11953 
010 080416 8 592.800 0.20715 
010 080416 8 636.925 0.20758 
010 080416 8 674.150 0.21127 
010 080416 8 766.675 0.12014 
010 080416 8 797.900 0.16391 
010 080416 8 812.725 0.18852 
010 080416 8 883.675 0.29213 
010 080416 8 1017.250 0.12188 
010 080416 16 723.150 0.12318 
010 080416 17 483.450 0.14613 
010 080416 17 675.675 0.19934 
010 080416 17 835.675 0.17330 
010 080416 17 993.975 0.13110 
010 080416 17 1045.175 0.20354 
010 080416 17 1072.975 0.19697 
010 080416 17 1211.825 0.19699 
010 080416 17 1473.275 0.29731 
010 080416 18 456.725 0.12592 
010 080417 5 2819.700 0.13708 
010 080417 5 2927.675 0.12911 
010 080417 13 457.975 0.17962 
010 080417 17 860.025 0.16255 
010 080417 17 894.475 0.12904 
010 080417 17 1013.475 0.26215 
010 080417 17 1048.425 0.22451 
010 080417 17 1090.975 0.17024 
010 080417 17 1093.700 0.13610 
010 080417 20 2464.725 0.15314 
010 080417 20 2471.525 0.22005 
010 080417 20 2475.675 0.12757 
010 080417 21 447.775 0.25124 
010 080417 21 509.950 0.25170 
010 080417 21 2440.150 0.19479 
010 080417 21 2518.275 0.16444 
010 080417 21 2601.575 0.14723 
010 080417 21 3382.150 0.17316 
010 080417 22 1116.675 0.12722 
