ME43 ME44 ME45 ME52 ME46  
Threshhold: 8 
013 080301 1 3076.975 0.11409 
013 080301 2 2612.500 0.11032 
013 080301 2 3594.200 0.09865 
013 080301 3 716.225 0.09942 
013 080301 3 1092.200 0.12116 
013 080301 3 2637.800 0.09973 
013 080301 5 681.400 0.11263 
013 080301 5 2346.150 0.11772 
013 080301 10 1922.075 0.10129 
013 080301 10 2919.675 0.10640 
013 080301 10 3448.625 0.11368 
013 080301 13 497.350 0.10593 
013 080301 13 588.000 0.11786 
013 080301 14 633.825 0.13895 
013 080301 19 2393.075 0.10194 
013 080301 19 3247.325 0.11123 
013 080301 21 871.025 0.10327 
013 080301 22 749.325 0.14063 
013 080301 24 2936.150 0.11247 
013 080302 3 3547.050 0.09753 
013 080302 5 3363.525 0.12412 
013 080302 7 1493.125 0.09154 
013 080302 7 3481.100 0.14630 
013 080302 8 3310.400 0.13107 
013 080302 9 2831.325 0.15703 
013 080302 9 2846.500 0.12681 
013 080302 14 2890.550 0.11573 
013 080302 17 457.325 0.09210 
013 080302 17 458.350 0.10780 
013 080302 18 3167.200 0.16337 
013 080302 23 1821.800 0.11340 
013 080302 23 1823.275 0.11125 
013 080303 1 725.475 0.11448 
013 080303 1 2011.975 0.13290 
013 080303 1 3230.000 0.13180 
013 080303 5 767.950 0.09604 
013 080303 6 3411.500 0.10205 
013 080303 7 410.875 0.11138 
013 080303 7 1775.125 0.08995 
013 080303 7 1813.775 0.09315 
013 080303 10 1716.450 0.13251 
013 080303 10 3125.000 0.09177 
013 080303 11 1010.500 0.10655 
013 080303 12 71.950 0.10139 
013 080303 13 3273.925 0.10550 
013 080303 17 741.050 0.12970 
013 080303 17 2134.300 0.10945 
013 080303 17 2147.325 0.10631 
013 080303 17 2404.625 0.11145 
013 080303 18 1334.525 0.09389 
013 080303 18 2178.900 0.09300 
013 080303 20 402.350 0.09154 
013 080303 22 2843.500 0.08922 
013 080303 22 3514.775 0.10313 
013 080303 23 2307.350 0.08896 
013 080303 24 860.725 0.10670 
013 080304 1 2460.525 0.12005 
013 080304 1 2471.875 0.13672 
013 080304 5 893.950 0.10953 
013 080304 6 1926.675 0.13494 
013 080304 6 1929.550 0.11838 
013 080304 6 2425.725 0.09265 
013 080304 6 2707.350 0.12016 
013 080304 6 2741.200 0.13768 
013 080304 6 2743.700 0.11600 
013 080304 7 317.300 0.12244 
013 080304 7 319.800 0.09722 
013 080304 8 971.325 0.12759 
013 080304 8 1592.475 0.11469 
013 080304 8 1901.075 0.12475 
013 080304 10 975.025 0.12259 
013 080304 10 2689.125 0.11668 
013 080304 11 1970.725 0.10029 
013 080304 13 696.425 0.09431 
013 080304 14 896.050 0.09557 
013 080304 14 2880.075 0.15320 
013 080304 15 2601.975 0.09291 
013 080304 18 492.150 0.09889 
013 080304 18 2353.500 0.14001 
013 080304 19 304.100 0.16603 
013 080304 20 119.375 0.15208 
013 080304 20 2303.525 0.10788 
013 080304 22 506.375 0.10957 
013 080304 22 931.875 0.10728 
013 080305 1 1355.250 0.08960 
013 080305 2 2941.650 0.10856 
013 080305 3 2963.900 0.10898 
013 080305 4 653.575 0.11091 
013 080305 5 3072.250 0.08775 
013 080305 7 3115.950 0.10227 
013 080305 7 3164.325 0.12480 
013 080305 9 1605.175 0.09049 
013 080305 9 3004.125 0.28095 
013 080305 9 3064.175 0.19402 
013 080305 11 2712.100 0.09932 
013 080305 11 3477.325 0.09331 
013 080305 15 2478.575 0.10609 
013 080305 17 3281.075 0.13214 
013 080305 18 2547.775 0.12518 
013 080305 18 2848.250 0.08796 
013 080305 20 1635.900 0.10631 
013 080305 21 1675.050 0.25331 
013 080305 22 2611.250 0.10464 
013 080305 24 858.825 0.09061 
013 080305 24 1550.850 0.09655 
013 080305 24 2536.000 0.09075 
013 080306 1 2178.200 0.09273 
013 080306 2 1445.450 0.09484 
013 080306 4 1927.275 0.11777 
013 080306 5 403.025 0.10410 
013 080306 5 3448.750 0.12809 
013 080306 6 1589.875 0.14313 
013 080306 6 3051.050 0.12058 
013 080306 6 3182.525 0.16969 
013 080306 8 3021.325 0.09982 
013 080306 10 1392.025 0.18578 
013 080306 12 1037.225 0.09341 
013 080306 12 1557.400 0.10438 
013 080306 13 1563.525 0.12251 
013 080306 15 1228.225 0.14560 
013 080306 16 632.925 0.09680 
013 080306 19 360.750 0.11814 
013 080306 19 944.300 0.09701 
013 080306 23 1411.550 0.09763 
013 080307 2 71.225 0.16406 
013 080307 4 1533.700 0.12316 
013 080307 8 934.475 0.10393 
013 080307 9 3332.525 0.14264 
013 080307 10 2466.575 0.09804 
013 080307 12 1166.150 0.11498 
013 080307 12 2000.200 0.10012 
013 080307 13 3513.525 0.39606 
013 080307 14 596.675 0.09779 
013 080307 15 2334.500 0.10074 
013 080307 15 2878.200 0.17756 
013 080307 17 304.475 0.10704 
013 080307 19 1808.050 0.09916 
013 080307 21 2995.500 0.10096 
013 080308 4 3506.850 0.14300 
013 080308 5  9.800 0.16228 
013 080308 6 481.125 0.14941 
013 080308 9 2633.200 0.09884 
013 080308 10 1365.825 0.15491 
013 080308 11 718.350 0.17403 
013 080308 11 949.600 0.13675 
013 080308 14 1698.000 0.09983 
013 080308 15 2239.625 0.09689 
013 080308 16 3380.750 0.10122 
013 080308 20 2091.550 0.10253 
013 080308 20 2094.050 0.12481 
013 080308 22 1273.975 0.14778 
013 080308 24 1742.125 0.14001 
013 080309 4 2140.475 0.12282 
013 080309 5 779.850 0.09480 
013 080309 5 1967.050 0.09980 
013 080309 5 2395.775 0.10419 
013 080309 6 2466.875 0.12748 
013 080309 6 3186.300 0.10742 
013 080309 6 3188.800 0.12224 
013 080309 6 3550.950 0.09775 
013 080309 7 3476.950 0.14653 
013 080309 8 2252.075 0.10647 
013 080309 10 3026.800 0.13783 
013 080309 12 1943.100 0.10593 
013 080309 13 745.525 0.12997 
013 080309 15 1865.850 0.11101 
013 080309 16 1095.225 0.11727 
013 080309 16 1097.275 0.10951 
013 080309 20 2879.900 0.10434 
013 080309 23 1416.250 0.14390 
013 080309 23 1660.675 0.10712 
013 080311 7 790.825 0.10758 
013 080311 7 791.950 0.13305 
013 080311 10 2103.425 0.10149 
013 080311 11 2374.425 0.13228 
013 080311 13 154.050 0.09747 
013 080311 13 155.925 0.10334 
013 080311 13 2733.900 0.09817 
013 080311 20 2544.325 0.10383 
013 080312 4 3243.700 0.09601 
013 080312 6 2712.600 0.10176 
013 080312 7 1966.375 0.14605 
013 080312 10 2968.100 0.12183 
013 080312 12 2647.475 0.13395 
013 080312 15 1928.375 0.10069 
013 080312 18  2.475 0.18611 
013 080312 21 283.675 0.10635 
013 080312 21 1182.050 0.11128 
013 080312 22 1205.075 0.11367 
013 080313 1 1743.575 0.12473 
013 080313 2 81.400 0.10201 
013 080313 2 122.625 0.11155 
013 080313 2 2353.600 0.11710 
013 080313 2 2376.725 0.09809 
013 080313 6 1239.000 0.14136 
013 080313 7 459.550 0.10492 
013 080313 7 2610.950 0.14358 
013 080313 8 92.925 0.13312 
013 080313 8 1307.475 0.11807 
013 080313 8 1335.725 0.12310 
013 080313 8 1451.500 0.10021 
013 080313 8 1512.800 0.11379 
013 080313 8 1650.675 0.11869 
013 080313 8 2228.750 0.09795 
013 080313 8 3356.800 0.12572 
013 080313 8 3360.350 0.10209 
013 080313 9 739.075 0.17895 
013 080313 9 2420.225 0.15844 
013 080313 9 2819.575 0.10124 
013 080313 10 3494.400 0.10890 
013 080313 11 217.400 0.15976 
013 080313 11 1104.425 0.10437 
013 080313 11 2379.875 0.47393 
013 080313 12 1394.275 0.09781 
013 080313 12 3139.050 0.10759 
013 080313 14 980.450 0.12165 
013 080313 14 1973.775 0.09836 
013 080313 14 3031.975 0.09686 
013 080313 15 3042.275 0.10149 
013 080313 15 3197.675 0.10817 
013 080313 18 3316.225 0.10758 
013 080313 19 1513.700 0.11571 
013 080313 20 3339.600 0.09747 
013 080313 20 3340.650 0.11163 
013 080313 20 3519.175 0.12448 
013 080313 22 1086.500 0.14679 
013 080313 22 1205.825 0.10246 
013 080314 1 1008.750 0.09462 
013 080314 2 2303.875 0.18377 
013 080314 2 3150.500 0.12190 
013 080314 6 753.750 0.09927 
013 080314 6 3109.550 0.14754 
013 080314 6 3110.775 0.10377 
013 080314 7 1868.275 0.09927 
013 080314 7 3452.075 0.13607 
013 080314 8 1552.775 0.13686 
013 080314 8 3453.850 0.12713 
013 080314 11 2329.650 0.10844 
013 080314 11 2906.050 0.09693 
013 080314 12 1846.150 0.12244 
013 080314 12 2196.925 0.09631 
013 080314 17 1635.250 0.09913 
013 080314 17 1754.025 0.10956 
013 080314 17 2774.975 0.10489 
013 080314 18 2608.575 0.09580 
013 080314 20 3121.125 0.10087 
013 080315 3 3543.200 0.12826 
013 080315 5 3089.300 0.10935 
013 080315 8 1452.625 0.09066 
013 080315 13 83.900 0.12476 
013 080315 14 1940.600 0.13544 
013 080315 16 2941.900 0.10070 
013 080315 19 804.975 0.18959 
013 080315 21 2162.175 0.09078 
013 080315 21 2242.300 0.09290 
013 080315 22 2821.200 0.13968 
013 080316 2 1225.800 0.09006 
013 080316 5 3447.300 0.10000 
013 080316 9 1593.575 0.12022 
013 080316 9 2772.250 0.11780 
013 080316 14 1789.100 0.09270 
013 080316 19 1553.225 0.10548 
013 080316 22 2715.825 0.08990 
013 080317 7 270.725 0.08882 
013 080317 7 3424.500 0.24023 
013 080317 10 2232.550 0.09027 
013 080317 13 1905.625 0.09452 
013 080317 15 1601.900 0.08736 
013 080317 15 1630.275 0.15182 
013 080317 16 3148.075 0.10780 
013 080317 19 2028.350 0.10384 
013 080317 19 2301.775 0.11496 
013 080317 20 2236.025 0.09185 
013 080317 20 2237.775 0.15976 
013 080317 21 53.550 0.08842 
013 080317 23 122.975 0.10487 
013 080318 4 1926.875 0.12211 
013 080318 10 2258.725 0.10740 
013 080318 14 105.725 0.15523 
013 080318 14 2494.375 0.11960 
013 080318 15 2336.800 0.11387 
013 080318 18 3059.600 0.15205 
013 080318 18 3128.750 0.17651 
013 080318 21 2920.850 0.13075 
013 080319 1 3324.400 0.09983 
013 080319 6 1699.475 0.14250 
013 080319 6 1965.400 0.11875 
013 080319 8 1681.825 0.10076 
013 080319 10 625.550 0.09679 
013 080319 11 323.400 0.09715 
013 080319 13 754.300 0.11329 
013 080319 13 2390.875 0.09897 
013 080319 15 1000.075 0.11025 
013 080319 15 1754.500 0.16305 
013 080319 18 561.400 0.09632 
013 080319 19 1991.750 0.09724 
013 080319 20 2463.025 0.09572 
013 080319 22 3193.500 0.10090 
013 080319 23 2092.850 0.09810 
013 080320 1 875.450 0.11050 
013 080320 2 129.100 0.11478 
013 080320 2 612.825 0.10607 
013 080320 5 1811.925 0.09669 
013 080320 6 1116.325 0.10789 
013 080320 6 2010.900 0.18196 
013 080320 6 2956.800 0.10377 
013 080320 14 2663.225 0.10630 
013 080320 17 1190.550 0.12409 
013 080320 17 1193.450 0.10857 
013 080320 18 638.275 0.11183 
013 080320 18 1194.225 0.15593 
013 080320 20 2792.600 0.12115 
013 080320 20 3555.900 0.09609 
013 080320 21 2437.875 0.22803 
013 080320 22 2704.325 0.11401 
013 080320 22 2821.350 0.12267 
013 080320 23 33.925 0.09645 
013 080320 24 1209.025 0.10018 
013 080320 24 2739.750 0.13760 
013 080320 24 3117.475 0.10728 
013 080320 24 3331.275 0.12827 
013 080321 1 3423.775 0.09875 
013 080321 2 1961.725 0.09885 
013 080321 5 995.675 0.11991 
013 080321 8 553.250 0.11373 
013 080321 8 1218.275 0.10373 
013 080321 8 1219.900 0.11072 
013 080321 11 774.075 0.11132 
013 080321 11 776.425 0.10212 
013 080321 11 1067.975 0.17405 
013 080321 23 2593.700 0.15287 
013 080322 1 414.775 0.10070 
013 080322 1 1607.950 0.12459 
013 080322 1 1875.150 0.15870 
013 080322 2 230.125 0.15143 
013 080322 2 1404.475 0.11112 
013 080322 2 1633.900 0.10835 
013 080322 2 2246.175 0.09485 
013 080322 3 2716.675 0.14071 
013 080322 4 117.425 0.09233 
013 080322 4 1889.950 0.11078 
013 080322 5 806.475 0.11117 
013 080322 5 1401.425 0.14586 
013 080322 5 2970.150 0.09585 
013 080322 9 2679.950 0.12740 
013 080322 12 332.375 0.18081 
013 080322 13 3309.700 0.09331 
013 080322 14 2139.150 0.12327 
013 080322 16 1926.075 0.11971 
013 080322 17 1703.425 0.09949 
013 080322 17 2970.925 0.10259 
013 080322 17 2980.625 0.10147 
013 080322 17 3382.975 0.12996 
013 080322 20 357.100 0.10728 
013 080322 20 398.300 0.11166 
013 080322 22 2545.275 0.10412 
013 080322 22 3271.250 0.10562 
013 080322 24 1374.950 0.10180 
013 080322 24 2130.300 0.29923 
013 080323 2 910.850 0.09543 
013 080323 4 751.000 0.11800 
013 080323 4 2361.675 0.09448 
013 080323 5 149.850 0.15860 
013 080323 5 3107.850 0.13291 
013 080323 8 2678.225 0.13462 
013 080323 14 646.750 0.09577 
013 080323 17 2774.125 0.18512 
013 080323 18 2533.425 0.13972 
013 080323 19 394.825 0.09569 
013 080323 19 1591.750 0.11529 
013 080323 19 2665.850 0.12281 
013 080323 20 967.050 0.11458 
013 080323 22 1506.425 0.10511 
013 080323 22 2027.425 0.13343 
013 080323 22 2441.450 0.18312 
013 080323 22 3508.125 0.09506 
013 080323 23 3572.250 0.11320 
013 080324 1 1247.725 0.12818 
013 080324 3 1145.125 0.12505 
013 080324 4 3029.450 0.13685 
013 080324 5 885.200 0.13688 
013 080324 5 1160.300 0.09667 
013 080324 5 1261.300 0.13995 
013 080324 5 1285.550 0.12189 
013 080324 5 1374.500 0.15226 
013 080324 5 1487.200 0.12820 
013 080324 5 2162.175 0.15866 
013 080324 5 2588.375 0.15527 
013 080324 5 2996.875 0.10278 
013 080324 5 3040.725 0.13584 
013 080324 6 101.550 0.10961 
013 080324 6 483.475 0.10753 
013 080324 6 1028.950 0.14843 
013 080324 6 1907.825 0.11268 
013 080324 6 2045.075 0.09950 
013 080324 6 2998.400 0.14382 
013 080324 6 3331.175 0.16458 
013 080324 6 3532.475 0.14033 
013 080324 7 882.875 0.18276 
013 080324 7 1975.075 0.10459 
013 080324 8 697.975 0.09812 
013 080324 8 2337.675 0.33880 
013 080324 9 2401.700 0.09669 
013 080324 10 2165.100 0.10567 
013 080324 12 380.950 0.16230 
013 080324 12 578.300 0.14017 
013 080324 12 1205.325 0.10809 
013 080324 12 3068.375 0.11136 
013 080324 12 3373.125 0.11689 
013 080324 13 1120.275 0.11033 
013 080324 14 819.275 0.13354 
013 080324 14 1820.325 0.11171 
013 080324 15 947.950 0.09867 
013 080324 15 1831.350 0.39685 
013 080324 15 3094.050 0.14989 
013 080324 17 864.325 0.12117 
013 080324 17 1381.250 0.11617 
013 080324 18 680.150 0.12895 
013 080324 18 2961.900 0.20932 
013 080324 19 2887.775 0.13540 
013 080324 20 532.400 0.12929 
013 080324 20 562.875 0.11885 
013 080324 20 1330.075 0.13006 
013 080324 20 3242.325 0.11850 
013 080324 22 688.000 0.10471 
013 080324 23 2576.625 0.09827 
013 080324 23 2818.450 0.10896 
013 080324 23 2885.275 0.13338 
013 080324 23 3292.850 0.10279 
013 080324 23 3581.725 0.10632 
013 080325 1 249.675 0.10065 
013 080325 2 15.675 0.13504 
013 080325 2 2356.525 0.10234 
013 080325 4 1011.300 0.13337 
013 080325 5 468.125 0.11318 
013 080325 5 2589.175 0.10534 
013 080325 8 1386.600 0.10347 
013 080325 8 2548.225 0.13207 
013 080325 11 535.075 0.11291 
013 080325 11 3236.975 0.18234 
013 080325 11 3597.300 0.13695 
013 080325 12 114.375 0.14502 
013 080325 13 250.550 0.12666 
013 080325 13 1589.675 0.16793 
013 080325 17 1829.075 0.10512 
013 080325 22 44.300 0.12678 
013 080325 23 3170.525 0.14729 
013 080325 24 2479.975 0.13055 
013 080326 3 1746.200 0.10765 
013 080326 3 1975.450 0.12049 
013 080326 3 3077.725 0.10944 
013 080326 3 3181.825 0.09961 
013 080326 4 1369.425 0.12983 
013 080326 6 227.200 0.09997 
013 080326 6 862.700 0.12276 
013 080326 7 2965.675 0.10563 
013 080326 8 3105.825 0.09553 
013 080326 8 3283.925 0.09777 
013 080326 10 640.275 0.09634 
013 080326 12 1044.750 0.09517 
013 080326 12 1573.900 0.10159 
013 080326 13 657.800 0.09859 
013 080326 14 2027.125 0.10205 
013 080326 15 191.900 0.11630 
013 080326 15 1973.050 0.10555 
013 080326 16 693.100 0.13109 
013 080326 16 2483.825 0.12795 
013 080326 16 3306.100 0.15053 
013 080326 20 1259.100 0.13322 
013 080326 23 2743.275 0.09829 
013 080327 1 677.150 0.13074 
013 080327 2 124.275 0.09759 
013 080327 4 2250.325 0.10197 
013 080327 5 334.175 0.09762 
013 080327 7 2969.200 0.10562 
013 080327 7 3192.275 0.11777 
013 080327 7 3474.375 0.08985 
013 080327 8 429.200 0.10107 
013 080327 10 150.325 0.11183 
013 080327 11 1006.725 0.18829 
013 080327 11 1062.000 0.09397 
013 080327 11 2885.425 0.10909 
013 080327 12 2450.700 0.12219 
013 080327 12 2664.925 0.13887 
013 080327 12 3209.900 0.09089 
013 080327 13 58.000 0.11637 
013 080327 13 639.350 0.12872 
013 080327 13 1179.500 0.10810 
013 080327 13 2633.425 0.09007 
013 080327 13 2905.200 0.09244 
013 080327 14 787.300 0.10379 
013 080327 14 1399.775 0.09247 
013 080327 16 2890.225 0.09988 
013 080327 16 3051.500 0.09489 
013 080327 16 3053.300 0.11780 
013 080327 16 3297.275 0.15508 
013 080327 17 2473.425 0.13191 
013 080327 19 3500.700 0.10469 
013 080327 20 1113.625 0.11224 
013 080327 21 2272.325 0.09133 
013 080327 22 634.300 0.09026 
013 080327 23 622.550 0.09925 
013 080327 24 68.175 0.11387 
013 080327 24 996.450 0.12051 
013 080327 24 2141.075 0.18114 
013 080328 3 1820.800 0.09551 
013 080328 4 436.100 0.10019 
013 080328 4 864.525 0.09479 
013 080328 5 1670.400 0.10092 
013 080328 5 3319.250 0.11755 
013 080328 6 2666.975 0.11655 
013 080328 7 1042.775 0.09922 
013 080328 8 1235.300 0.09516 
013 080328 8 1768.500 0.09658 
013 080328 11 800.750 0.11818 
013 080328 12 2242.950 0.10683 
013 080328 12 3305.275 0.12733 
013 080328 13 1732.775 0.11535 
013 080328 14 2504.650 0.10400 
013 080328 14 3310.525 0.12059 
013 080328 16 1704.250 0.13542 
013 080328 16 1804.550 0.09856 
013 080328 16 3321.525 0.11284 
013 080328 17 2897.950 0.19518 
013 080328 18 728.650 0.13672 
013 080328 18 903.350 0.09900 
013 080328 18 2234.625 0.11635 
013 080328 19 890.825 0.10859 
013 080328 20 1198.275 0.11672 
013 080328 22 1006.600 0.11654 
013 080328 23 139.825 0.09642 
013 080329 1 983.275 0.13400 
013 080329 1 3164.625 0.10834 
013 080329 4 2283.125 0.08707 
013 080329 4 2655.800 0.11779 
013 080329 5 3160.950 0.23028 
013 080329 6 175.075 0.08771 
013 080329 6 1658.900 0.09092 
013 080329 6 1660.075 0.10132 
013 080329 8 299.975 0.08836 
013 080329 8 2437.575 0.08352 
013 080329 8 3175.250 0.08306 
013 080329 8 3212.800 0.10832 
013 080329 8 3387.575 0.09749 
013 080329 8 3389.925 0.09602 
013 080329 8 3419.850 0.08650 
013 080329 9 907.500 0.10585 
013 080329 10 744.275 0.08435 
013 080329 11 1048.250 0.09113 
013 080329 13 1030.725 0.20369 
013 080329 13 1113.450 0.08947 
013 080329 13 1275.050 0.08402 
013 080329 13 1309.200 0.08803 
013 080329 13 1526.425 0.08848 
013 080329 13 1862.425 0.08875 
013 080329 14 524.425 0.08706 
013 080329 14 2016.450 0.15040 
013 080329 14 2351.525 0.17065 
013 080329 15 542.925 0.11790 
013 080329 15 2342.025 0.08309 
013 080329 16 639.125 0.09036 
013 080329 16 912.125 0.10587 
013 080329 16 2565.575 0.08917 
013 080329 17 1995.150 0.08559 
013 080329 18 3052.800 0.23238 
013 080329 19 212.700 0.10050 
013 080329 20 3361.500 0.08693 
013 080329 21 1275.175 0.11233 
013 080329 22 109.450 0.08325 
013 080329 22 2827.025 0.12093 
013 080329 23 231.575 0.10060 
013 080329 23 852.550 0.12874 
013 080329 23 1525.450 0.09082 
013 080329 24 766.500 0.12856 
013 080330 1 3148.800 0.09638 
013 080330 2 1067.475 0.10246 
013 080330 2 1595.575 0.08990 
013 080330 3 394.950 0.09288 
013 080330 3 974.575 0.10398 
013 080330 4 734.150 0.10551 
013 080330 5 2133.650 0.08902 
013 080330 6 264.850 0.09272 
013 080330 7 2245.650 0.08765 
013 080330 7 2931.300 0.09385 
013 080330 8 353.125 0.09745 
013 080330 8 749.525 0.08796 
013 080330 9 389.150 0.10825 
013 080330 11 2730.875 0.09720 
013 080330 13 1266.100 0.09924 
013 080330 15 2601.575 0.24154 
013 080330 16 415.375 0.09805 
013 080330 16 581.575 0.13590 
013 080330 16 1343.000 0.20743 
013 080330 18 769.550 0.13156 
013 080330 19 1915.950 0.08784 
013 080330 20 2315.925 0.08859 
013 080330 21 765.200 0.11231 
013 080330 21 2251.700 0.09893 
013 080330 21 2284.750 0.22287 
013 080330 22 110.750 0.17475 
013 080330 24 404.325 0.08604 
013 080331 1 3497.300 0.11091 
013 080331 2 576.400 0.15073 
013 080331 2 1119.675 0.17017 
013 080331 4 2053.075 0.09326 
013 080331 5 238.850 0.11563 
013 080331 5 3087.575 0.10297 
013 080331 6 2134.900 0.09321 
013 080331 7 290.025 0.09766 
013 080331 7 292.275 0.09662 
013 080331 8 1811.875 0.09646 
013 080331 9 506.300 0.11287 
013 080331 10 1523.875 0.13055 
013 080331 11 1903.875 0.11126 
013 080331 11 1905.800 0.09613 
013 080331 12 1346.275 0.09030 
013 080331 13  0.200 0.09236 
013 080331 14 1356.100 0.17912 
013 080331 14 1448.350 0.10963 
013 080331 14 2508.600 0.16013 
013 080331 14 3132.500 0.08894 
013 080331 15 396.950 0.09406 
013 080331 15 3215.125 0.12268 
013 080331 16 543.100 0.09197 
013 080331 16 3573.575 0.09195 
013 080331 18 1031.450 0.14357 
013 080331 18 3490.700 0.17515 
013 080331 19 1715.375 0.09611 
013 080331 20 2434.300 0.10158 
013 080331 20 3118.250 0.10803 
013 080331 23 452.725 0.09970 
013 080331 24 236.325 0.12227 
013 080401 1 3366.375 0.09335 
013 080401 2 2777.300 0.09784 
013 080401 3 2081.275 0.12322 
013 080401 5 2808.700 0.11047 
013 080401 7 1499.325 0.09584 
013 080401 9 379.525 0.09642 
013 080401 12 1249.700 0.11890 
013 080401 12 3031.100 0.10191 
013 080401 13 2500.375 0.12173 
013 080401 14 2824.525 0.13571 
013 080401 14 3026.950 0.85865 
013 080401 14 3071.075 0.34322 
013 080401 18 2025.850 0.09410 
013 080401 19 501.975 0.12496 
013 080401 19 787.025 0.09842 
013 080401 20 766.700 0.10190 
013 080401 21 3320.100 0.09718 
013 080401 22 1470.825 0.10936 
013 080401 24 23.500 0.48111 
013 080403 1 434.775 0.12141 
013 080403 1 2735.325 0.10667 
013 080403 2 760.900 0.13002 
013 080403 2 2861.275 0.10369 
013 080403 4 2385.575 0.10291 
013 080403 7 449.600 0.10726 
013 080403 11 692.425 0.11424 
013 080403 14 3495.850 0.16159 
013 080403 18 2916.200 0.09954 
013 080403 21 850.925 0.10194 
013 080403 21 2069.200 0.11047 
013 080403 22 1459.750 0.17186 
013 080403 23 3089.625 0.14622 
013 080403 24 398.500 0.09894 
013 080404 5 2850.000 0.11589 
013 080404 7 191.850 0.09838 
013 080404 7 390.350 0.09711 
013 080404 7 916.925 0.10289 
013 080404 7 1831.650 0.11588 
013 080404 7 2555.650 0.12925 
013 080404 8 2252.575 0.10065 
013 080404 9 2547.850 0.13970 
013 080404 9 2549.875 0.11218 
013 080404 11 927.100 0.10835 
013 080404 11 1564.125 0.18887 
013 080404 11 3245.550 0.15496 
013 080404 11 3303.225 0.10976 
013 080404 13 2916.250 0.11257 
013 080404 18 720.000 1.00000 
013 080404 18 2045.700 0.84606 
013 080404 18 2773.325 0.17279 
013 080404 23 3136.300 0.27435 
013 080404 24 2068.400 0.82792 
013 080404 24 2188.675 0.44215 
013 080404 24 2211.275 0.13155 
013 080404 24 2843.325 0.10564 
013 080405 1 149.675 0.10328 
013 080405 1 1688.675 0.11622 
013 080405 3 2106.350 0.09423 
013 080405 4 2192.875 0.10140 
013 080405 5 309.700 0.14814 
013 080405 5 1801.350 0.16799 
013 080405 6 950.075 0.13640 
013 080405 8 430.825 0.09917 
013 080405 8 834.200 0.09553 
013 080405 8 1784.075 0.10697 
013 080405 9 2876.200 0.10618 
013 080405 9 3033.950 0.09802 
013 080405 10 1051.225 0.09743 
013 080405 12 366.525 0.09442 
013 080405 13 942.400 0.10673 
013 080405 13 1208.725 0.09896 
013 080405 13 2234.850 0.13790 
013 080405 15 3014.575 0.24371 
013 080405 16 86.775 0.09991 
013 080405 17 2892.700 0.09903 
013 080405 18 3505.400 0.15600 
013 080405 24 1188.225 0.11956 
013 080405 24 3286.175 0.10054 
013 080406 3 2456.725 0.10934 
013 080406 4 1316.700 0.13469 
013 080406 4 1396.175 0.22018 
013 080406 4 1456.250 0.15306 
013 080406 8 2359.000 0.12748 
013 080406 10 2900.275 0.18983 
013 080406 11 951.300 0.11667 
013 080406 11 1318.900 0.12593 
013 080406 13 53.550 0.09709 
013 080406 13 2875.650 0.10408 
013 080406 18 2904.925 0.10711 
013 080406 20 3128.050 0.21068 
013 080407 2 3215.025 0.10126 
013 080407 3 3124.475 0.12426 
013 080407 4 1217.825 0.10509 
013 080407 7 597.950 0.10500 
013 080407 11 390.875 0.14024 
013 080407 12 42.250 0.11775 
013 080407 13 983.900 0.12426 
013 080407 16 191.575 0.10594 
013 080407 19 73.625 0.09508 
013 080407 19 522.200 0.10833 
013 080407 21 3096.900 0.10915 
013 080407 22 1907.600 0.09876 
013 080407 23 3307.325 0.09717 
013 080408 2 1674.450 0.22696 
013 080408 2 3511.750 0.14640 
013 080408 6 1369.625 0.09774 
013 080408 6 1370.650 0.12890 
013 080408 7 2959.475 0.10114 
013 080408 11 2795.875 0.16997 
013 080408 11 2969.600 0.09810 
013 080408 13 2541.075 0.09705 
013 080408 13 3397.100 0.11108 
013 080408 18 1771.425 0.12285 
013 080408 22 2906.325 0.10963 
013 080408 24 1385.225 0.13121 
013 080408 24 2771.500 0.10123 
013 080409 1 3385.975 0.10257 
013 080409 3 653.775 0.19715 
013 080409 5 2003.125 0.13511 
013 080409 7 1945.725 0.11021 
013 080409 8 2624.650 0.10317 
013 080409 10 220.775 0.55272 
013 080409 10 2278.825 0.11151 
013 080409 10 2311.775 0.13851 
013 080409 10 2557.975 0.10010 
013 080409 11 3332.675 0.13159 
013 080409 12 654.900 0.10776 
013 080409 12 887.500 0.10309 
013 080409 12 3346.500 0.10516 
013 080409 13 1296.450 0.10334 
013 080409 14 740.575 0.45651 
013 080409 22 1780.625 0.21762 
013 080410 1 3455.550 0.10083 
013 080410 2 2773.250 0.11649 
013 080410 5 746.350 0.09766 
013 080410 7 837.325 0.71905 
013 080410 7 1436.125 0.12697 
013 080410 9 1171.275 0.09188 
013 080410 11 3543.475 0.11257 
013 080410 12 2155.225 0.12282 
013 080410 13 61.500 0.09430 
013 080410 13 1907.850 0.09438 
013 080410 18 539.025 0.09451 
013 080410 19 114.725 0.09249 
013 080410 19 817.900 0.09577 
013 080410 22 2473.200 0.09316 
013 080410 23 738.400 0.09735 
013 080410 24 522.975 0.10867 
013 080411 1 1772.975 0.09101 
013 080411 2 554.350 0.10937 
013 080411 2 2719.850 0.15693 
013 080411 4 331.950 0.09886 
013 080411 5 819.175 0.08886 
013 080411 5 2263.675 0.11639 
013 080411 6 2162.350 0.11050 
013 080411 9 1978.350 0.13175 
013 080411 10 2436.650 0.10478 
013 080411 11 649.700 0.17565 
013 080411 11 3497.125 0.10934 
013 080411 11 3541.425 0.10045 
013 080411 14 2187.150 0.09893 
013 080411 16 2082.475 0.09008 
013 080411 18 1213.250 0.08856 
013 080411 19 2556.625 0.09078 
013 080411 21 1947.850 0.10523 
013 080411 21 2627.275 0.13015 
013 080412 4 1370.575 0.11010 
013 080412 5 200.925 0.09890 
013 080412 6 3145.150 0.11402 
013 080412 8 1396.500 0.14810 
013 080412 10 713.325 0.11350 
013 080412 11 3546.225 0.12580 
013 080412 12 1635.725 0.10499 
013 080412 13 3363.525 0.12238 
013 080412 15 2076.025 0.11824 
013 080412 16 3455.125 0.10229 
013 080412 18 265.475 0.10199 
013 080412 22 726.550 0.11558 
013 080412 22 1918.800 0.11768 
013 080412 23 114.850 0.11955 
013 080412 23 2390.200 0.10152 
013 080413 2 1917.575 0.10715 
013 080413 3 2018.525 0.10480 
013 080413 5 1464.825 0.10312 
013 080413 5 1814.050 0.09937 
013 080413 6 891.800 0.11659 
013 080413 6 1010.900 0.10463 
013 080413 9 2469.950 0.12649 
013 080413 11 830.400 0.17518 
013 080413 17 141.525 0.13814 
013 080413 19 3088.650 0.09894 
013 080413 20 901.650 0.09805 
013 080413 20 3178.900 0.13904 
013 080414 1 766.000 0.09726 
013 080414 1 2724.075 0.12721 
013 080414 5 1443.425 0.09269 
013 080414 5 2504.800 0.09844 
013 080414 10 1040.275 0.12921 
013 080414 11 39.025 0.09685 
013 080414 11 2530.225 0.09096 
013 080414 11 3463.100 0.23796 
013 080414 12 3246.250 0.12729 
013 080414 14 3255.575 0.10194 
013 080414 15 1301.700 0.11520 
013 080414 18 1794.300 0.10834 
013 080414 24 167.700 0.18692 
013 080415 1 2054.825 0.09158 
013 080415 2 2156.425 0.09389 
013 080415 4 1256.325 0.14438 
013 080415 4 1396.000 0.09814 
013 080415 7 1315.825 0.10103 
013 080415 7 1317.350 0.10482 
013 080415 7 1970.300 0.09463 
013 080415 11 3447.725 0.11193 
013 080415 14 3060.575 0.14785 
013 080415 18 743.925 0.18200 
013 080415 19 1658.700 0.10851 
013 080415 19 2878.450 0.09949 
013 080416 2 2945.225 0.09317 
013 080416 3 1244.900 0.11690 
013 080416 5 305.300 0.15319 
013 080416 5 435.475 0.08933 
013 080416 9 2395.100 0.10213 
013 080416 10 817.600 0.09313 
013 080416 11 629.250 0.10613 
013 080416 11 870.350 0.10382 
013 080416 11 3228.475 0.10404 
013 080416 11 3371.675 0.11333 
013 080416 12 2066.750 0.13183 
013 080416 14 3159.425 0.09002 
013 080416 15 721.775 0.17675 
013 080416 17 1187.625 0.10045 
013 080416 17 1316.275 0.09282 
013 080416 19 593.975 0.10745 
013 080416 19 932.600 0.08905 
013 080416 21 299.250 0.09766 
013 080417 1 513.475 0.11043 
013 080417 7 816.125 0.08957 
013 080417 7 1716.475 0.19219 
013 080417 7 2049.300 0.11648 
013 080417 7 2211.150 0.09486 
013 080417 7 2656.900 0.09132 
013 080417 9 1839.150 0.10306 
013 080417 10 355.100 0.09774 
013 080417 10 1587.925 0.10037 
013 080417 11 1054.975 0.12329 
013 080417 11 1811.000 0.11197 
013 080417 12 1025.450 0.12553 
013 080417 13 1540.725 0.15325 
013 080417 15 1783.400 0.11238 
013 080417 16 268.400 0.08968 
013 080417 24 1459.500 0.09174 
013 080418 4 951.775 0.17425 
013 080418 6 445.400 0.09343 
013 080418 6 3230.825 0.10294 
013 080418 7 289.825 0.08845 
013 080418 10 3237.575 0.11616 
013 080418 12 1893.250 0.10391 
013 080418 14 1869.175 0.09536 
013 080418 14 3568.750 0.09715 
013 080418 15 1395.650 0.08889 
013 080418 16 2054.400 0.09831 
013 080418 16 3192.925 0.08986 
013 080418 16 3240.500 0.09628 
013 080418 21 14.775 0.08856 
013 080418 21 1158.350 0.12318 
013 080418 21 2284.025 0.23948 
013 080418 23 820.250 0.09213 
013 080418 23 3101.425 0.08812 
013 080419 2 1757.000 0.13418 
013 080419 2 1868.350 0.09475 
013 080419 4 759.450 0.10296 
013 080419 5 2106.275 0.09744 
013 080419 6 1788.750 0.09002 
013 080419 12 1564.525 0.09190 
013 080419 16 3235.100 0.13808 
013 080419 20 1893.575 0.10646 
013 080419 24  1.525 0.17040 
013 080420 8 571.250 0.10069 
013 080420 8 2938.350 0.10452 
013 080420 8 3575.425 0.11243 
013 080420 10 1623.500 0.09917 
013 080420 11 2163.000 0.09660 
013 080420 11 2381.075 0.09234 
013 080420 12 1974.300 0.10859 
013 080420 13 1118.250 0.14202 
013 080420 13 2295.375 0.09721 
013 080420 16 1975.875 0.10908 
013 080420 17 1912.875 0.11214 
013 080420 23 212.350 0.11388 
013 080421 2 2623.900 0.18039 
013 080421 4 1317.150 0.12092 
013 080421 5 1109.475 0.10099 
013 080421 6 2709.250 0.10108 
013 080421 6 2767.225 0.12890 
013 080421 6 3587.300 0.10937 
013 080421 9 2015.200 0.09927 
013 080421 13 1914.725 0.10083 
013 080421 16 1408.000 0.11841 
013 080421 20 1342.200 0.11134 
013 080421 21 1321.775 0.11686 
013 080421 23 881.600 0.11448 
013 080421 23 1799.900 0.10650 
013 080421 23 3086.150 0.16773 
013 080421 24 807.825 0.10169 
013 080422 1 1692.650 0.13521 
013 080422 2 694.600 0.10138 
013 080422 3 1103.650 0.10631 
013 080422 4 15.575 0.10251 
013 080422 4 126.425 0.11115 
013 080422 4 424.450 0.11017 
013 080422 4 589.075 0.09704 
013 080422 4 1247.050 0.13566 
013 080422 4 3453.775 0.13536 
013 080422 6 528.025 0.20092 
013 080422 7 3137.625 0.10112 
013 080422 8 2364.100 0.11740 
013 080422 9 1315.725 0.10358 
013 080422 10 2221.325 0.12694 
013 080422 11 1600.225 0.10044 
013 080422 15 1839.475 0.10327 
013 080422 19 997.625 0.16072 
013 080422 20 3597.800 0.10910 
013 080422 23 2599.950 0.09712 
013 080423 2 1534.950 0.12013 
013 080423 2 2087.550 0.10030 
013 080423 3 3213.200 0.10494 
013 080423 6 224.600 0.10512 
013 080423 6 2355.725 0.16645 
013 080423 8 2446.500 0.21015 
013 080423 8 3170.075 0.10835 
013 080423 9 2618.100 0.10208 
013 080423 9 2620.025 0.11345 
013 080423 9 2840.975 0.09907 
013 080423 9 2842.725 0.09542 
013 080423 9 3594.300 0.19898 
013 080423 11 429.825 0.14453 
013 080423 12 691.250 0.09660 
013 080423 12 1538.600 0.10046 
013 080423 18 593.100 0.09476 
013 080423 18 1524.675 0.14356 
013 080423 18 3486.150 0.14622 
013 080423 20 2027.050 0.16260 
013 080423 24 2822.500 0.09481 
013 080424 3 2175.800 0.11971 
013 080424 5 1871.550 0.10047 
013 080424 8 1697.925 0.09894 
013 080424 12 375.300 0.11302 
013 080424 12 3505.675 0.10638 
013 080424 13 1425.400 0.09632 
013 080424 13 2326.525 0.09835 
013 080424 17 1029.800 0.11354 
013 080424 18 1381.300 0.14064 
013 080424 18 2307.375 0.13096 
013 080424 19 3422.750 0.10359 
013 080424 20 706.525 0.12398 
013 080425 3 1655.325 0.10652 
013 080425 8 2642.000 0.14883 
013 080425 9 323.600 0.10435 
013 080425 10 2373.100 0.12085 
013 080425 13 307.350 0.16467 
013 080425 13 924.275 0.19878 
013 080425 13 3424.250 0.14113 
013 080425 15 1465.100 0.14884 
013 080425 21 3392.625 0.10095 
013 080425 24 3533.650 0.11359 
013 080426 3 1462.525 0.15654 
013 080426 4 979.000 0.15628 
013 080426 4 1510.625 0.10242 
013 080426 5 1994.475 0.11120 
013 080426 8 231.125 0.12599 
013 080426 11 2794.950 0.10301 
013 080426 13 1190.450 0.10001 
013 080426 17 1436.600 0.10065 
013 080426 19 3500.175 0.10755 
013 080426 21 2479.825 0.29414 
013 080426 22 453.725 0.14109 
013 080426 22 3381.075 0.10030 
013 080427 1 458.500 0.10396 
013 080427 1 2902.350 0.10075 
013 080427 5 387.075 0.15970 
013 080427 6 2768.675 0.12567 
013 080427 10 1799.850 0.11413 
013 080427 11 3097.300 0.10581 
013 080427 14 26.400 0.11451 
013 080427 14 416.050 0.14481 
013 080427 14 969.525 0.20045 
013 080427 14 1164.425 0.16339 
013 080427 14 1270.250 0.09940 
013 080427 14 1578.325 0.11143 
013 080427 14 2558.750 0.11241 
013 080427 14 3106.400 0.12953 
013 080427 14 3111.325 0.18691 
013 080427 15 723.250 0.13604 
013 080427 15 1042.825 0.11270 
013 080427 15 1152.525 0.11245 
013 080427 15 2901.800 0.19390 
013 080427 16 1329.525 0.12245 
013 080427 18 2414.450 0.10348 
013 080427 19 1065.100 0.10069 
013 080428 1 421.800 0.10872 
013 080428 6 1887.075 0.15403 
013 080428 7 428.650 0.12276 
013 080428 8 899.125 0.11433 
013 080428 8 901.500 0.10636 
013 080428 10 121.250 0.14418 
013 080428 11 1500.725 0.11972 
013 080428 11 2902.400 0.09510 
013 080428 12 3304.900 0.12561 
013 080428 13 352.150 0.09498 
013 080428 14 1193.975 0.12494 
013 080428 16 939.825 0.10756 
013 080428 20 315.450 0.16123 
013 080428 21 837.625 0.10074 
013 080428 21 1620.625 0.09623 
013 080429 6 521.225 0.09570 
013 080429 6 3210.475 0.10896 
013 080429 7 572.550 0.10944 
013 080430 2 3488.800 0.12150 
013 080430 4 3584.825 0.11066 
013 080430 5 19.175 0.10222 
013 080430 5 34.650 0.12401 
013 080430 5 326.950 0.11476 
013 080430 5 328.075 0.10255 
013 080430 7 1478.925 0.10241 
013 080430 7 1532.900 0.09567 
013 080430 11 3026.550 0.09239 
013 080430 13 1772.450 0.12956 
013 080430 15 3289.100 0.09267 
