ME29 ME09 ME30 ME13 KHBB WDC  ME16 ME27 ME24 ME28 ME08 ME26 ME12  
Threshhold: 8 
019 080408 4 3389.325 0.13042 
019 080408 5 302.650 0.12230 
019 080408 5 1174.000 0.10014 
019 080408 5 1552.625 0.13524 
019 080408 5 1730.625 0.10032 
019 080408 5 1741.375 0.14747 
019 080408 5 1760.700 0.13863 
019 080408 5 1822.700 0.16893 
019 080408 5 1859.350 0.15881 
019 080408 5 2193.225 0.10443 
019 080408 5 2217.300 0.15553 
019 080408 5 2831.675 0.09819 
019 080408 6 1401.425 0.09609 
019 080408 6 1406.925 0.13538 
019 080408 7 1898.225 0.18167 
019 080408 7 1909.450 0.12032 
019 080408 7 1914.925 0.13628 
019 080408 7 1918.475 0.10608 
019 080408 7 1936.725 0.13886 
019 080408 7 1957.100 0.16453 
019 080408 7 2008.950 0.23406 
019 080408 8 351.425 0.16472 
019 080408 8 548.200 0.18579 
019 080408 8 600.375 0.20296 
019 080408 8 1015.450 0.14675 
019 080408 8 1079.175 0.17108 
019 080408 8 1110.000 0.34296 
019 080408 8 1264.825 0.18366 
019 080408 8 1270.000 0.18561 
019 080408 8 1382.100 0.12578 
019 080408 9 628.925 0.17147 
019 080408 9 644.200 0.14316 
019 080408 9 681.325 0.10566 
019 080408 9 684.500 0.21983 
019 080408 9 723.325 0.17625 
019 080408 9 725.025 0.26757 
019 080408 9 907.800 0.22059 
019 080408 9 913.875 0.09665 
019 080408 9 924.075 0.16521 
019 080408 9 930.525 0.15461 
019 080408 9 933.175 0.18950 
019 080408 9 1367.700 0.18261 
019 080408 9 1370.900 0.16867 
019 080408 9 1388.250 0.15680 
019 080408 10 2995.125 0.14245 
019 080408 13 1649.600 0.21874 
019 080408 14 724.800 0.12342 
019 080408 14 3466.850 0.17764 
019 080408 14 3545.125 0.21107 
019 080408 14 3559.550 0.13735 
019 080408 14 3571.450 0.26374 
019 080408 15 20.350 0.19645 
019 080408 15 124.350 0.14536 
019 080408 15 125.950 0.26131 
019 080408 15 154.750 0.12403 
019 080408 16 2432.475 0.13296 
019 080408 16 2785.225 0.17913 
019 080408 16 2797.500 0.17334 
019 080408 16 2812.500 0.22851 
019 080408 16 3130.825 0.09754 
