ME10 ME30 ME13 KHBB WDC  ME27 ME24 ME28 ME08 ME26 ME12 ME09 ME02 ME29 ME04  
Threshhold: 8 
050 080409 7 1425.800 0.11857 
050 080409 15 2514.075 0.13169 
050 080409 15 2524.900 0.12116 
050 080409 15 2585.150 0.19050 
050 080409 15 2604.125 0.16166 
050 080409 15 2629.600 0.20347 
050 080409 19 2386.925 0.09871 
050 080410 1 1218.425 0.20535 
050 080410 1 1283.850 0.21187 
050 080410 1 1322.175 0.19834 
050 080410 1 1729.225 0.16926 
050 080410 1 2099.575 0.15066 
050 080410 1 2463.025 0.16048 
050 080410 1 2465.900 0.24045 
050 080410 1 2467.450 0.10438 
050 080410 1 2468.525 0.13083 
050 080410 1 2702.325 0.11557 
050 080410 1 2775.975 0.14368 
050 080410 1 2848.400 0.13301 
050 080410 1 2906.550 0.13638 
050 080410 1 2909.975 0.29144 
050 080410 2 743.925 0.13773 
050 080410 2 752.800 0.12679 
050 080410 2 755.525 0.12840 
050 080410 2 825.350 0.11023 
050 080410 3 1287.800 0.16980 
050 080410 3 1317.625 0.12780 
050 080410 3 1330.500 0.13300 
050 080410 3 1334.925 0.26658 
050 080410 3 1359.325 0.15834 
050 080410 3 1599.550 0.27036 
050 080410 3 1603.050 0.13592 
050 080410 3 2670.825 0.12123 
050 080410 3 2681.050 0.16063 
050 080410 3 2685.825 0.10406 
050 080410 3 2687.900 0.29586 
050 080410 3 2703.525 0.13291 
050 080410 4 1529.625 0.11956 
050 080410 4 1533.050 0.18505 
050 080410 4 2453.650 0.23918 
050 080410 4 2456.400 0.17769 
050 080410 4 2537.350 0.10207 
050 080410 4 2548.100 0.12235 
050 080410 4 2746.625 0.16466 
050 080410 4 2888.775 0.13286 
050 080410 4 2896.550 0.14032 
050 080410 5 2376.700 0.10265 
050 080410 5 2482.225 0.11911 
050 080410 5 2536.575 0.15822 
050 080410 5 3272.725 0.19626 
050 080410 5 3336.775 0.17846 
050 080410 5 3350.500 0.15870 
050 080410 5 3354.050 0.12072 
050 080410 6 342.275 0.16255 
050 080410 6 435.325 0.16718 
050 080410 6 444.400 0.26023 
050 080410 6 473.050 0.14449 
050 080410 6 479.400 0.13412 
050 080410 7 1048.650 0.10419 
050 080410 7 1071.675 0.11718 
050 080410 7 1076.175 0.14536 
050 080410 7 1130.325 0.18165 
050 080410 7 2655.075 0.15383 
050 080410 7 2657.375 0.19312 
050 080410 7 2743.700 0.17720 
050 080410 7 2750.625 0.10615 
050 080410 7 2816.400 0.14023 
050 080410 7 2827.075 0.10195 
050 080410 8 240.800 0.16399 
050 080410 8 437.925 0.16353 
050 080410 8 439.475 0.14947 
050 080410 9 572.575 0.13204 
050 080410 9 636.875 0.22169 
050 080410 9 660.250 0.21203 
050 080410 9 715.250 0.10723 
050 080410 9 754.450 0.20446 
050 080410 9 789.975 0.11715 
050 080410 9 1070.925 0.22887 
050 080410 9 1073.025 0.11306 
050 080410 9 1089.325 0.11385 
050 080410 9 1138.200 0.10368 
050 080410 9 1448.500 0.16945 
050 080410 9 1449.775 0.22909 
050 080410 9 1451.300 0.14540 
050 080410 9 1453.325 0.16819 
050 080410 9 1455.550 0.19325 
050 080410 9 1457.025 0.10279 
050 080410 10 1626.600 0.11647 
050 080410 11 1971.050 0.14334 
050 080410 11 1994.200 0.16441 
050 080410 11 2009.800 0.20294 
050 080410 11 2013.300 0.20145 
050 080410 11 2021.425 0.20391 
050 080410 11 2031.375 0.13940 
050 080410 15 333.625 0.12996 
050 080410 15 371.800 0.11043 
050 080410 15 383.175 0.29068 
050 080410 15 399.325 0.11036 
050 080410 15 416.850 0.15788 
050 080410 15 533.800 0.20202 
050 080410 15 563.825 0.10263 
050 080410 15 566.575 0.17154 
050 080410 15 587.100 0.13616 
050 080410 15 595.950 0.18907 
050 080410 15 598.850 0.13591 
050 080412 1 2912.950 0.09916 
050 080412 1 2925.200 0.17808 
050 080412 6 2881.500 0.10672 
050 080412 8 1748.625 0.09406 
050 080418 11 371.025 0.10765 
