ME01 YBH  ME03 ME02 KRMB B039 ME04 ME29 ME09 ME10  
Threshhold: 8 
018 080421 4 2354.725 0.20081 
018 080421 12 1308.800 0.15160 
018 080421 12 1913.725 0.14544 
018 080421 12 2206.025 0.14966 
018 080421 12 2320.975 0.18208 
018 080421 12 2540.850 0.14385 
018 080421 12 2542.175 0.15002 
018 080421 12 2618.350 0.10892 
018 080421 12 2821.675 0.14057 
018 080421 12 3172.825 0.25782 
018 080421 12 3186.975 0.22447 
018 080421 12 3195.425 0.16893 
018 080421 12 3258.325 0.22967 
018 080421 12 3264.575 0.18148 
018 080421 12 3580.175 0.16530 
018 080421 13 489.675 0.20202 
018 080421 13 968.650 0.20308 
018 080421 13 982.800 0.20188 
018 080421 13 990.450 0.21271 
018 080421 13 1018.000 0.36727 
018 080421 13 1025.950 0.23651 
018 080421 13 1099.275 0.11827 
018 080421 13 1192.525 0.10765 
018 080421 13 1203.750 0.18130 
018 080421 13 1206.825 0.10886 
018 080421 13 1214.850 0.23211 
018 080421 13 1216.125 0.22909 
018 080421 13 1232.825 0.13952 
018 080421 13 2606.825 0.17484 
018 080421 13 2610.500 0.19335 
018 080421 13 2618.375 0.20054 
018 080421 14 2369.825 0.21432 
018 080421 14 2383.500 0.23646 
018 080421 14 2404.850 0.19323 
018 080421 14 2472.950 0.21860 
018 080421 14 2476.900 0.17548 
018 080421 14 2569.125 0.22923 
018 080421 16 3533.650 0.18572 
018 080421 17 365.925 0.22773 
018 080421 17 401.425 0.14486 
018 080421 17 586.850 0.19011 
018 080421 23 1302.925 0.19223 
