KHBB WDC  ME16 ME27 ME24 ME28 ME08 ME26 ME12  
Threshhold: 8 
042 080405 7 2123.800 0.18166 
042 080405 7 2413.775 0.12621 
042 080405 7 2806.275 0.14943 
042 080405 7 2821.825 0.18865 
042 080405 7 2898.175 0.16302 
042 080405 7 2990.475 0.12374 
042 080405 8 97.525 0.15027 
042 080405 8 100.325 0.15890 
042 080405 8 880.725 0.22651 
042 080405 8 1298.300 0.14628 
042 080405 8 1939.200 0.12535 
042 080405 8 2265.425 0.17370 
042 080405 8 2296.500 0.17500 
042 080405 9 1314.825 0.17484 
042 080405 9 1317.325 0.24081 
042 080405 9 1348.350 0.20058 
042 080405 9 2480.400 0.19243 
042 080405 9 2538.025 0.27039 
042 080405 9 2798.575 0.18917 
042 080405 9 2817.550 0.19122 
042 080405 10 326.425 0.13983 
042 080405 10 2879.775 0.15471 
042 080405 10 2937.950 0.20394 
042 080405 10 2991.900 0.17968 
042 080405 10 3177.675 0.23166 
042 080405 10 3184.875 0.18849 
042 080405 10 3187.400 0.21179 
042 080405 11 1053.550 0.12374 
042 080405 11 1106.025 0.14759 
042 080405 11 1127.100 0.17865 
042 080405 11 1143.850 0.22701 
042 080405 11 1152.825 0.19135 
042 080405 11 1164.600 0.16103 
042 080405 11 2095.050 0.15840 
042 080405 11 2123.450 0.19849 
042 080405 11 2147.050 0.21152 
042 080405 11 2168.950 0.20561 
042 080405 11 2171.975 0.15984 
042 080405 11 2195.600 0.14728 
042 080405 11 2222.475 0.21160 
042 080405 11 2262.425 0.12586 
042 080405 11 2337.150 0.17611 
042 080405 11 2381.775 0.18901 
042 080405 11 2462.000 0.32005 
042 080405 11 2501.650 0.16321 
042 080405 11 2506.625 0.25809 
042 080405 11 2510.200 0.18876 
042 080405 11 2625.925 0.23074 
042 080405 11 2899.175 0.14355 
042 080405 11 2902.325 0.14930 
042 080405 11 3116.750 0.18126 
042 080405 12 629.400 0.12346 
042 080405 12 648.375 0.15110 
042 080405 12 782.975 0.18270 
042 080405 12 790.025 0.14663 
042 080405 13 63.975 0.17236 
042 080405 13 66.100 0.15367 
042 080405 13 96.100 0.18358 
042 080405 13 99.000 0.21023 
042 080405 13 122.400 0.14482 
042 080405 13 125.475 0.21928 
042 080405 13 137.425 0.17915 
042 080405 13 170.150 0.26968 
042 080405 13 218.950 0.15961 
042 080405 13 297.350 0.19029 
042 080405 13 306.975 0.17896 
042 080405 13 413.425 0.26180 
042 080405 13 474.000 0.15807 
042 080405 14 630.175 0.15759 
042 080405 14 716.575 0.14329 
042 080405 14 722.100 0.26193 
042 080405 15 3188.350 0.12449 
042 080405 15 3209.250 0.14010 
042 080405 15 3216.500 0.19688 
042 080405 15 3226.700 0.14945 
042 080405 15 3228.250 0.20194 
042 080405 15 3443.400 0.13418 
042 080405 16 570.475 0.13179 
042 080405 16 603.375 0.12926 
042 080405 16 640.100 0.13214 
042 080405 16 641.150 0.15956 
042 080405 16 755.825 0.12882 
042 080405 16 1705.650 0.15848 
042 080405 18 2452.750 0.23188 
042 080405 18 2539.250 0.21120 
042 080405 18 2722.900 0.15744 
042 080405 18 2737.350 0.11936 
042 080405 20 1562.600 0.29024 
042 080405 20 1656.325 0.13130 
042 080405 20 2390.000 0.15552 
042 080405 20 2608.550 0.19091 
042 080406 3 3594.525 0.11727 
042 080406 4 111.050 0.16394 
042 080406 4 183.725 0.22104 
042 080406 4 225.950 0.17392 
042 080406 4 230.150 0.17797 
042 080406 4 238.850 0.13049 
042 080406 4 263.200 0.12367 
042 080406 4 265.225 0.16255 
042 080406 4 368.425 0.18791 
042 080406 4 666.825 0.25440 
042 080406 4 709.625 0.13173 
042 080406 4 778.800 0.17503 
042 080406 4 907.325 0.13367 
042 080406 4 986.375 0.34234 
042 080406 4 1440.850 0.12312 
042 080406 4 1763.725 0.11880 
042 080406 4 1934.575 0.11524 
042 080406 4 1938.700 0.12575 
042 080406 10 1236.400 0.11876 
042 080406 10 1637.325 0.19107 
042 080406 10 1680.625 0.16382 
042 080406 10 2222.100 0.13517 
042 080406 12 3051.250 0.14317 
042 080406 13 2323.050 0.16783 
042 080406 13 2656.875 0.12673 
042 080406 13 2761.100 0.11319 
042 080406 13 2764.075 0.11910 
042 080406 13 2791.125 0.11365 
042 080406 13 2830.525 0.12038 
042 080406 13 3025.675 0.11433 
042 080406 13 3490.825 0.15069 
042 080406 13 3491.975 0.12425 
042 080406 13 3493.025 0.15506 
042 080406 21 2584.875 0.15986 
042 080406 22 99.150 0.11697 
