ME01 YBH  ME03 ME02 KRMB B039 ME04 ME29 ME10 ME30 ME13 KHBB WDC   
Threshhold: 8 
041 080419 2 1135.425 0.09513 
041 080419 2 1138.675 0.16309 
041 080419 2 1407.525 0.14792 
041 080419 3 1708.225 0.15285 
041 080419 4 41.425 0.19626 
041 080419 4 542.500 0.14257 
041 080419 4 544.425 0.17672 
041 080419 5 2845.175 0.11863 
041 080419 6 1168.125 0.14348 
041 080419 6 1378.400 0.13499 
041 080419 9 1943.375 0.19586 
041 080419 9 1949.950 0.19051 
041 080419 11 2541.775 0.16645 
041 080419 11 2651.700 0.12116 
041 080419 11 2707.075 0.21038 
041 080419 12 3310.975 0.20575 
041 080419 14 892.025 0.10453 
041 080419 22 2268.525 0.20912 
041 080419 22 2540.125 0.11732 
041 080420 1 2322.300 0.10757 
041 080420 1 3027.900 0.17117 
041 080420 3 76.300 0.14170 
041 080420 4 36.100 0.16277 
041 080420 4 121.850 0.13289 
041 080420 4 3225.400 0.11748 
041 080420 5 1348.150 0.15644 
041 080420 5 1496.300 0.10173 
041 080420 7 2061.600 0.13676 
041 080420 8 2437.500 0.34399 
041 080420 8 2621.650 0.14640 
041 080420 13 397.075 0.11253 
041 080420 13 428.200 0.19062 
041 080420 13 433.725 0.17798 
041 080420 13 500.525 0.14302 
041 080420 13 538.850 0.18249 
041 080420 13 571.925 0.25224 
041 080420 13 631.375 0.14014 
041 080420 13 764.425 0.17304 
041 080420 13 1178.225 0.15964 
041 080420 13 1416.275 0.14214 
041 080420 13 1462.975 0.15080 
041 080420 13 2494.575 0.16403 
041 080420 13 2505.625 0.18366 
041 080421 4 2898.175 0.10659 
041 080421 5 2322.125 0.15219 
041 080421 5 2336.150 0.19316 
041 080421 5 2524.450 0.13738 
041 080421 5 2762.500 0.17377 
041 080421 5 2783.825 0.18473 
041 080421 5 3461.175 0.15307 
041 080421 16 3437.350 0.08782 
041 080421 17 692.150 0.15253 
041 080422 4 244.700 0.08681 
041 080422 10 2527.600 0.10334 
041 080422 11 1870.225 0.12663 
041 080422 11 2347.450 0.14807 
041 080422 11 2476.250 0.10270 
041 080423 8 995.925 0.21130 
041 080423 8 1161.425 0.14674 
041 080423 8 2975.150 0.10596 
041 080423 8 3098.925 0.17777 
041 080423 8 3103.225 0.10271 
041 080423 10 2482.350 0.10971 
041 080423 16 1181.625 0.08819 
