KSXB ME01 YBH  ME03 ME02 KRMB B039 ME04 ME29 ME09 ME10 ME13 KHBB  
Threshhold: 8 
050 080421 12 1248.000 0.11002 
050 080421 14 2849.175 0.18029 
050 080421 14 3031.425 0.10607 
050 080421 14 3124.200 0.12274 
050 080421 14 3171.000 0.12845 
050 080421 14 3196.475 0.09067 
050 080421 14 3198.075 0.13741 
050 080421 14 3217.850 0.12755 
050 080421 14 3292.550 0.10594 
050 080421 14 3300.300 0.24357 
050 080421 14 3324.350 0.11747 
050 080421 14 3357.100 0.17924 
050 080421 14 3414.575 0.10680 
050 080421 14 3415.700 0.11990 
050 080421 14 3438.825 0.11873 
050 080421 14 3462.750 0.14514 
050 080421 14 3526.925 0.12975 
050 080421 14 3535.575 0.10288 
050 080421 14 3539.475 0.14319 
050 080421 15  6.825 0.13826 
050 080421 15 80.450 0.20398 
050 080421 15 96.425 0.09053 
050 080421 15 315.550 0.15693 
050 080421 15 338.600 0.11981 
050 080421 15 356.750 0.13503 
050 080421 15 359.375 0.16351 
050 080421 15 371.425 0.10682 
050 080421 15 376.925 0.09193 
050 080421 15 381.900 0.26368 
050 080421 15 393.375 0.14717 
050 080421 15 539.050 0.10005 
050 080421 15 649.775 0.16874 
050 080421 15 655.850 0.14587 
050 080421 15 662.475 0.19735 
050 080421 15 672.425 0.17040 
050 080421 15 870.425 0.09358 
050 080421 15 905.475 0.17789 
050 080421 15 907.425 0.13823 
050 080421 15 909.075 0.09575 
050 080421 15 916.875 0.14026 
050 080421 15 942.250 0.12661 
050 080421 15 956.700 0.14724 
050 080421 15 995.925 0.15057 
050 080421 15 997.750 0.09906 
050 080421 15 2906.275 0.12367 
050 080421 15 2908.000 0.13486 
050 080421 15 2916.550 0.13999 
050 080421 15 2918.800 0.18310 
050 080421 15 2937.025 0.12283 
050 080421 15 2941.375 0.12744 
050 080421 15 2955.950 0.12702 
050 080421 15 2983.450 0.14019 
050 080421 15 2988.000 0.36377 
050 080421 15 3018.500 0.13044 
050 080421 15 3022.950 0.13769 
050 080421 15 3024.850 0.15648 
050 080421 16 3111.700 0.16850 
050 080421 16 3134.125 0.13421 
050 080421 16 3137.475 0.13816 
050 080421 16 3144.500 0.12507 
050 080421 16 3146.275 0.12851 
050 080421 16 3167.175 0.14503 
050 080421 16 3171.125 0.18081 
050 080421 16 3250.200 0.11577 
050 080421 16 3298.575 0.10418 
050 080421 16 3299.650 0.12422 
050 080421 17 413.625 0.12105 
050 080421 17 521.975 0.10252 
050 080421 17 632.175 0.15039 
050 080421 17 918.650 0.12016 
050 080421 17 3162.050 0.10238 
050 080421 17 3305.900 0.11759 
050 080421 17 3309.250 0.14012 
050 080421 17 3387.875 0.13721 
050 080421 17 3408.375 0.11674 
050 080421 23 1252.225 0.09070 
050 080421 23 1619.950 0.12692 
050 080421 23 1654.975 0.16588 
050 080421 23 1692.325 0.11178 
050 080421 23 1695.900 0.13067 
050 080421 23 1697.425 0.10701 
050 080421 23 1709.500 0.12673 
050 080421 23 1731.625 0.13995 
050 080421 23 1738.800 0.11754 
050 080421 23 1794.675 0.13438 
050 080421 23 1845.375 0.15812 
050 080421 23 1856.975 0.14447 
050 080421 23 1963.600 0.14510 
050 080421 23 1988.600 0.14366 
050 080422 2 350.125 0.11119 
050 080422 2 368.800 0.09303 
050 080422 2 399.550 0.12347 
050 080422 2 521.700 0.11950 
050 080422 2 547.475 0.13908 
050 080422 2 772.525 0.12686 
050 080422 2 863.675 0.09685 
050 080422 2 874.650 0.11238 
050 080422 2 878.075 0.15047 
050 080422 2 906.575 0.13230 
050 080422 2 913.600 0.14086 
050 080422 2 971.325 0.09343 
050 080422 2 972.500 0.12607 
050 080422 2 979.100 0.24697 
050 080422 2 988.725 0.12971 
050 080422 2 997.225 0.17624 
050 080422 2 1043.525 0.13681 
050 080422 2 1082.700 0.09282 
050 080422 2 1185.175 0.09575 
050 080422 2 1186.275 0.13839 
050 080422 4 560.300 0.09284 
050 080422 4 1230.625 0.12540 
050 080422 4 1300.650 0.12063 
050 080422 4 1303.175 0.15286 
050 080422 4 1363.100 0.13821 
050 080422 4 1371.500 0.19181 
050 080422 4 1622.250 0.16739 
050 080422 4 1662.100 0.14885 
050 080422 4 1671.675 0.19591 
050 080422 4 3193.850 0.09662 
050 080422 4 3217.475 0.12829 
050 080422 4 3266.875 0.23931 
050 080422 12 2648.375 0.14307 
050 080422 12 3414.825 0.09661 
050 080422 12 3523.625 0.10695 
050 080422 12 3542.750 0.16224 
050 080422 12 3554.000 0.13697 
050 080422 12 3556.325 0.20965 
050 080422 12 3559.400 0.13626 
050 080422 12 3597.125 0.12136 
050 080422 13 73.250 0.17292 
050 080422 13 75.275 0.16389 
050 080422 13 134.825 0.17197 
050 080422 13 231.575 0.09271 
050 080422 13 284.375 0.12738 
050 080423 4 56.225 0.09322 
050 080423 4 59.725 0.14553 
050 080423 4 175.800 0.12611 
050 080423 4 243.000 0.11694 
050 080423 4 638.725 0.12693 
050 080423 4 2639.175 0.12410 
050 080423 4 2710.125 0.09366 
050 080423 4 2714.450 0.11099 
050 080423 4 2727.650 0.11908 
