ME04 ME09 KHBB ME30 ME13 ME27 WDC  ME16 ME24 ME28 ME08 ME26 ME12  
Threshhold: 8 
006 080409 3 1763.900 0.12298 
006 080409 8 22.375 0.14750 
006 080409 8 2008.550 0.17326 
006 080409 8 3076.875 0.19053 
006 080409 8 3212.175 0.18267 
006 080409 8 3286.825 0.20398 
006 080409 8 3292.300 0.15338 
006 080409 8 3589.950 0.21555 
006 080409 9 329.800 0.18278 
006 080409 9 331.625 0.19598 
006 080409 9 344.000 0.31971 
006 080409 14 507.200 0.13995 
006 080409 14 637.125 0.16160 
006 080409 14 671.100 0.20600 
006 080409 14 719.700 0.17067 
006 080409 14 721.900 0.22287 
006 080409 14 910.200 0.19986 
006 080409 14 924.675 0.24889 
006 080409 14 1473.125 0.08908 
006 080409 14 1526.625 0.20071 
