WDC  ME16 ME27 ME28 ME08 ME12 ME57  
Threshhold: 8 
058 080401 4 2391.675 0.21127 
058 080401 4 2695.350 0.14046 
058 080401 4 3572.350 0.23119 
058 080401 4 3576.500 0.18150 
058 080401 4 3592.325 0.31671 
058 080401 5  6.825 0.21590 
058 080401 5 284.950 0.19421 
058 080401 5 295.350 0.21409 
058 080401 5 298.625 0.20082 
058 080401 5 562.325 0.17084 
058 080401 5 1791.775 0.13646 
058 080401 5 2944.800 0.14770 
058 080401 6 1529.475 0.14400 
058 080401 6 1719.775 0.16941 
058 080401 6 2280.825 0.22311 
058 080401 6 3371.350 0.20193 
058 080401 11 1241.425 0.17910 
058 080401 23 2651.500 0.16106 
058 080404 10 895.500 0.18731 
058 080404 10 1258.250 0.11556 
058 080404 10 1342.800 0.11740 
058 080404 10 1972.550 0.18018 
058 080404 10 1987.800 0.19107 
058 080404 10 2052.575 0.24787 
058 080404 10 2068.900 0.24698 
058 080404 10 2265.200 0.16609 
058 080404 10 2281.250 0.19945 
058 080404 10 2412.000 0.20169 
058 080404 10 2442.875 0.15092 
058 080404 10 2501.225 0.22275 
058 080404 10 2543.225 0.22832 
058 080404 10 2606.150 0.21079 
058 080404 10 2882.825 0.23040 
058 080404 10 2939.075 0.13446 
058 080404 10 2984.300 0.16786 
058 080404 10 2990.050 0.19142 
058 080404 10 3016.625 0.16922 
058 080404 10 3019.600 0.21133 
058 080404 10 3024.825 0.19427 
058 080404 10 3121.650 0.13425 
058 080404 10 3346.075 0.13682 
058 080404 10 3369.800 0.11236 
058 080404 10 3415.000 0.40005 
058 080404 10 3492.400 0.14020 
058 080404 10 3583.400 0.20286 
058 080404 10 3585.625 0.19689 
058 080404 11 134.275 0.25235 
058 080404 11 141.450 0.29618 
058 080404 11 422.350 0.17973 
058 080404 11 425.200 0.23408 
058 080404 11 1470.925 0.19018 
058 080404 11 1599.700 0.11847 
058 080404 15 3084.025 0.10962 
