WDC  KHBB ME27 ME13 ME30 ME04 ME29 ME09 ME10 ME02 ME28 YBH  ME24 ME08 ME01 ME26  
Threshhold: 8 
049 080413 13 1400.425 0.08643 
049 080413 13 1457.950 0.08520 
049 080415 1 3145.825 0.09132 
049 080415 1 3189.100 0.10867 
049 080415 2 1818.575 0.10088 
049 080415 2 2730.925 0.09738 
049 080415 3 2128.475 0.12574 
049 080415 3 2134.000 0.12978 
049 080415 3 2183.825 0.25787 
049 080415 3 2193.975 0.12801 
049 080415 3 2253.600 0.17231 
049 080415 3 3173.450 0.10834 
049 080415 4 425.275 0.10353 
049 080415 7 1791.700 0.09354 
049 080415 7 1795.300 0.11020 
049 080415 7 2021.025 0.12232 
049 080415 7 2126.925 0.09285 
049 080415 7 2174.775 0.09639 
049 080415 7 2296.700 0.09263 
049 080415 7 2306.675 0.19079 
049 080415 7 2360.750 0.16894 
049 080415 7 2405.050 0.18262 
049 080415 7 2506.175 0.09804 
049 080415 7 2514.800 0.10006 
049 080415 7 2516.300 0.26329 
049 080415 7 2762.125 0.14695 
049 080415 8 867.025 0.13777 
049 080415 8 873.825 0.10647 
049 080415 8 905.125 0.14259 
049 080415 8 959.200 0.09046 
049 080415 8 1223.900 0.09517 
049 080415 8 1227.275 0.16967 
049 080415 8 1262.500 0.12925 
049 080415 8 1326.850 0.22205 
049 080415 8 1346.125 0.26045 
049 080415 8 1566.900 0.15987 
049 080415 8 1573.250 0.13055 
049 080415 8 1574.950 0.17309 
049 080415 8 1661.375 0.17171 
049 080415 8 1680.250 0.14074 
049 080415 8 1682.975 0.09782 
049 080415 8 1735.800 0.09596 
049 080415 8 1751.000 0.10795 
049 080415 8 1754.425 0.23270 
049 080415 8 3181.550 0.12606 
049 080415 8 3435.375 0.11046 
049 080415 9 126.900 0.23090 
049 080415 9 138.075 0.11996 
049 080415 9 147.975 0.11727 
049 080415 9 151.500 0.22506 
049 080415 9 184.825 0.13432 
049 080415 9 234.675 0.14290 
049 080415 9 241.300 0.27868 
049 080415 9 264.675 0.09633 
049 080415 9 276.300 0.09785 
049 080415 9 279.800 0.13000 
049 080415 9 506.550 0.10033 
049 080415 9 635.100 0.10862 
049 080415 10 1298.175 0.09111 
049 080415 10 1383.000 0.09221 
049 080415 11 169.725 0.10706 
049 080415 11 504.750 0.09272 
049 080415 11 506.225 0.09004 
049 080415 11 517.200 0.14572 
049 080415 11 568.875 0.16967 
049 080415 11 589.000 0.09068 
049 080415 11 627.300 0.16204 
049 080415 11 660.350 0.15494 
049 080415 15 318.625 0.09331 
049 080415 24 1342.375 0.11706 
049 080415 24 1531.325 0.11269 
049 080415 24 1550.575 0.09392 
049 080415 24 1556.175 0.10285 
049 080415 24 1577.200 0.12463 
049 080415 24 1624.800 0.16229 
049 080415 24 1628.250 0.15043 
049 080415 24 1646.875 0.15153 
049 080415 24 1806.950 0.10085 
049 080415 24 1844.750 0.09064 
049 080415 24 1988.600 0.10392 
049 080415 24 2000.375 0.09080 
049 080416 15 68.925 0.11881 
049 080416 15 80.700 0.12911 
049 080416 15 2005.925 0.09323 
049 080416 15 2067.300 0.09143 
049 080416 15 2224.525 0.09639 
049 080416 15 2298.425 0.11510 
049 080416 15 2437.125 0.11957 
049 080416 15 2456.600 0.12209 
049 080416 15 2592.650 0.13296 
049 080416 15 2598.400 0.16883 
049 080416 15 2625.875 0.11192 
049 080416 15 3101.725 0.11431 
049 080416 15 3125.825 0.11524 
049 080416 15 3149.050 0.22185 
049 080416 15 3518.325 0.09290 
049 080416 16 23.150 0.08880 
049 080416 19 3165.025 0.11072 
049 080416 19 3195.950 0.12336 
049 080416 20 12.000 0.15073 
049 080416 20 28.375 0.15354 
049 080416 20 30.325 0.11907 
049 080416 20 57.350 0.10905 
049 080416 20 127.400 0.16758 
049 080416 20 164.850 0.09512 
049 080416 20 222.375 0.11008 
049 080416 20 337.925 0.09066 
049 080416 20 595.900 0.13174 
049 080416 20 617.025 0.12040 
049 080416 20 635.425 0.13374 
049 080416 20 651.050 0.13144 
049 080416 20 953.200 0.10474 
049 080416 20 1038.775 0.08924 
049 080416 20 1054.100 0.14708 
049 080416 20 1059.975 0.10796 
049 080416 20 1066.725 0.23304 
049 080416 20 1089.875 0.13383 
049 080417 16 1067.500 0.10531 
049 080418 2 1394.600 0.13608 
049 080418 2 1426.700 0.11023 
049 080418 2 1454.500 0.18502 
049 080418 2 1466.200 0.14664 
049 080418 2 1508.350 0.19277 
049 080418 2 1549.100 0.12001 
049 080418 2 1557.175 0.12174 
049 080418 2 1628.800 0.15412 
049 080418 2 1635.800 0.12221 
049 080418 2 1690.925 0.09617 
049 080418 2 1765.625 0.10752 
049 080418 2 2016.925 0.13885 
049 080418 2 2118.450 0.12660 
049 080418 2 2121.075 0.19212 
049 080418 2 2131.675 0.17723 
049 080418 2 2380.450 0.20019 
049 080418 2 2782.675 0.13708 
049 080418 2 2790.950 0.09435 
049 080418 2 2796.650 0.15821 
049 080418 2 2813.650 0.09469 
049 080418 2 2815.900 0.11556 
049 080418 2 2838.550 0.10869 
049 080418 2 2850.000 0.20609 
049 080418 2 2974.475 0.10626 
049 080418 2 3017.500 0.16744 
049 080418 2 3028.475 0.09431 
049 080418 2 3035.150 0.21476 
049 080418 2 3235.500 0.12479 
049 080420 5 646.400 0.09385 
049 080420 5 864.700 0.11757 
049 080420 5 1788.350 0.10545 
049 080420 5 2783.400 0.10919 
049 080420 5 3135.850 0.13302 
049 080420 5 3213.225 0.11684 
049 080420 5 3298.450 0.13429 
049 080420 5 3329.025 0.11711 
049 080420 5 3400.400 0.09316 
049 080420 5 3485.050 0.09543 
049 080420 5 3514.100 0.13625 
049 080420 6 22.225 0.12625 
049 080420 6 350.600 0.17474 
049 080420 6 367.575 0.09413 
049 080420 6 368.925 0.13023 
049 080420 6 373.250 0.23446 
049 080420 6 1044.150 0.10693 
049 080420 6 1057.975 0.11328 
049 080420 6 1843.475 0.10341 
049 080420 6 1850.250 0.11118 
049 080420 6 1881.575 0.14774 
049 080420 6 1920.825 0.12400 
049 080420 6 1988.600 0.09972 
049 080420 6 1994.325 0.22688 
049 080420 6 1995.875 0.11574 
049 080420 6 2030.175 0.13128 
049 080420 6 2204.125 0.09182 
049 080420 6 2227.600 0.12261 
049 080420 7 1754.775 0.10389 
049 080420 7 1789.375 0.15233 
049 080420 7 1839.650 0.08840 
049 080420 7 1845.200 0.33156 
049 080420 7 1853.125 0.11079 
049 080420 7 1917.175 0.11263 
049 080420 7 1928.625 0.12815 
049 080420 7 1948.325 0.09055 
049 080420 7 2008.900 0.14794 
049 080420 7 2013.700 0.09625 
049 080420 7 2028.375 0.09099 
049 080420 7 2045.325 0.12312 
049 080420 7 2047.775 0.18727 
049 080420 7 2063.075 0.10625 
049 080420 7 2261.325 0.10102 
049 080420 7 2425.650 0.09920 
049 080420 9 1888.625 0.10610 
049 080421 23 112.300 0.08758 
