2010 1 1 0 7
2010 1 1 1 7
2010 1 1 2 7
2010 1 1 3 7
2010 1 1 4 7
2010 1 1 5 7
2010 1 1 6 7
2010 1 1 7 7
2010 1 1 8 7
2010 1 1 9 7
2010 1 1 10 7
2010 1 1 11 7
2010 1 1 0 7
2010 1 1 1 7
2010 1 1 2 7
2010 1 1 3 7
2010 1 1 4 7
2010 1 1 5 7
2010 1 1 6 7
2010 1 1 7 7
2010 1 1 8 7
2010 1 1 9 7
2010 1 1 10 7
2010 1 1 11 7
2010 1 1 12 7
2010 1 1 13 7
2010 1 1 14 7
2010 1 1 15 3
2010 1 1 16 4
2010 1 1 17 7
2010 1 1 18 7
2010 1 1 19 7
2010 1 1 20 7
2010 1 1 21 7
2010 1 1 22 7
2010 1 1 23 7
2010 1 2 0 7
2010 1 2 1 7
2010 1 2 2 7
2010 1 2 3 7
2010 1 2 4 7
2010 1 2 5 7
2010 1 2 6 7
2010 1 2 7 7
2010 1 2 8 7
2010 1 2 9 7
2010 1 2 10 7
2010 1 2 11 7
2010 1 2 12 7
2010 1 2 13 7
2010 1 2 14 7
2010 1 2 15 7
2010 1 2 16 7
2010 1 2 17 7
2010 1 2 18 7
2010 1 2 19 7
2010 1 2 20 7
2010 1 2 21 7
2010 1 2 22 7
2010 1 2 23 7
2010 1 3 0 7
2010 1 3 1 7
2010 1 3 2 7
2010 1 3 3 7
2010 1 3 4 7
2010 1 3 5 7
2010 1 3 6 7
2010 1 3 7 7
2010 1 3 8 7
2010 1 3 9 7
2010 1 3 10 7
2010 1 3 11 7
2010 1 3 12 7
2010 1 3 13 7
2010 1 3 14 7
2010 1 3 15 7
2010 1 3 16 7
2010 1 3 17 7
2010 1 3 18 7
2010 1 3 19 7
2010 1 3 20 7
2010 1 3 21 7
2010 1 3 22 7
2010 1 3 23 7
2010 1 4 0 7
2010 1 4 1 7
2010 1 4 2 7
2010 1 4 3 7
2010 1 4 4 7
2010 1 4 5 7
2010 1 4 6 3
2010 1 4 7 3
2010 1 4 8 3
2010 1 4 9 7
2010 1 4 10 7
2010 1 4 11 7
2010 1 4 12 7
2010 1 4 13 7
2010 1 4 14 7
2010 1 4 15 7
2010 1 4 16 7
2010 1 4 17 7
2010 1 4 18 7
2010 1 4 19 7
2010 1 4 20 7
2010 1 4 21 7
2010 1 4 22 7
2010 1 4 23 7
2010 1 5 0 7
2010 1 5 1 3
2010 1 5 2 7
2010 1 5 3 7
2010 1 5 4 7
2010 1 5 5 7
2010 1 5 6 7
2010 1 5 7 7
2010 1 5 8 7
2010 1 5 9 7
2010 1 5 10 7
2010 1 5 11 7
2010 1 5 12 7
2010 1 5 13 7
2010 1 5 14 7
2010 1 5 15 7
2010 1 5 16 5
2010 1 5 17 7
2010 1 5 18 3
2010 1 5 19 3
2010 1 5 20 3
2010 1 5 21 3
2010 1 5 22 3
2010 1 5 23 3
2010 1 6 0 7
2010 1 6 1 7
2010 1 6 2 7
2010 1 6 3 7
2010 1 6 4 7
2010 1 6 5 5
2010 1 6 6 7
2010 1 6 7 7
2010 1 6 8 7
2010 1 6 9 7
2010 1 6 10 7
2010 1 6 11 7
2010 1 6 12 7
2010 1 6 13 7
2010 1 6 14 3
2010 1 6 15 3
2010 1 6 16 0
2010 1 6 17 3
2010 1 6 18 3
2010 1 6 19 3
2010 1 6 20 3
2010 1 6 21 4
2010 1 6 22 7
2010 1 6 23 7
2010 1 7 0 7
2010 1 7 1 7
2010 1 7 2 7
2010 1 7 3 7
2010 1 7 4 7
2010 1 7 5 7
2010 1 7 6 7
2010 1 7 7 7
2010 1 7 8 7
2010 1 7 9 7
2010 1 7 10 7
2010 1 7 11 7
2010 1 7 12 7
2010 1 7 13 7
2010 1 7 14 7
2010 1 7 15 7
2010 1 7 16 7
2010 1 7 17 7
2010 1 7 18 7
2010 1 7 19 7
2010 1 7 20 7
2010 1 7 21 7
2010 1 7 22 7
2010 1 7 23 7
2010 1 8 0 7
2010 1 8 1 7
2010 1 8 2 7
2010 1 8 3 7
2010 1 8 4 7
2010 1 8 5 7
2010 1 8 6 7
2010 1 8 7 7
2010 1 8 8 7
2010 1 8 9 7
2010 1 8 10 7
2010 1 8 11 7
2010 1 8 12 7
2010 1 8 13 7
2010 1 8 14 7
2010 1 8 15 7
2010 1 8 16 7
2010 1 8 17 7
2010 1 8 18 7
2010 1 8 19 6
2010 1 8 20 7
2010 1 8 21 7
2010 1 8 22 7
2010 1 8 23 7
2010 1 9 0 7
2010 1 9 1 7
2010 1 9 2 7
2010 1 9 3 7
2010 1 9 4 3
2010 1 9 5 3
2010 1 9 6 6
2010 1 9 7 4
2010 1 9 8 6
2010 1 9 9 7
2010 1 9 10 7
2010 1 9 11 7
2010 1 9 12 7
2010 1 9 13 7
2010 1 9 14 7
2010 1 9 15 7
2010 1 9 16 3
2010 1 9 17 7
2010 1 9 18 7
2010 1 9 19 7
2010 1 9 20 7
2010 1 9 21 7
2010 1 9 22 7
2010 1 9 23 7
2010 1 10 0 7
2010 1 10 1 7
2010 1 10 2 7
2010 1 10 3 6
2010 1 10 4 7
2010 1 10 5 4
2010 1 10 6 5
2010 1 10 7 7
2010 1 10 8 7
2010 1 10 9 7
2010 1 10 10 7
2010 1 10 11 7
2010 1 10 12 4
2010 1 10 13 3
2010 1 10 14 3
2010 1 10 15 3
2010 1 10 16 4
2010 1 10 17 4
2010 1 10 18 7
2010 1 10 19 7
2010 1 10 20 4
2010 1 10 21 3
2010 1 10 22 5
2010 1 10 23 7
2010 1 11 0 7
2010 1 11 1 5
2010 1 11 2 7
2010 1 11 3 5
2010 1 11 4 4
2010 1 11 5 3
2010 1 11 6 3
2010 1 11 7 3
2010 1 11 8 3
2010 1 11 9 3
2010 1 11 10 3
2010 1 11 11 3
2010 1 11 12 3
2010 1 11 13 0
2010 1 11 14 0
2010 1 11 15 0
2010 1 11 16 0
2010 1 11 17 0
2010 1 11 18 0
2010 1 11 19 0
2010 1 11 20 0
2010 1 11 21 0
2010 1 11 22 1
2010 1 11 23 0
2010 1 12 0 0
2010 1 12 1 0
2010 1 12 2 0
2010 1 12 3 0
2010 1 12 4 0
2010 1 12 5 0
2010 1 12 6 0
2010 1 12 7 0
2010 1 12 8 0
2010 1 12 9 0
2010 1 12 10 0
2010 1 12 11 0
2010 1 12 12 0
2010 1 12 13 0
2010 1 12 14 0
2010 1 12 15 0
2010 1 12 16 0
2010 1 12 17 0
2010 1 12 18 0
2010 1 12 19 0
2010 1 12 20 0
2010 1 12 21 0
2010 1 12 22 0
2010 1 12 23 0
2010 1 13 0 0
2010 1 13 1 0
2010 1 13 2 0
2010 1 13 3 0
2010 1 13 4 0
2010 1 13 5 0
2010 1 13 6 0
2010 1 13 7 0
2010 1 13 8 0
2010 1 13 9 0
2010 1 13 10 0
2010 1 13 11 0
2010 1 13 0 0
2010 1 13 1 0
2010 1 13 2 0
2010 1 13 3 0
2010 1 13 4 0
2010 1 13 5 0
2010 1 13 6 0
2010 1 13 7 0
2010 1 13 8 0
2010 1 13 9 0
2010 1 13 10 0
2010 1 13 11 0
2010 1 13 12 0
2010 1 13 13 0
2010 1 13 14 0
2010 1 13 15 0
2010 1 13 16 0
2010 1 13 17 0
2010 1 13 18 1
2010 1 13 19 3
2010 1 13 20 3
2010 1 13 21 5
2010 1 13 22 3
2010 1 13 23 7
2010 1 14 0 3
2010 1 14 1 3
2010 1 14 2 7
2010 1 14 3 7
2010 1 14 4 7
2010 1 14 5 7
2010 1 14 6 7
2010 1 14 7 7
2010 1 14 8 7
2010 1 14 9 7
2010 1 14 10 7
2010 1 14 11 7
2010 1 14 12 7
2010 1 14 13 7
2010 1 14 14 7
2010 1 14 15 7
2010 1 14 16 7
2010 1 14 17 7
2010 1 14 18 3
2010 1 14 19 7
2010 1 14 20 7
2010 1 14 21 7
2010 1 14 22 7
2010 1 14 23 7
2010 1 15 0 7
2010 1 15 1 7
2010 1 15 2 7
2010 1 15 3 7
2010 1 15 4 7
2010 1 15 5 7
2010 1 15 6 7
2010 1 15 7 7
2010 1 15 8 7
2010 1 15 9 7
2010 1 15 10 7
2010 1 15 11 7
2010 1 15 0 7
2010 1 15 1 7
2010 1 15 2 7
2010 1 15 3 7
2010 1 15 4 7
2010 1 15 5 7
2010 1 15 6 7
2010 1 15 7 7
2010 1 15 8 7
2010 1 15 9 7
2010 1 15 10 7
2010 1 15 11 7
2010 1 15 12 7
2010 1 15 13 7
2010 1 15 14 7
2010 1 15 15 7
2010 1 15 16 7
2010 1 15 17 7
2010 1 15 18 7
2010 1 15 19 7
2010 1 15 20 7
2010 1 15 21 7
2010 1 15 22 7
2010 1 15 23 7
2010 1 16 0 7
2010 1 16 1 7
2010 1 16 2 7
2010 1 16 3 7
2010 1 16 4 7
2010 1 16 5 7
2010 1 16 6 7
2010 1 16 7 7
2010 1 16 8 7
2010 1 16 9 7
2010 1 16 10 7
2010 1 16 11 7
2010 1 16 12 7
2010 1 16 13 7
2010 1 16 14 7
2010 1 16 15 7
2010 1 16 16 7
2010 1 16 17 7
2010 1 16 18 7
2010 1 16 19 7
2010 1 16 20 6
2010 1 16 21 7
2010 1 16 22 7
2010 1 16 23 7
2010 1 17 0 7
2010 1 17 1 7
2010 1 17 2 7
2010 1 17 3 7
2010 1 17 4 7
2010 1 17 5 7
2010 1 17 6 7
2010 1 17 7 7
2010 1 17 8 7
2010 1 17 9 7
2010 1 17 10 7
2010 1 17 11 7
2010 1 17 12 7
2010 1 17 13 7
2010 1 17 14 7
2010 1 17 15 7
2010 1 17 16 7
2010 1 17 17 7
2010 1 17 18 7
2010 1 17 19 3
2010 1 17 20 3
2010 1 17 21 3
2010 1 17 22 0
2010 1 17 23 0
2010 1 18 0 0
2010 1 18 1 2
2010 1 18 2 3
2010 1 18 3 3
2010 1 18 4 3
2010 1 18 5 7
2010 1 18 6 7
2010 1 18 7 7
2010 1 18 8 7
2010 1 18 9 7
2010 1 18 10 6
2010 1 18 11 3
2010 1 18 12 2
2010 1 18 13 0
2010 1 18 14 0
2010 1 18 15 0
2010 1 18 16 0
2010 1 18 17 0
2010 1 18 18 0
2010 1 18 19 0
2010 1 18 20 0
2010 1 18 21 0
2010 1 18 22 0
2010 1 18 23 0
2010 1 19 0 0
2010 1 19 1 0
2010 1 19 2 0
2010 1 19 3 0
2010 1 19 4 0
2010 1 19 5 1
2010 1 19 6 3
2010 1 19 7 7
2010 1 19 8 3
2010 1 19 9 3
2010 1 19 10 3
2010 1 19 11 3
2010 1 19 12 1
2010 1 19 13 0
2010 1 19 14 0
2010 1 19 15 0
2010 1 19 16 0
2010 1 19 17 0
2010 1 19 18 0
2010 1 19 19 3
2010 1 19 20 3
2010 1 19 21 3
2010 1 19 22 7
2010 1 19 23 0
2010 1 20 0 0
2010 1 20 1 0
2010 1 20 2 0
2010 1 20 3 0
2010 1 20 4 0
2010 1 20 5 0
2010 1 20 6 1
2010 1 20 7 7
2010 1 20 8 7
2010 1 20 9 0
2010 1 20 10 0
2010 1 20 11 3
2010 1 20 12 3
2010 1 20 13 3
2010 1 20 14 7
2010 1 20 15 7
2010 1 20 16 7
2010 1 20 17 7
2010 1 20 18 7
2010 1 20 19 7
2010 1 20 20 6
2010 1 20 21 3
2010 1 20 22 3
2010 1 20 23 3
2010 1 21 0 3
2010 1 21 1 7
2010 1 21 2 7
2010 1 21 3 0
2010 1 21 4 0
2010 1 21 5 0
2010 1 21 6 0
2010 1 21 7 0
2010 1 21 8 0
2010 1 21 9 0
2010 1 21 10 1
2010 1 21 11 7
2010 1 21 12 7
2010 1 21 13 7
2010 1 21 14 7
2010 1 21 15 7
2010 1 21 16 7
2010 1 21 17 7
2010 1 21 18 7
2010 1 21 19 3
2010 1 21 20 3
2010 1 21 21 3
2010 1 21 22 7
2010 1 21 23 7
2010 1 22 0 7
2010 1 22 1 7
2010 1 22 2 7
2010 1 22 3 7
2010 1 22 4 7
2010 1 22 5 7
2010 1 22 6 7
2010 1 22 7 7
2010 1 22 8 7
2010 1 22 9 7
2010 1 22 10 7
2010 1 22 11 7
2010 1 22 12 7
2010 1 22 13 7
2010 1 22 14 3
2010 1 22 15 3
2010 1 22 16 7
2010 1 22 17 4
2010 1 22 18 7
2010 1 22 19 7
2010 1 22 20 0
2010 1 22 21 0
2010 1 22 22 0
2010 1 22 23 0
2010 1 23 0 3
2010 1 23 1 3
2010 1 23 2 3
2010 1 23 3 5
2010 1 23 4 4
2010 1 23 5 3
2010 1 23 6 0
2010 1 23 7 3
2010 1 23 8 4
2010 1 23 9 3
2010 1 23 10 0
2010 1 23 11 0
2010 1 23 12 0
2010 1 23 13 0
2010 1 23 14 0
2010 1 23 15 0
2010 1 23 16 0
2010 1 23 17 0
2010 1 23 18 0
2010 1 23 19 0
2010 1 23 20 3
2010 1 23 21 3
2010 1 23 22 7
2010 1 23 23 7
2010 1 24 0 7
2010 1 24 1 7
2010 1 24 2 7
2010 1 24 3 7
2010 1 24 4 7
2010 1 24 5 7
2010 1 24 6 7
2010 1 24 7 7
2010 1 24 8 7
2010 1 24 9 7
2010 1 24 10 7
2010 1 24 11 3
2010 1 24 12 3
2010 1 24 13 3
2010 1 24 14 3
2010 1 24 15 7
2010 1 24 16 7
2010 1 24 17 7
2010 1 24 18 7
2010 1 24 19 0
2010 1 24 20 0
2010 1 24 21 0
2010 1 24 22 0
2010 1 24 23 0
2010 1 25 0 0
2010 1 25 1 3
2010 1 25 2 7
2010 1 25 3 3
2010 1 25 4 3
2010 1 25 5 6
2010 1 25 6 3
2010 1 25 7 3
2010 1 25 8 4
2010 1 25 9 7
2010 1 25 10 7
2010 1 25 11 7
2010 1 25 12 7
2010 1 25 13 7
2010 1 25 14 7
2010 1 25 15 7
2010 1 25 16 7
2010 1 25 17 3
2010 1 25 18 7
2010 1 25 19 7
2010 1 25 20 7
2010 1 25 21 7
2010 1 25 22 7
2010 1 25 23 3
2010 1 26 0 3
2010 1 26 1 3
2010 1 26 2 3
2010 1 26 3 7
2010 1 26 4 3
2010 1 26 5 7
2010 1 26 6 7
2010 1 26 7 7
2010 1 26 8 7
2010 1 26 9 7
2010 1 26 10 7
2010 1 26 11 6
2010 1 26 12 7
2010 1 26 13 7
2010 1 26 14 7
2010 1 26 15 7
2010 1 26 16 7
2010 1 26 17 7
2010 1 26 18 7
2010 1 26 19 3
2010 1 26 20 7
2010 1 26 21 7
2010 1 26 22 7
2010 1 26 23 7
2010 1 27 0 7
2010 1 27 1 7
2010 1 27 2 7
2010 1 27 3 7
2010 1 27 4 7
2010 1 27 5 7
2010 1 27 6 7
2010 1 27 7 7
2010 1 27 8 7
2010 1 27 9 7
2010 1 27 10 7
2010 1 27 11 7
2010 1 27 12 7
2010 1 27 13 7
2010 1 27 14 7
2010 1 27 15 7
2010 1 27 16 7
2010 1 27 17 7
2010 1 27 18 7
2010 1 27 19 3
2010 1 27 20 3
2010 1 27 21 7
2010 1 27 22 7
2010 1 27 23 7
2010 1 28 0 7
2010 1 28 1 7
2010 1 28 2 7
2010 1 28 3 7
2010 1 28 4 7
2010 1 28 5 7
2010 1 28 6 7
2010 1 28 7 7
2010 1 28 8 7
2010 1 28 9 7
2010 1 28 10 7
2010 1 28 11 7
2010 1 28 12 7
2010 1 28 13 7
2010 1 28 14 7
2010 1 28 15 7
2010 1 28 16 7
2010 1 28 17 0
2010 1 28 18 7
2010 1 28 19 7
2010 1 28 20 7
2010 1 28 21 7
2010 1 28 22 7
2010 1 28 23 7
2010 1 29 0 7
2010 1 29 1 7
2010 1 29 2 7
2010 1 29 3 7
2010 1 29 4 7
2010 1 29 5 7
2010 1 29 6 7
2010 1 29 7 7
2010 1 29 8 7
2010 1 29 9 7
2010 1 29 10 7
2010 1 29 11 7
2010 1 29 12 7
2010 1 29 13 7
2010 1 29 14 7
2010 1 29 15 7
2010 1 29 16 7
2010 1 29 17 7
2010 1 29 18 7
2010 1 29 19 7
2010 1 29 20 7
2010 1 29 21 7
2010 1 29 22 7
2010 1 29 23 7
2010 1 30 0 7
2010 1 30 1 7
2010 1 30 2 7
2010 1 30 3 7
2010 1 30 4 7
2010 1 30 5 7
2010 1 30 6 7
2010 1 30 7 7
2010 1 30 8 7
2010 1 30 9 7
2010 1 30 10 7
2010 1 30 11 7
2010 1 30 12 7
2010 1 30 13 7
2010 1 30 14 7
2010 1 30 15 7
2010 1 30 16 3
2010 1 30 17 3
2010 1 30 18 7
2010 1 30 19 7
2010 1 30 20 7
2010 1 30 21 7
2010 1 30 22 7
2010 1 30 23 7
2010 1 31 0 7
2010 1 31 1 7
2010 1 31 2 7
2010 1 31 3 7
2010 1 31 4 7
2010 1 31 5 7
2010 1 31 6 7
2010 1 31 7 7
2010 1 31 8 7
2010 1 31 9 7
2010 1 31 10 7
2010 1 31 11 7
2010 1 31 12 7
2010 1 31 13 7
2010 1 31 14 7
2010 1 31 15 7
2010 1 31 16 7
2010 1 31 17 7
2010 1 31 18 7
2010 1 31 19 7
2010 1 31 20 7
2010 1 31 21 7
2010 1 31 22 7
2010 1 31 23 7
2008 1 1 0 7
2008 1 1 1 7
2008 1 1 2 7
2008 1 1 3 7
2008 1 1 4 7
2008 1 1 5 7
2008 1 1 6 7
2008 1 1 7 7
2008 1 1 8 7
2008 1 1 9 7
2008 1 1 10 7
2008 1 1 11 7
2008 1 1 12 7
2008 1 1 13 7
2008 1 1 14 7
2008 1 1 15 7
2008 1 1 16 7
2008 1 1 17 7
2008 1 1 18 7
2008 1 1 19 7
2008 1 1 20 7
2008 1 1 21 7
2008 1 1 22 7
2008 1 1 23 7
2008 1 2 0 7
2008 1 2 1 7
2008 1 2 2 7
2008 1 2 3 7
2008 1 2 4 7
2008 1 2 5 7
2008 1 2 6 7
2008 1 2 7 7
2008 1 2 8 7
2008 1 2 9 5
2008 1 2 10 7
2008 1 2 11 3
2008 1 2 12 7
2008 1 2 13 7
2008 1 2 14 7
2008 1 2 15 7
2008 1 2 16 7
2008 1 2 17 7
2008 1 2 18 7
2008 1 2 19 7
2008 1 2 20 7
2008 1 2 21 7
2008 1 2 22 7
2008 1 2 23 7
2008 1 3 0 7
2008 1 3 1 7
2008 1 3 2 7
2008 1 3 3 7
2008 1 3 4 7
2008 1 3 5 7
2008 1 3 6 7
2008 1 3 7 7
2008 1 3 8 7
2008 1 3 9 7
2008 1 3 10 7
2008 1 3 11 7
2008 1 3 12 7
2008 1 3 13 7
2008 1 3 14 7
2008 1 3 15 6
2008 1 3 16 5
2008 1 3 17 5
2008 1 3 18 3
2008 1 3 19 3
2008 1 3 20 4
2008 1 3 21 3
2008 1 3 22 3
2008 1 3 23 7
2008 1 4 0 7
2008 1 4 1 7
2008 1 4 2 7
2008 1 4 3 3
2008 1 4 4 7
2008 1 4 5 7
2008 1 4 6 7
2008 1 4 7 7
2008 1 4 8 7
2008 1 4 9 6
2008 1 4 10 6
2008 1 4 11 5
2008 1 4 12 3
2008 1 4 13 3
2008 1 4 14 2
2008 1 4 15 3
2008 1 4 16 3
2008 1 4 17 3
2008 1 4 18 2
2008 1 4 19 3
2008 1 4 20 3
2008 1 4 21 3
2008 1 4 22 3
2008 1 4 23 3
2008 1 5 0 3
2008 1 5 1 5
2008 1 5 2 3
2008 1 5 3 5
2008 1 5 4 4
2008 1 5 5 5
2008 1 5 6 7
2008 1 5 7 7
2008 1 5 8 7
2008 1 5 9 7
2008 1 5 10 7
2008 1 5 11 7
2008 1 5 12 7
2008 1 5 13 7
2008 1 5 14 6
2008 1 5 15 7
2008 1 5 16 7
2008 1 5 17 7
2008 1 5 18 6
2008 1 5 19 7
2008 1 5 20 7
2008 1 5 21 7
2008 1 5 22 7
2008 1 5 23 7
2008 1 6 0 7
2008 1 6 1 7
2008 1 6 2 7
2008 1 6 3 7
2008 1 6 4 7
2008 1 6 5 7
2008 1 6 6 7
2008 1 6 7 7
2008 1 6 8 7
2008 1 6 9 7
2008 1 6 10 7
2008 1 6 11 7
2008 1 6 12 7
2008 1 6 13 7
2008 1 6 14 7
2008 1 6 15 5
2008 1 6 16 6
2008 1 6 17 5
2008 1 6 18 5
2008 1 6 19 6
2008 1 6 20 6
2008 1 6 21 7
2008 1 6 22 7
2008 1 6 23 7
2008 1 7 0 7
2008 1 7 1 5
2008 1 7 2 7
2008 1 7 3 7
2008 1 7 4 7
2008 1 7 5 7
2008 1 7 6 7
2008 1 7 7 7
2008 1 7 8 7
2008 1 7 9 6
2008 1 7 10 3
2008 1 7 11 7
2008 1 7 12 7
2008 1 7 13 6
2008 1 7 14 4
2008 1 7 15 5
2008 1 7 16 3
2008 1 7 17 3
2008 1 7 18 3
2008 1 7 19 7
2008 1 7 20 3
2008 1 7 21 7
2008 1 7 22 7
2008 1 7 23 7
2008 1 8 0 5
2008 1 8 1 7
2008 1 8 2 7
2008 1 8 3 7
2008 1 8 4 7
2008 1 8 5 7
2008 1 8 6 7
2008 1 8 7 7
2008 1 8 8 7
2008 1 8 9 7
2008 1 8 10 7
2008 1 8 11 7
2008 1 8 12 0
2008 1 8 13 0
2008 1 8 14 0
2008 1 8 15 0
2008 1 8 16 0
2008 1 8 17 0
2008 1 8 18 0
2008 1 8 19 0
2008 1 8 20 0
2008 1 8 21 0
2008 1 8 22 0
2008 1 8 23 3
2008 1 9 0 7
2008 1 9 1 7
2008 1 9 2 7
2008 1 9 3 7
2008 1 9 4 7
2008 1 9 5 7
2008 1 9 6 7
2008 1 9 7 7
2008 1 9 8 7
2008 1 9 9 7
2008 1 9 10 7
2008 1 9 11 7
2008 1 9 12 7
2008 1 9 13 7
2008 1 9 14 7
2008 1 9 15 7
2008 1 9 16 7
2008 1 9 17 7
2008 1 9 18 7
2008 1 9 19 4
2008 1 9 20 3
2008 1 9 21 4
2008 1 9 22 5
2008 1 9 23 7
2008 1 10 0 7
2008 1 10 1 0
2008 1 10 2 0
2008 1 10 3 3
2008 1 10 4 3
2008 1 10 5 7
2008 1 10 6 7
2008 1 10 7 7
2008 1 10 8 7
2008 1 10 9 7
2008 1 10 10 3
2008 1 10 11 6
2008 1 10 12 7
2008 1 10 13 7
2008 1 10 14 7
2008 1 10 15 7
2008 1 10 16 7
2008 1 10 17 7
2008 1 10 18 3
2008 1 10 19 6
2008 1 10 20 7
2008 1 10 21 6
2008 1 10 22 6
2008 1 10 23 7
2008 1 11 0 7
2008 1 11 1 7
2008 1 11 2 3
2008 1 11 3 7
2008 1 11 4 7
2008 1 11 5 7
2008 1 11 6 7
2008 1 11 7 6
2008 1 11 8 7
2008 1 11 9 7
2008 1 11 10 7
2008 1 11 11 7
2008 1 11 12 6
2008 1 11 13 7
2008 1 11 14 7
2008 1 11 15 7
2008 1 11 16 7
2008 1 11 17 7
2008 1 11 18 7
2008 1 11 19 7
2008 1 11 20 7
2008 1 11 21 7
2008 1 11 22 7
2008 1 11 23 7
2008 1 12 0 7
2008 1 12 1 7
2008 1 12 2 7
2008 1 12 3 7
2008 1 12 4 7
2008 1 12 5 7
2008 1 12 6 7
2008 1 12 7 7
2008 1 12 8 7
2008 1 12 9 7
2008 1 12 10 6
2008 1 12 11 7
2008 1 12 12 7
2008 1 12 13 6
2008 1 12 14 7
2008 1 12 15 7
2008 1 12 16 6
2008 1 12 17 5
2008 1 12 18 7
2008 1 12 19 7
2008 1 12 20 7
2008 1 12 21 7
2008 1 12 22 7
2008 1 12 23 7
2008 1 13 0 7
2008 1 13 1 7
2008 1 13 2 7
2008 1 13 3 7
2008 1 13 4 7
2008 1 13 5 7
2008 1 13 6 7
2008 1 13 7 7
2008 1 13 8 7
2008 1 13 9 7
2008 1 13 10 7
2008 1 13 11 7
2008 1 13 12 7
2008 1 13 13 7
2008 1 13 14 7
2008 1 13 15 7
2008 1 13 16 7
2008 1 13 17 5
2008 1 13 18 7
2008 1 13 19 7
2008 1 13 20 7
2008 1 13 21 7
2008 1 13 22 7
2008 1 13 23 7
2008 1 14 0 7
2008 1 14 1 7
2008 1 14 2 7
2008 1 14 3 7
2008 1 14 4 7
2008 1 14 5 7
2008 1 14 6 7
2008 1 14 7 7
2008 1 14 8 7
2008 1 14 9 7
2008 1 14 10 7
2008 1 14 11 7
2008 1 14 12 7
2008 1 14 13 7
2008 1 14 14 7
2008 1 14 15 7
2008 1 14 16 7
2008 1 14 17 7
2008 1 14 18 7
2008 1 14 19 7
2008 1 14 20 7
2008 1 14 21 7
2008 1 14 22 6
2008 1 14 23 4
2008 1 15 0 7
2008 1 15 1 7
2008 1 15 2 7
2008 1 15 3 7
2008 1 15 4 7
2008 1 15 5 7
2008 1 15 6 7
2008 1 15 7 7
2008 1 15 8 7
2008 1 15 9 7
2008 1 15 10 7
2008 1 15 11 7
2008 1 15 12 7
2008 1 15 13 7
2008 1 15 14 7
2008 1 15 15 7
2008 1 15 16 7
2008 1 15 17 7
2008 1 15 18 7
2008 1 15 19 3
2008 1 15 20 7
2008 1 15 21 7
2008 1 15 22 7
2008 1 15 23 7
2008 1 16 0 7
2008 1 16 1 7
2008 1 16 2 7
2008 1 16 3 7
2008 1 16 4 7
2008 1 16 5 7
2008 1 16 6 7
2008 1 16 7 7
2008 1 16 8 7
2008 1 16 9 7
2008 1 16 10 7
2008 1 16 11 7
2008 1 16 12 7
2008 1 16 13 6
2008 1 16 14 7
2008 1 16 15 7
2008 1 16 16 7
2008 1 16 17 7
2008 1 16 18 7
2008 1 16 19 7
2008 1 16 20 7
2008 1 16 21 7
2008 1 16 22 7
2008 1 16 23 7
2008 1 17 0 7
2008 1 17 1 7
2008 1 17 2 6
2008 1 17 3 7
2008 1 17 4 7
2008 1 17 5 7
2008 1 17 6 7
2008 1 17 7 7
2008 1 17 8 7
2008 1 17 9 7
2008 1 17 10 7
2008 1 17 11 7
2008 1 17 12 7
2008 1 17 13 7
2008 1 17 14 7
2008 1 17 15 7
2008 1 17 16 7
2008 1 17 17 7
2008 1 17 18 7
2008 1 17 19 7
2008 1 17 20 7
2008 1 17 21 7
2008 1 17 22 3
2008 1 17 23 7
2008 1 18 0 7
2008 1 18 1 7
2008 1 18 2 7
2008 1 18 3 7
2008 1 18 4 7
2008 1 18 5 7
2008 1 18 6 7
2008 1 18 7 7
2008 1 18 8 7
2008 1 18 9 7
2008 1 18 10 7
2008 1 18 11 7
2008 1 18 12 7
2008 1 18 13 7
2008 1 18 14 7
2008 1 18 15 7
2008 1 18 16 3
2008 1 18 17 7
2008 1 18 18 3
2008 1 18 19 7
2008 1 18 20 7
2008 1 18 21 7
2008 1 18 22 7
2008 1 18 23 7
2008 1 19 0 7
2008 1 19 1 7
2008 1 19 2 7
2008 1 19 3 7
2008 1 19 4 7
2008 1 19 5 7
2008 1 19 6 7
2008 1 19 7 7
2008 1 19 8 7
2008 1 19 9 7
2008 1 19 10 7
2008 1 19 11 7
2008 1 19 12 7
2008 1 19 13 7
2008 1 19 14 7
2008 1 19 15 7
2008 1 19 16 7
2008 1 19 17 7
2008 1 19 18 7
2008 1 19 19 7
2008 1 19 20 7
2008 1 19 21 7
2008 1 19 22 7
2008 1 19 23 7
2008 1 20 0 7
2008 1 20 1 7
2008 1 20 2 7
2008 1 20 3 5
2008 1 20 4 6
2008 1 20 5 7
2008 1 20 6 7
2008 1 20 7 7
2008 1 20 8 7
2008 1 20 9 7
2008 1 20 10 7
2008 1 20 11 7
2008 1 20 12 7
2008 1 20 13 7
2008 1 20 14 7
2008 1 20 15 6
2008 1 20 16 7
2008 1 20 17 6
2008 1 20 18 7
2008 1 20 19 7
2008 1 20 20 7
2008 1 20 21 7
2008 1 20 22 7
2008 1 20 23 7
2008 1 21 0 7
2008 1 21 1 7
2008 1 21 2 7
2008 1 21 3 7
2008 1 21 4 7
2008 1 21 5 7
2008 1 21 6 7
2008 1 21 7 7
2008 1 21 8 7
2008 1 21 9 7
2008 1 21 10 7
2008 1 21 11 7
2008 1 21 12 7
2008 1 21 13 7
2008 1 21 14 7
2008 1 21 15 7
2008 1 21 16 4
2008 1 21 17 7
2008 1 21 18 7
2008 1 21 19 7
2008 1 21 20 7
2008 1 21 21 7
2008 1 21 22 7
2008 1 21 23 7
2008 1 22 0 7
2008 1 22 1 7
2008 1 22 2 7
2008 1 22 3 7
2008 1 22 4 7
2008 1 22 5 7
2008 1 22 6 7
2008 1 22 7 7
2008 1 22 8 7
2008 1 22 9 7
2008 1 22 10 7
2008 1 22 11 7
2008 1 22 12 7
2008 1 22 13 7
2008 1 22 14 7
2008 1 22 15 7
2008 1 22 16 7
2008 1 22 17 7
2008 1 22 18 7
2008 1 22 19 7
2008 1 22 20 7
2008 1 22 21 7
2008 1 22 22 6
2008 1 22 23 7
2008 1 23 0 7
2008 1 23 1 7
2008 1 23 2 7
2008 1 23 3 7
2008 1 23 4 7
2008 1 23 5 7
2008 1 23 6 7
2008 1 23 7 7
2008 1 23 8 7
2008 1 23 9 7
2008 1 23 10 7
2008 1 23 11 7
2008 1 23 12 7
2008 1 23 13 7
2008 1 23 14 7
2008 1 23 15 7
2008 1 23 16 7
2008 1 23 17 4
2008 1 23 18 7
2008 1 23 19 7
2008 1 23 20 7
2008 1 23 21 7
2008 1 23 22 7
2008 1 23 23 7
2008 1 24 0 7
2008 1 24 1 7
2008 1 24 2 7
2008 1 24 3 7
2008 1 24 4 7
2008 1 24 5 7
2008 1 24 6 7
2008 1 24 7 7
2008 1 24 8 7
2008 1 24 9 7
2008 1 24 10 7
2008 1 24 11 7
2008 1 24 12 7
2008 1 24 13 7
2008 1 24 14 7
2008 1 24 15 7
2008 1 24 16 7
2008 1 24 17 7
2008 1 24 18 6
2008 1 24 19 5
2008 1 24 20 7
2008 1 24 21 7
2008 1 24 22 7
2008 1 24 23 7
2008 1 25 0 7
2008 1 25 1 3
2008 1 25 2 7
2008 1 25 3 7
2008 1 25 4 7
2008 1 25 5 7
2008 1 25 6 7
2008 1 25 7 7
2008 1 25 8 7
2008 1 25 9 7
2008 1 25 10 7
2008 1 25 11 7
2008 1 25 12 7
2008 1 25 13 7
2008 1 25 14 7
2008 1 25 15 7
2008 1 25 16 7
2008 1 25 17 7
2008 1 25 18 3
2008 1 25 19 0
2008 1 25 20 0
2008 1 25 21 0
2008 1 25 22 0
2008 1 25 23 0
2008 1 26 0 3
2008 1 26 1 3
2008 1 26 2 0
2008 1 26 3 0
2008 1 26 4 0
2008 1 26 5 0
2008 1 26 6 0
2008 1 26 7 0
2008 1 26 8 0
2008 1 26 9 0
2008 1 26 10 3
2008 1 26 11 4
2008 1 26 12 3
2008 1 26 13 3
2008 1 26 14 3
2008 1 26 15 3
2008 1 26 16 3
2008 1 26 17 3
2008 1 26 18 4
2008 1 26 19 3
2008 1 26 20 3
2008 1 26 21 3
2008 1 26 22 3
2008 1 26 23 4
2008 1 27 0 4
2008 1 27 1 7
2008 1 27 2 7
2008 1 27 3 7
2008 1 27 4 7
2008 1 27 5 7
2008 1 27 6 7
2008 1 27 7 7
2008 1 27 8 7
2008 1 27 9 7
2008 1 27 10 7
2008 1 27 11 7
2008 1 27 12 7
2008 1 27 13 7
2008 1 27 14 7
2008 1 27 15 7
2008 1 27 16 3
2008 1 27 17 5
2008 1 27 18 3
2008 1 27 19 3
2008 1 27 20 3
2008 1 27 21 3
2008 1 27 22 3
2008 1 27 23 3
2008 1 28 0 3
2008 1 28 1 3
2008 1 28 2 7
2008 1 28 3 7
2008 1 28 4 7
2008 1 28 5 7
2008 1 28 6 7
2008 1 28 7 7
2008 1 28 8 7
2008 1 28 9 7
2008 1 28 10 7
2008 1 28 11 7
2008 1 28 12 6
2008 1 28 13 7
2008 1 28 14 7
2008 1 28 15 7
2008 1 28 16 7
2008 1 28 17 3
2008 1 28 18 3
2008 1 28 19 3
2008 1 28 20 3
2008 1 28 21 3
2008 1 28 22 3
2008 1 28 23 4
2008 1 29 0 3
2008 1 29 1 3
2008 1 29 2 3
2008 1 29 3 7
2008 1 29 4 5
2008 1 29 5 7
2008 1 29 6 5
2008 1 29 7 7
2008 1 29 8 7
2008 1 29 9 7
2008 1 29 10 7
2008 1 29 11 7
2008 1 29 12 7
2008 1 29 13 7
2008 1 29 14 7
2008 1 29 15 7
2008 1 29 16 6
2008 1 29 17 6
2008 1 29 18 7
2008 1 29 19 5
2008 1 29 20 5
2008 1 29 21 6
2008 1 29 22 6
2008 1 29 23 6
2008 1 30 0 7
2008 1 30 1 6
2008 1 30 2 6
2008 1 30 3 7
2008 1 30 4 6
2008 1 30 5 5
2008 1 30 6 7
2008 1 30 7 7
2008 1 30 8 7
2008 1 30 9 6
2008 1 30 10 7
2008 1 30 11 7
2008 1 30 12 7
2008 1 30 13 5
2008 1 30 14 3
2008 1 30 15 3
2008 1 30 16 3
2008 1 30 17 3
2008 1 30 18 3
2008 1 30 19 3
2008 1 30 20 3
2008 1 30 21 3
2008 1 30 22 3
2008 1 30 23 3
2008 1 31 0 3
2008 1 31 1 5
2008 1 31 2 3
2008 1 31 3 3
2008 1 31 4 3
2008 1 31 5 3
2008 1 31 6 3
2008 1 31 7 3
2008 1 31 8 3
2008 1 31 9 3
2008 1 31 10 2
2008 1 31 11 0
2008 1 31 12 0
2008 1 31 13 0
2008 1 31 14 0
2008 1 31 15 0
2008 1 31 16 0
2008 1 31 17 0
2008 1 31 18 3
2008 1 31 19 5
2008 1 31 20 3
2008 1 31 21 3
2008 1 31 22 6
2008 1 31 23 7
