2010 1 1 0 24
2010 1 1 1 25
2010 1 1 2 26
2010 1 1 3 26
2010 1 1 4 25
2010 1 1 5 26
2010 1 1 6 26
2010 1 1 7 26
2010 1 1 8 26
2010 1 1 9 25
2010 1 1 10 25
2010 1 1 11 24
2010 1 1 12 23
2010 1 1 13 25
2010 1 1 14 25
2010 1 1 15 24
2010 1 1 16 25
2010 1 1 17 24
2010 1 1 18 25
2010 1 1 19 26
2010 1 1 20 26
2010 1 1 21 26
2010 1 1 22 26
2010 1 1 23 26
2010 1 2 0 26
2010 1 2 1 26
2010 1 2 2 26
2010 1 2 3 26
2010 1 2 4 26
2010 1 2 5 26
2010 1 2 6 26
2010 1 2 7 26
2010 1 2 8 26
2010 1 2 9 26
2010 1 2 10 26
2010 1 2 11 24
2010 1 2 12 26
2010 1 2 13 26
2010 1 2 14 26
2010 1 2 15 26
2010 1 2 16 26
2010 1 2 17 26
2010 1 2 18 23
2010 1 2 19 23
2010 1 2 20 23
2010 1 2 21 23
2010 1 2 22 23
2010 1 2 23 23
2010 1 3 0 23
2010 1 3 1 23
2010 1 3 2 23
2010 1 3 3 23
2010 1 3 4 23
2010 1 3 5 23
2010 1 3 6 23
2010 1 3 7 23
2010 1 3 8 23
2010 1 3 9 23
2010 1 3 10 23
2010 1 3 11 23
2010 1 3 12 23
2010 1 3 13 23
2010 1 3 14 23
2010 1 3 15 23
2010 1 3 16 23
2010 1 3 17 23
2010 1 3 18 23
2010 1 3 19 23
2010 1 3 20 23
2010 1 3 21 23
2010 1 3 22 23
2010 1 3 23 23
2010 1 4 0 23
2010 1 4 1 23
2010 1 4 2 23
2010 1 4 3 23
2010 1 4 4 23
2010 1 4 5 23
2010 1 4 6 23
2010 1 4 7 23
2010 1 4 8 23
2010 1 4 9 23
2010 1 4 10 23
2010 1 4 11 23
2010 1 4 12 26
2010 1 4 13 26
2010 1 4 14 26
2010 1 4 15 26
2010 1 4 16 26
2010 1 4 17 26
2010 1 4 18 26
2010 1 4 19 26
2010 1 4 20 26
2010 1 4 21 26
2010 1 4 22 26
2010 1 4 23 26
2010 1 5 0 26
2010 1 5 1 18
2010 1 5 2 26
2010 1 5 3 26
2010 1 5 4 26
2010 1 5 5 26
2010 1 5 6 26
2010 1 5 7 26
2010 1 5 8 26
2010 1 5 9 26
2010 1 5 10 26
2010 1 5 11 26
2010 1 5 12 26
2010 1 5 13 26
2010 1 5 14 26
2010 1 5 15 26
2010 1 5 16 26
2010 1 5 17 26
2010 1 5 18 26
2010 1 5 19 26
2010 1 5 20 25
2010 1 5 21 25
2010 1 5 22 26
2010 1 5 23 26
2010 1 6 0 26
2010 1 6 1 26
2010 1 6 2 26
2010 1 6 3 26
2010 1 6 4 26
2010 1 6 5 26
2010 1 6 6 26
2010 1 6 7 26
2010 1 6 8 26
2010 1 6 9 26
2010 1 6 10 26
2010 1 6 11 26
2010 1 6 12 26
2010 1 6 13 26
2010 1 6 14 26
2010 1 6 15 26
2010 1 6 16 26
2010 1 6 17 26
2010 1 6 18 24
2010 1 6 19 26
2010 1 6 20 26
2010 1 6 21 20
2010 1 6 22 20
2010 1 6 23 19
2010 1 7 0 20
2010 1 7 1 25
2010 1 7 2 26
2010 1 7 3 26
2010 1 7 4 26
2010 1 7 5 26
2010 1 7 6 26
2010 1 7 7 26
2010 1 7 8 26
2010 1 7 9 26
2010 1 7 10 26
2010 1 7 11 26
2010 1 7 12 26
2010 1 7 13 26
2010 1 7 14 26
2010 1 7 15 26
2010 1 7 16 26
2010 1 7 17 26
2010 1 7 18 26
2010 1 7 19 26
2010 1 7 20 26
2010 1 7 21 26
2010 1 7 22 26
2010 1 7 23 26
2010 1 8 0 26
2010 1 8 1 26
2010 1 8 2 26
2010 1 8 3 26
2010 1 8 4 26
2010 1 8 5 26
2010 1 8 6 26
2010 1 8 7 26
2010 1 8 8 26
2010 1 8 9 26
2010 1 8 10 26
2010 1 8 11 26
2010 1 8 12 26
2010 1 8 13 26
2010 1 8 14 26
2010 1 8 15 26
2010 1 8 16 26
2010 1 8 17 26
2010 1 8 18 26
2010 1 8 19 26
2010 1 8 20 26
2010 1 8 21 26
2010 1 8 22 26
2010 1 8 23 26
2010 1 9 0 26
2010 1 9 1 26
2010 1 9 2 26
2010 1 9 3 26
2010 1 9 4 26
2010 1 9 5 26
2010 1 9 6 26
2010 1 9 7 25
2010 1 9 8 26
2010 1 9 9 26
2010 1 9 10 24
2010 1 9 11 24
2010 1 9 12 26
2010 1 9 13 26
2010 1 9 14 26
2010 1 9 15 26
2010 1 9 16 26
2010 1 9 17 26
2010 1 9 18 26
2010 1 9 19 26
2010 1 9 20 26
2010 1 9 21 26
2010 1 9 22 26
2010 1 9 23 26
2010 1 10 0 26
2010 1 10 1 26
2010 1 10 2 26
2010 1 10 3 26
2010 1 10 4 26
2010 1 10 5 26
2010 1 10 6 26
2010 1 10 7 26
2010 1 10 8 26
2010 1 10 9 26
2010 1 10 10 26
2010 1 10 11 26
2010 1 10 12 25
2010 1 10 13 26
2010 1 10 14 26
2010 1 10 15 26
2010 1 10 16 26
2010 1 10 17 26
2010 1 10 18 26
2010 1 10 19 26
2010 1 10 20 26
2010 1 10 21 26
2010 1 10 22 26
2010 1 10 23 26
2010 1 11 0 26
2010 1 11 1 26
2010 1 11 2 26
2010 1 11 3 26
2010 1 11 4 26
2010 1 11 5 26
2010 1 11 6 26
2010 1 11 7 26
2010 1 11 8 26
2010 1 11 9 26
2010 1 11 10 26
2010 1 11 11 26
2010 1 11 12 26
2010 1 11 13 26
2010 1 11 14 26
2010 1 11 15 26
2010 1 11 16 26
2010 1 11 17 26
2010 1 11 18 26
2010 1 11 19 26
2010 1 11 20 26
2010 1 11 21 26
2010 1 11 22 26
2010 1 11 23 26
2010 1 12 0 26
2010 1 12 1 26
2010 1 12 2 26
2010 1 12 3 26
2010 1 12 4 26
2010 1 12 5 25
2010 1 12 6 26
2010 1 12 7 25
2010 1 12 8 26
2010 1 12 9 25
2010 1 12 10 24
2010 1 12 11 26
2010 1 12 12 26
2010 1 12 13 26
2010 1 12 14 26
2010 1 12 15 26
2010 1 12 16 25
2010 1 12 17 25
2010 1 12 18 25
2010 1 12 19 25
2010 1 12 20 25
2010 1 12 21 26
2010 1 12 22 26
2010 1 12 23 24
2010 1 13 0 26
2010 1 13 1 23
2010 1 13 2 24
2010 1 13 3 20
2010 1 13 4 20
2010 1 13 5 20
2010 1 13 6 25
2010 1 13 7 25
2010 1 13 8 26
2010 1 13 9 26
2010 1 13 10 24
2010 1 13 11 24
2010 1 13 12 26
2010 1 13 13 26
2010 1 13 14 26
2010 1 13 15 26
2010 1 13 16 26
2010 1 13 17 26
2010 1 13 18 26
2010 1 13 19 26
2010 1 13 20 26
2010 1 13 21 26
2010 1 13 22 26
2010 1 13 23 26
2010 1 14 0 26
2010 1 14 1 26
2010 1 14 2 26
2010 1 14 3 26
2010 1 14 4 26
2010 1 14 5 26
2010 1 14 6 26
2010 1 14 7 26
2010 1 14 8 26
2010 1 14 9 26
2010 1 14 10 26
2010 1 14 11 26
2010 1 14 12 26
2010 1 14 13 26
2010 1 14 14 26
2010 1 14 15 26
2010 1 14 16 26
2010 1 14 17 26
2010 1 14 18 18
2010 1 14 19 26
2010 1 14 20 26
2010 1 14 21 26
2010 1 14 22 26
2010 1 14 23 26
2010 1 15 0 26
2010 1 15 1 26
2010 1 15 2 26
2010 1 15 3 26
2010 1 15 4 26
2010 1 15 5 26
2010 1 15 6 26
2010 1 15 7 26
2010 1 15 8 26
2010 1 15 9 26
2010 1 15 10 26
2010 1 15 11 26
2010 1 15 0 26
2010 1 15 1 26
2010 1 15 2 26
2010 1 15 3 26
2010 1 15 4 26
2010 1 15 5 26
2010 1 15 6 26
2010 1 15 7 26
2010 1 15 8 26
2010 1 15 9 26
2010 1 15 10 26
2010 1 15 11 26
2010 1 15 12 26
2010 1 15 13 26
2010 1 15 14 26
2010 1 15 15 26
2010 1 15 16 26
2010 1 15 17 26
2010 1 15 18 26
2010 1 15 19 26
2010 1 15 20 26
2010 1 15 21 26
2010 1 15 22 26
2010 1 15 23 26
2010 1 16 0 26
2010 1 16 1 26
2010 1 16 2 26
2010 1 16 3 26
2010 1 16 4 26
2010 1 16 5 26
2010 1 16 6 26
2010 1 16 7 26
2010 1 16 8 26
2010 1 16 9 26
2010 1 16 10 24
2010 1 16 11 26
2010 1 16 12 26
2010 1 16 13 26
2010 1 16 14 26
2010 1 16 15 26
2010 1 16 16 26
2010 1 16 17 26
2010 1 16 18 26
2010 1 16 19 26
2010 1 16 20 26
2010 1 16 21 26
2010 1 16 22 26
2010 1 16 23 26
2010 1 17 0 26
2010 1 17 1 26
2010 1 17 2 26
2010 1 17 3 26
2010 1 17 4 26
2010 1 17 5 26
2010 1 17 6 26
2010 1 17 7 26
2010 1 17 8 26
2010 1 17 9 26
2010 1 17 10 26
2010 1 17 11 26
2010 1 17 12 26
2010 1 17 13 26
2010 1 17 14 26
2010 1 17 15 26
2010 1 17 16 26
2010 1 17 17 26
2010 1 17 18 22
2010 1 17 19 26
2010 1 17 20 22
2010 1 17 21 24
2010 1 17 22 24
2010 1 17 23 20
2010 1 18 0 20
2010 1 18 1 22
2010 1 18 2 21
2010 1 18 3 21
2010 1 18 4 24
2010 1 18 5 26
2010 1 18 6 24
2010 1 18 7 21
2010 1 18 8 21
2010 1 18 9 21
2010 1 18 10 22
2010 1 18 11 22
2010 1 18 12 22
2010 1 18 13 22
2010 1 18 14 22
2010 1 18 15 22
2010 1 18 16 20
2010 1 18 17 19
2010 1 18 18 13
2010 1 18 19 13
2010 1 18 20 12
2010 1 18 21 12
2010 1 18 22 12
2010 1 18 23 12
2010 1 19 0 12
2010 1 19 1 13
2010 1 19 2 14
2010 1 19 3 20
2010 1 19 4 19
2010 1 19 5 21
2010 1 19 6 22
2010 1 19 7 24
2010 1 19 8 25
2010 1 19 9 19
2010 1 19 10 20
2010 1 19 11 14
2010 1 19 12 13
2010 1 19 13 13
2010 1 19 14 13
2010 1 19 15 13
2010 1 19 16 12
2010 1 19 17 12
2010 1 19 18 17
2010 1 19 19 13
2010 1 19 20 18
2010 1 19 21 18
2010 1 19 22 18
2010 1 19 23 10
2010 1 20 0 13
2010 1 20 1 15
2010 1 20 2 15
2010 1 20 3 18
2010 1 20 4 18
2010 1 20 5 21
2010 1 20 6 21
2010 1 20 7 21
2010 1 20 8 21
2010 1 20 9 21
2010 1 20 10 19
2010 1 20 11 19
2010 1 20 12 19
2010 1 20 13 19
2010 1 20 14 19
2010 1 20 15 19
2010 1 20 16 18
2010 1 20 17 18
2010 1 20 18 18
2010 1 20 19 19
2010 1 20 20 18
2010 1 20 21 19
2010 1 20 22 18
2010 1 20 23 18
2010 1 21 0 19
2010 1 21 1 19
2010 1 21 2 15
2010 1 21 3 19
2010 1 21 4 18
2010 1 21 5 19
2010 1 21 6 19
2010 1 21 7 19
2010 1 21 8 21
2010 1 21 9 21
2010 1 21 10 20
2010 1 21 11 21
2010 1 21 12 21
2010 1 21 13 21
2010 1 21 14 21
2010 1 21 15 21
2010 1 21 16 21
2010 1 21 17 21
2010 1 21 18 21
2010 1 21 19 18
2010 1 21 20 18
2010 1 21 21 18
2010 1 21 22 21
2010 1 21 23 23
2010 1 22 0 22
2010 1 22 1 26
2010 1 22 2 22
2010 1 22 3 26
2010 1 22 4 26
2010 1 22 5 26
2010 1 22 6 26
2010 1 22 7 26
2010 1 22 8 26
2010 1 22 9 26
2010 1 22 10 26
2010 1 22 11 25
2010 1 22 12 25
2010 1 22 13 26
2010 1 22 14 18
2010 1 22 15 26
2010 1 22 16 24
2010 1 22 17 25
2010 1 22 18 22
2010 1 22 19 26
2010 1 22 20 26
2010 1 22 21 26
2010 1 22 22 26
2010 1 22 23 26
2010 1 23 0 24
2010 1 23 1 24
2010 1 23 2 26
2010 1 23 3 26
2010 1 23 4 26
2010 1 23 5 26
2010 1 23 6 26
2010 1 23 7 24
2010 1 23 8 24
2010 1 23 9 26
2010 1 23 10 25
2010 1 23 11 23
2010 1 23 12 24
2010 1 23 13 24
2010 1 23 14 26
2010 1 23 15 26
2010 1 23 16 26
2010 1 23 17 26
2010 1 23 18 26
2010 1 23 19 26
2010 1 23 20 26
2010 1 23 21 26
2010 1 23 22 26
2010 1 23 23 26
2010 1 24 0 26
2010 1 24 1 26
2010 1 24 2 26
2010 1 24 3 26
2010 1 24 4 26
2010 1 24 5 26
2010 1 24 6 26
2010 1 24 7 26
2010 1 24 8 26
2010 1 24 9 26
2010 1 24 10 26
2010 1 24 11 26
2010 1 24 12 26
2010 1 24 13 25
2010 1 24 14 22
2010 1 24 15 22
2010 1 24 16 22
2010 1 24 17 22
2010 1 24 18 21
2010 1 24 19 20
2010 1 24 20 16
2010 1 24 21 19
2010 1 24 22 18
2010 1 24 23 15
2010 1 25 0 15
2010 1 25 1 14
2010 1 25 2 15
2010 1 25 3 15
2010 1 25 4 15
2010 1 25 5 15
2010 1 25 6 15
2010 1 25 7 15
2010 1 25 8 18
2010 1 25 9 18
2010 1 25 10 18
2010 1 25 11 18
2010 1 25 12 19
2010 1 25 13 20
2010 1 25 14 23
2010 1 25 15 23
2010 1 25 16 23
2010 1 25 17 23
2010 1 25 18 23
2010 1 25 19 19
2010 1 25 20 19
2010 1 25 21 18
2010 1 25 22 17
2010 1 25 23 18
2010 1 26 0 18
2010 1 26 1 18
2010 1 26 2 22
2010 1 26 3 22
2010 1 26 4 23
2010 1 26 5 23
2010 1 26 6 23
2010 1 26 7 22
2010 1 26 8 15
2010 1 26 9 15
2010 1 26 10 19
2010 1 26 11 21
2010 1 26 12 21
2010 1 26 13 21
2010 1 26 14 21
2010 1 26 15 22
2010 1 26 16 22
2010 1 26 17 22
2010 1 26 18 23
2010 1 26 19 15
2010 1 26 20 23
2010 1 26 21 26
2010 1 26 22 26
2010 1 26 23 26
2010 1 27 0 26
2010 1 27 1 26
2010 1 27 2 26
2010 1 27 3 26
2010 1 27 4 26
2010 1 27 5 26
2010 1 27 6 26
2010 1 27 7 26
2010 1 27 8 26
2010 1 27 9 26
2010 1 27 10 26
2010 1 27 11 26
2010 1 27 12 26
2010 1 27 13 26
2010 1 27 14 23
2010 1 27 15 26
2010 1 27 16 26
2010 1 27 17 26
2010 1 27 18 26
2010 1 27 19 18
2010 1 27 20 18
2010 1 27 21 26
2010 1 27 22 26
2010 1 27 23 26
2010 1 28 0 26
2010 1 28 1 26
2010 1 28 2 26
2010 1 28 3 26
2010 1 28 4 26
2010 1 28 5 26
2010 1 28 6 26
2010 1 28 7 26
2010 1 28 8 19
2010 1 28 9 19
2010 1 28 10 19
2010 1 28 11 19
2010 1 28 12 19
2010 1 28 13 19
2010 1 28 14 19
2010 1 28 15 19
2010 1 28 16 19
2010 1 28 17 12
2010 1 28 18 19
2010 1 28 19 19
2010 1 28 20 19
2010 1 28 21 19
2010 1 28 22 19
2010 1 28 23 19
2010 1 29 0 19
2010 1 29 1 19
2010 1 29 2 19
2010 1 29 3 19
2010 1 29 4 19
2010 1 29 5 19
2010 1 29 6 19
2010 1 29 7 19
2010 1 29 8 19
2010 1 29 9 19
2010 1 29 10 19
2010 1 29 11 19
2010 1 29 12 19
2010 1 29 13 19
2010 1 29 14 19
2010 1 29 15 19
2010 1 29 16 19
2010 1 29 17 19
2010 1 29 18 19
2010 1 29 19 19
2010 1 29 20 19
2010 1 29 21 19
2010 1 29 22 19
2010 1 29 23 19
2010 1 30 0 19
2010 1 30 1 19
2010 1 30 2 19
2010 1 30 3 19
2010 1 30 4 19
2010 1 30 5 19
2010 1 30 6 19
2010 1 30 7 19
2010 1 30 8 19
2010 1 30 9 19
2010 1 30 10 19
2010 1 30 11 19
2010 1 30 12 19
2010 1 30 13 19
2010 1 30 14 19
2010 1 30 15 19
2010 1 30 16 19
2010 1 30 17 19
2010 1 30 18 19
2010 1 30 19 19
2010 1 30 20 19
2010 1 30 21 19
2010 1 30 22 19
2010 1 30 23 19
2010 1 31 0 19
2010 1 31 1 19
2010 1 31 2 19
2010 1 31 3 19
2010 1 31 4 19
2010 1 31 5 19
2010 1 31 6 19
2010 1 31 7 19
2010 1 31 8 19
2010 1 31 9 19
2010 1 31 10 19
2010 1 31 11 19
2010 1 31 12 19
2010 1 31 13 19
2010 1 31 14 19
2010 1 31 15 19
2010 1 31 16 19
2010 1 31 17 19
2010 1 31 18 19
2010 1 31 19 19
2010 1 31 20 19
2010 1 31 21 19
2010 1 31 22 19
2010 1 31 23 19
2008 1 1 0 23
2008 1 1 1 23
2008 1 1 2 23
2008 1 1 3 23
2008 1 1 4 23
2008 1 1 5 23
2008 1 1 6 23
2008 1 1 7 23
2008 1 1 8 23
2008 1 1 9 23
2008 1 1 10 23
2008 1 1 11 23
2008 1 1 12 23
2008 1 1 13 23
2008 1 1 14 23
2008 1 1 15 23
2008 1 1 16 23
2008 1 1 17 23
2008 1 1 18 23
2008 1 1 19 23
2008 1 1 20 23
2008 1 1 21 23
2008 1 1 22 23
2008 1 1 23 23
2008 1 2 0 23
2008 1 2 1 23
2008 1 2 2 23
2008 1 2 3 23
2008 1 2 4 23
2008 1 2 5 23
2008 1 2 6 23
2008 1 2 7 23
2008 1 2 8 23
2008 1 2 9 23
2008 1 2 10 23
2008 1 2 11 15
2008 1 2 12 23
2008 1 2 13 22
2008 1 2 14 22
2008 1 2 15 23
2008 1 2 16 23
2008 1 2 17 23
2008 1 2 18 23
2008 1 2 19 23
2008 1 2 20 23
2008 1 2 21 23
2008 1 2 22 23
2008 1 2 23 23
2008 1 3 0 23
2008 1 3 1 23
2008 1 3 2 23
2008 1 3 3 23
2008 1 3 4 23
2008 1 3 5 23
2008 1 3 6 21
2008 1 3 7 21
2008 1 3 8 21
2008 1 3 9 21
2008 1 3 10 21
2008 1 3 11 21
2008 1 3 12 21
2008 1 3 13 21
2008 1 3 14 21
2008 1 3 15 14
2008 1 3 16 15
2008 1 3 17 13
2008 1 3 18 12
2008 1 3 19 15
2008 1 3 20 16
2008 1 3 21 18
2008 1 3 22 20
2008 1 3 23 18
2008 1 4 0 17
2008 1 4 1 16
2008 1 4 2 16
2008 1 4 3 15
2008 1 4 4 16
2008 1 4 5 16
2008 1 4 6 16
2008 1 4 7 16
2008 1 4 8 16
2008 1 4 9 16
2008 1 4 10 16
2008 1 4 11 16
2008 1 4 12 16
2008 1 4 13 16
2008 1 4 14 15
2008 1 4 15 15
2008 1 4 16 15
2008 1 4 17 15
2008 1 4 18 15
2008 1 4 19 15
2008 1 4 20 18
2008 1 4 21 15
2008 1 4 22 15
2008 1 4 23 16
2008 1 5 0 16
2008 1 5 1 18
2008 1 5 2 17
2008 1 5 3 15
2008 1 5 4 17
2008 1 5 5 19
2008 1 5 6 19
2008 1 5 7 23
2008 1 5 8 23
2008 1 5 9 23
2008 1 5 10 23
2008 1 5 11 23
2008 1 5 12 23
2008 1 5 13 23
2008 1 5 14 23
2008 1 5 15 23
2008 1 5 16 21
2008 1 5 17 23
2008 1 5 18 22
2008 1 5 19 22
2008 1 5 20 16
2008 1 5 21 23
2008 1 5 22 18
2008 1 5 23 18
2008 1 6 0 21
2008 1 6 1 22
2008 1 6 2 22
2008 1 6 3 21
2008 1 6 4 21
2008 1 6 5 22
2008 1 6 6 22
2008 1 6 7 21
2008 1 6 8 21
2008 1 6 9 22
2008 1 6 10 22
2008 1 6 11 22
2008 1 6 12 21
2008 1 6 13 22
2008 1 6 14 21
2008 1 6 15 22
2008 1 6 16 22
2008 1 6 17 21
2008 1 6 18 16
2008 1 6 19 22
2008 1 6 20 22
2008 1 6 21 21
2008 1 6 22 22
2008 1 6 23 22
2008 1 7 0 22
2008 1 7 1 23
2008 1 7 2 23
2008 1 7 3 22
2008 1 7 4 22
2008 1 7 5 22
2008 1 7 6 22
2008 1 7 7 22
2008 1 7 8 21
2008 1 7 9 22
2008 1 7 10 19
2008 1 7 11 21
2008 1 7 12 21
2008 1 7 13 21
2008 1 7 14 21
2008 1 7 15 21
2008 1 7 16 19
2008 1 7 17 15
2008 1 7 18 17
2008 1 7 19 21
2008 1 7 20 21
2008 1 7 21 23
2008 1 7 22 23
2008 1 7 23 23
2008 1 8 0 23
2008 1 8 1 23
2008 1 8 2 23
2008 1 8 3 23
2008 1 8 4 23
2008 1 8 5 21
2008 1 8 6 21
2008 1 8 7 16
2008 1 8 8 19
2008 1 8 9 22
2008 1 8 10 14
2008 1 8 11 14
2008 1 8 12 14
2008 1 8 13 14
2008 1 8 14 13
2008 1 8 15 12
2008 1 8 16 9
2008 1 8 17 14
2008 1 8 18 14
2008 1 8 19 13
2008 1 8 20 14
2008 1 8 21 14
2008 1 8 22 14
2008 1 8 23 13
2008 1 9 0 13
2008 1 9 1 16
2008 1 9 2 16
2008 1 9 3 22
2008 1 9 4 22
2008 1 9 5 21
2008 1 9 6 21
2008 1 9 7 21
2008 1 9 8 17
2008 1 9 9 17
2008 1 9 10 21
2008 1 9 11 19
2008 1 9 12 17
2008 1 9 13 17
2008 1 9 14 17
2008 1 9 15 17
2008 1 9 16 17
2008 1 9 17 19
2008 1 9 18 21
2008 1 9 19 19
2008 1 9 20 15
2008 1 9 21 20
2008 1 9 22 19
2008 1 9 23 20
2008 1 10 0 14
2008 1 10 1 14
2008 1 10 2 16
2008 1 10 3 15
2008 1 10 4 15
2008 1 10 5 16
2008 1 10 6 15
2008 1 10 7 16
2008 1 10 8 16
2008 1 10 9 16
2008 1 10 10 15
2008 1 10 11 16
2008 1 10 12 16
2008 1 10 13 16
2008 1 10 14 16
2008 1 10 15 16
2008 1 10 16 19
2008 1 10 17 22
2008 1 10 18 21
2008 1 10 19 22
2008 1 10 20 22
2008 1 10 21 19
2008 1 10 22 22
2008 1 10 23 22
2008 1 11 0 22
2008 1 11 1 18
2008 1 11 2 16
2008 1 11 3 19
2008 1 11 4 19
2008 1 11 5 19
2008 1 11 6 19
2008 1 11 7 19
2008 1 11 8 19
2008 1 11 9 19
2008 1 11 10 19
2008 1 11 11 19
2008 1 11 12 19
2008 1 11 13 19
2008 1 11 14 18
2008 1 11 15 19
2008 1 11 16 19
2008 1 11 17 19
2008 1 11 18 18
2008 1 11 19 19
2008 1 11 20 19
2008 1 11 21 18
2008 1 11 22 19
2008 1 11 23 19
2008 1 12 0 19
2008 1 12 1 19
2008 1 12 2 19
2008 1 12 3 19
2008 1 12 4 19
2008 1 12 5 19
2008 1 12 6 19
2008 1 12 7 19
2008 1 12 8 19
2008 1 12 9 19
2008 1 12 10 17
2008 1 12 11 19
2008 1 12 12 17
2008 1 12 13 18
2008 1 12 14 19
2008 1 12 15 18
2008 1 12 16 18
2008 1 12 17 18
2008 1 12 18 18
2008 1 12 19 18
2008 1 12 20 18
2008 1 12 21 18
2008 1 12 22 19
2008 1 12 23 19
2008 1 13 0 19
2008 1 13 1 19
2008 1 13 2 19
2008 1 13 3 19
2008 1 13 4 19
2008 1 13 5 19
2008 1 13 6 19
2008 1 13 7 19
2008 1 13 8 19
2008 1 13 9 19
2008 1 13 10 19
2008 1 13 11 19
2008 1 13 12 19
2008 1 13 13 19
2008 1 13 14 19
2008 1 13 15 19
2008 1 13 16 19
2008 1 13 17 18
2008 1 13 18 19
2008 1 13 19 19
2008 1 13 20 19
2008 1 13 21 19
2008 1 13 22 19
2008 1 13 23 19
2008 1 14 0 19
2008 1 14 1 19
2008 1 14 2 17
2008 1 14 3 19
2008 1 14 4 19
2008 1 14 5 19
2008 1 14 6 19
2008 1 14 7 19
2008 1 14 8 19
2008 1 14 9 19
2008 1 14 10 19
2008 1 14 11 19
2008 1 14 12 19
2008 1 14 13 19
2008 1 14 14 19
2008 1 14 15 19
2008 1 14 16 19
2008 1 14 17 19
2008 1 14 18 19
2008 1 14 19 19
2008 1 14 20 18
2008 1 14 21 18
2008 1 14 22 19
2008 1 14 23 19
2008 1 15 0 19
2008 1 15 1 19
2008 1 15 2 19
2008 1 15 3 19
2008 1 15 4 19
2008 1 15 5 19
2008 1 15 6 19
2008 1 15 7 19
2008 1 15 8 19
2008 1 15 9 19
2008 1 15 10 19
2008 1 15 11 19
2008 1 15 12 19
2008 1 15 13 18
2008 1 15 14 18
2008 1 15 15 18
2008 1 15 16 19
2008 1 15 17 19
2008 1 15 18 19
2008 1 15 19 12
2008 1 15 20 14
2008 1 15 21 14
2008 1 15 22 19
2008 1 15 23 19
2008 1 16 0 19
2008 1 16 1 19
2008 1 16 2 19
2008 1 16 3 17
2008 1 16 4 17
2008 1 16 5 17
2008 1 16 6 19
2008 1 16 7 19
2008 1 16 8 19
2008 1 16 9 19
2008 1 16 10 19
2008 1 16 11 19
2008 1 16 12 19
2008 1 16 13 19
2008 1 16 14 19
2008 1 16 15 19
2008 1 16 16 19
2008 1 16 17 18
2008 1 16 18 19
2008 1 16 19 19
2008 1 16 20 19
2008 1 16 21 19
2008 1 16 22 19
2008 1 16 23 19
2008 1 17 0 18
2008 1 17 1 19
2008 1 17 2 19
2008 1 17 3 19
2008 1 17 4 19
2008 1 17 5 19
2008 1 17 6 19
2008 1 17 7 19
2008 1 17 8 19
2008 1 17 9 19
2008 1 17 10 19
2008 1 17 11 19
2008 1 17 12 19
2008 1 17 13 19
2008 1 17 14 19
2008 1 17 15 19
2008 1 17 16 19
2008 1 17 17 19
2008 1 17 18 19
2008 1 17 19 19
2008 1 17 20 19
2008 1 17 21 19
2008 1 17 22 15
2008 1 17 23 23
2008 1 18 0 23
2008 1 18 1 19
2008 1 18 2 19
2008 1 18 3 20
2008 1 18 4 23
2008 1 18 5 23
2008 1 18 6 23
2008 1 18 7 23
2008 1 18 8 23
2008 1 18 9 23
2008 1 18 10 23
2008 1 18 11 23
2008 1 18 12 23
2008 1 18 13 23
2008 1 18 14 23
2008 1 18 15 23
2008 1 18 16 15
2008 1 18 17 22
2008 1 18 18 15
2008 1 18 19 23
2008 1 18 20 23
2008 1 18 21 23
2008 1 18 22 23
2008 1 18 23 23
2008 1 19 0 23
2008 1 19 1 23
2008 1 19 2 23
2008 1 19 3 23
2008 1 19 4 22
2008 1 19 5 23
2008 1 19 6 23
2008 1 19 7 23
2008 1 19 8 23
2008 1 19 9 23
2008 1 19 10 23
2008 1 19 11 23
2008 1 19 12 23
2008 1 19 13 23
2008 1 19 14 23
2008 1 19 15 23
2008 1 19 16 23
2008 1 19 17 23
2008 1 19 18 23
2008 1 19 19 23
2008 1 19 20 23
2008 1 19 21 22
2008 1 19 22 23
2008 1 19 23 23
2008 1 20 0 23
2008 1 20 1 23
2008 1 20 2 20
2008 1 20 3 18
2008 1 20 4 17
2008 1 20 5 19
2008 1 20 6 23
2008 1 20 7 23
2008 1 20 8 23
2008 1 20 9 23
2008 1 20 10 23
2008 1 20 11 23
2008 1 20 12 23
2008 1 20 13 23
2008 1 20 14 23
2008 1 20 15 23
2008 1 20 16 23
2008 1 20 17 23
2008 1 20 18 21
2008 1 20 19 23
2008 1 20 20 23
2008 1 20 21 23
2008 1 20 22 23
2008 1 20 23 23
2008 1 21 0 23
2008 1 21 1 23
2008 1 21 2 23
2008 1 21 3 23
2008 1 21 4 23
2008 1 21 5 23
2008 1 21 6 23
2008 1 21 7 23
2008 1 21 8 23
2008 1 21 9 23
2008 1 21 10 23
2008 1 21 11 23
2008 1 21 12 23
2008 1 21 13 23
2008 1 21 14 23
2008 1 21 15 21
2008 1 21 16 21
2008 1 21 17 23
2008 1 21 18 23
2008 1 21 19 23
2008 1 21 20 19
2008 1 21 21 23
2008 1 21 22 23
2008 1 21 23 23
2008 1 22 0 22
2008 1 22 1 23
2008 1 22 2 23
2008 1 22 3 23
2008 1 22 4 23
2008 1 22 5 23
2008 1 22 6 23
2008 1 22 7 23
2008 1 22 8 23
2008 1 22 9 23
2008 1 22 10 23
2008 1 22 11 23
2008 1 22 12 21
2008 1 22 13 23
2008 1 22 14 23
2008 1 22 15 23
2008 1 22 16 23
2008 1 22 17 23
2008 1 22 18 23
2008 1 22 19 23
2008 1 22 20 23
2008 1 22 21 22
2008 1 22 22 23
2008 1 22 23 23
2008 1 23 0 23
2008 1 23 1 23
2008 1 23 2 23
2008 1 23 3 23
2008 1 23 4 23
2008 1 23 5 23
2008 1 23 6 23
2008 1 23 7 23
2008 1 23 8 23
2008 1 23 9 23
2008 1 23 10 23
2008 1 23 11 23
2008 1 23 12 23
2008 1 23 13 23
2008 1 23 14 23
2008 1 23 15 23
2008 1 23 16 22
2008 1 23 17 22
2008 1 23 18 22
2008 1 23 19 23
2008 1 23 20 21
2008 1 23 21 23
2008 1 23 22 23
2008 1 23 23 23
2008 1 24 0 23
2008 1 24 1 23
2008 1 24 2 23
2008 1 24 3 23
2008 1 24 4 23
2008 1 24 5 23
2008 1 24 6 23
2008 1 24 7 23
2008 1 24 8 23
2008 1 24 9 23
2008 1 24 10 23
2008 1 24 11 23
2008 1 24 12 23
2008 1 24 13 23
2008 1 24 14 23
2008 1 24 15 23
2008 1 24 16 23
2008 1 24 17 21
2008 1 24 18 23
2008 1 24 19 23
2008 1 24 20 23
2008 1 24 21 21
2008 1 24 22 23
2008 1 24 23 23
2008 1 25 0 23
2008 1 25 1 15
2008 1 25 2 23
2008 1 25 3 23
2008 1 25 4 23
2008 1 25 5 23
2008 1 25 6 23
2008 1 25 7 23
2008 1 25 8 23
2008 1 25 9 23
2008 1 25 10 23
2008 1 25 11 18
2008 1 25 12 23
2008 1 25 13 23
2008 1 25 14 23
2008 1 25 15 23
2008 1 25 16 19
2008 1 25 17 18
2008 1 25 18 15
2008 1 25 19 15
2008 1 25 20 15
2008 1 25 21 15
2008 1 25 22 15
2008 1 25 23 15
2008 1 26 0 16
2008 1 26 1 15
2008 1 26 2 15
2008 1 26 3 9
2008 1 26 4 9
2008 1 26 5 9
2008 1 26 6 9
2008 1 26 7 9
2008 1 26 8 9
2008 1 26 9 9
2008 1 26 10 9
2008 1 26 11 9
2008 1 26 12 9
2008 1 26 13 9
2008 1 26 14 9
2008 1 26 15 9
2008 1 26 16 9
2008 1 26 17 9
2008 1 26 18 11
2008 1 26 19 11
2008 1 26 20 13
2008 1 26 21 15
2008 1 26 22 19
2008 1 26 23 17
2008 1 27 0 18
2008 1 27 1 23
2008 1 27 2 23
2008 1 27 3 23
2008 1 27 4 23
2008 1 27 5 23
2008 1 27 6 23
2008 1 27 7 23
2008 1 27 8 23
2008 1 27 9 23
2008 1 27 10 23
2008 1 27 11 20
2008 1 27 12 15
2008 1 27 13 17
2008 1 27 14 16
2008 1 27 15 15
2008 1 27 16 15
2008 1 27 17 15
2008 1 27 18 15
2008 1 27 19 15
2008 1 27 20 15
2008 1 27 21 15
2008 1 27 22 15
2008 1 27 23 15
2008 1 28 0 16
2008 1 28 1 21
2008 1 28 2 21
2008 1 28 3 22
2008 1 28 4 20
2008 1 28 5 21
2008 1 28 6 23
2008 1 28 7 23
2008 1 28 8 23
2008 1 28 9 23
2008 1 28 10 23
2008 1 28 11 23
2008 1 28 12 19
2008 1 28 13 23
2008 1 28 14 23
2008 1 28 15 23
2008 1 28 16 18
2008 1 28 17 15
2008 1 28 18 15
2008 1 28 19 15
2008 1 28 20 15
2008 1 28 21 17
2008 1 28 22 16
2008 1 28 23 17
2008 1 29 0 17
2008 1 29 1 17
2008 1 29 2 17
2008 1 29 3 22
2008 1 29 4 22
2008 1 29 5 20
2008 1 29 6 18
2008 1 29 7 23
2008 1 29 8 23
2008 1 29 9 23
2008 1 29 10 23
2008 1 29 11 23
2008 1 29 12 23
2008 1 29 13 23
2008 1 29 14 22
2008 1 29 15 23
2008 1 29 16 20
2008 1 29 17 16
2008 1 29 18 18
2008 1 29 19 17
2008 1 29 20 21
2008 1 29 21 21
2008 1 29 22 23
2008 1 29 23 23
2008 1 30 0 23
2008 1 30 1 23
2008 1 30 2 23
2008 1 30 3 23
2008 1 30 4 23
2008 1 30 5 23
2008 1 30 6 23
2008 1 30 7 23
2008 1 30 8 22
2008 1 30 9 23
2008 1 30 10 23
2008 1 30 11 23
2008 1 30 12 23
2008 1 30 13 23
2008 1 30 14 21
2008 1 30 15 22
2008 1 30 16 23
2008 1 30 17 21
2008 1 30 18 21
2008 1 30 19 15
2008 1 30 20 17
2008 1 30 21 16
2008 1 30 22 16
2008 1 30 23 16
2008 1 31 0 20
2008 1 31 1 23
2008 1 31 2 20
2008 1 31 3 20
2008 1 31 4 10
2008 1 31 5 10
2008 1 31 6 14
2008 1 31 7 11
2008 1 31 8 9
2008 1 31 9 10
2008 1 31 10 10
2008 1 31 11 10
2008 1 31 12 14
2008 1 31 13 14
2008 1 31 14 11
2008 1 31 15 11
2008 1 31 16 15
2008 1 31 17 13
2008 1 31 18 16
2008 1 31 19 17
2008 1 31 20 15
2008 1 31 21 17
2008 1 31 22 18
2008 1 31 23 18
