2010 1 1 0 10
2010 1 1 1 10
2010 1 1 2 10
2010 1 1 3 10
2010 1 1 4 10
2010 1 1 5 10
2010 1 1 6 10
2010 1 1 7 10
2010 1 1 8 10
2010 1 1 9 10
2010 1 1 10 10
2010 1 1 11 10
2010 1 1 0 10
2010 1 1 1 10
2010 1 1 2 10
2010 1 1 3 10
2010 1 1 4 10
2010 1 1 5 10
2010 1 1 6 10
2010 1 1 7 10
2010 1 1 8 10
2010 1 1 9 10
2010 1 1 10 10
2010 1 1 11 10
2010 1 1 12 10
2010 1 1 13 10
2010 1 1 14 10
2010 1 1 15 10
2010 1 1 16 10
2010 1 1 17 9
2010 1 1 18 10
2010 1 1 19 10
2010 1 1 20 10
2010 1 1 21 10
2010 1 1 22 10
2010 1 1 23 10
2010 1 2 0 10
2010 1 2 1 10
2010 1 2 2 10
2010 1 2 3 10
2010 1 2 4 10
2010 1 2 5 10
2010 1 2 6 10
2010 1 2 7 10
2010 1 2 8 10
2010 1 2 9 10
2010 1 2 10 10
2010 1 2 11 10
2010 1 2 12 10
2010 1 2 13 10
2010 1 2 14 10
2010 1 2 15 10
2010 1 2 16 10
2010 1 2 17 10
2010 1 2 18 10
2010 1 2 19 10
2010 1 2 20 10
2010 1 2 21 10
2010 1 2 22 10
2010 1 2 23 10
2010 1 3 0 10
2010 1 3 1 10
2010 1 3 2 10
2010 1 3 3 10
2010 1 3 4 10
2010 1 3 5 10
2010 1 3 6 10
2010 1 3 7 10
2010 1 3 8 10
2010 1 3 9 10
2010 1 3 10 10
2010 1 3 11 10
2010 1 3 12 10
2010 1 3 13 10
2010 1 3 14 10
2010 1 3 15 10
2010 1 3 16 10
2010 1 3 17 10
2010 1 3 18 10
2010 1 3 19 10
2010 1 3 20 10
2010 1 3 21 10
2010 1 3 22 10
2010 1 3 23 10
2010 1 4 0 10
2010 1 4 1 10
2010 1 4 2 10
2010 1 4 3 10
2010 1 4 4 10
2010 1 4 5 10
2010 1 4 6 10
2010 1 4 7 10
2010 1 4 8 10
2010 1 4 9 10
2010 1 4 10 10
2010 1 4 11 10
2010 1 4 12 10
2010 1 4 13 10
2010 1 4 14 10
2010 1 4 15 10
2010 1 4 16 10
2010 1 4 17 10
2010 1 4 18 10
2010 1 4 19 10
2010 1 4 20 10
2010 1 4 21 10
2010 1 4 22 10
2010 1 4 23 10
2010 1 5 0 10
2010 1 5 1 9
2010 1 5 2 10
2010 1 5 3 10
2010 1 5 4 10
2010 1 5 5 10
2010 1 5 6 10
2010 1 5 7 10
2010 1 5 8 10
2010 1 5 9 10
2010 1 5 10 10
2010 1 5 11 10
2010 1 5 12 10
2010 1 5 13 10
2010 1 5 14 10
2010 1 5 15 10
2010 1 5 16 10
2010 1 5 17 10
2010 1 5 18 10
2010 1 5 19 10
2010 1 5 20 10
2010 1 5 21 10
2010 1 5 22 10
2010 1 5 23 10
2010 1 6 0 10
2010 1 6 1 10
2010 1 6 2 10
2010 1 6 3 10
2010 1 6 4 10
2010 1 6 5 10
2010 1 6 6 10
2010 1 6 7 10
2010 1 6 8 10
2010 1 6 9 10
2010 1 6 10 10
2010 1 6 11 10
2010 1 6 12 10
2010 1 6 13 10
2010 1 6 14 10
2010 1 6 15 10
2010 1 6 16 10
2010 1 6 17 10
2010 1 6 18 10
2010 1 6 19 10
2010 1 6 20 10
2010 1 6 21 10
2010 1 6 22 10
2010 1 6 23 9
2010 1 7 0 10
2010 1 7 1 9
2010 1 7 2 10
2010 1 7 3 10
2010 1 7 4 10
2010 1 7 5 10
2010 1 7 6 10
2010 1 7 7 10
2010 1 7 8 10
2010 1 7 9 10
2010 1 7 10 10
2010 1 7 11 10
2010 1 7 12 10
2010 1 7 13 10
2010 1 7 14 10
2010 1 7 15 10
2010 1 7 16 10
2010 1 7 17 10
2010 1 7 18 10
2010 1 7 19 10
2010 1 7 20 10
2010 1 7 21 10
2010 1 7 22 10
2010 1 7 23 10
2010 1 8 0 10
2010 1 8 1 10
2010 1 8 2 10
2010 1 8 3 10
2010 1 8 4 10
2010 1 8 5 10
2010 1 8 6 10
2010 1 8 7 10
2010 1 8 8 10
2010 1 8 9 10
2010 1 8 10 10
2010 1 8 11 10
2010 1 8 12 10
2010 1 8 13 10
2010 1 8 14 10
2010 1 8 15 10
2010 1 8 16 10
2010 1 8 17 10
2010 1 8 18 10
2010 1 8 19 10
2010 1 8 20 10
2010 1 8 21 10
2010 1 8 22 10
2010 1 8 23 10
2010 1 9 0 10
2010 1 9 1 10
2010 1 9 2 10
2010 1 9 3 10
2010 1 9 4 10
2010 1 9 5 10
2010 1 9 6 10
2010 1 9 7 9
2010 1 9 8 10
2010 1 9 9 10
2010 1 9 10 10
2010 1 9 11 10
2010 1 9 12 10
2010 1 9 13 10
2010 1 9 14 10
2010 1 9 15 10
2010 1 9 16 10
2010 1 9 17 10
2010 1 9 18 10
2010 1 9 19 10
2010 1 9 20 10
2010 1 9 21 10
2010 1 9 22 10
2010 1 9 23 10
2010 1 10 0 10
2010 1 10 1 10
2010 1 10 2 10
2010 1 10 3 10
2010 1 10 4 10
2010 1 10 5 10
2010 1 10 6 10
2010 1 10 7 10
2010 1 10 8 10
2010 1 10 9 10
2010 1 10 10 10
2010 1 10 11 10
2010 1 10 12 9
2010 1 10 13 10
2010 1 10 14 10
2010 1 10 15 10
2010 1 10 16 10
2010 1 10 17 10
2010 1 10 18 10
2010 1 10 19 10
2010 1 10 20 10
2010 1 10 21 10
2010 1 10 22 10
2010 1 10 23 10
2010 1 11 0 10
2010 1 11 1 10
2010 1 11 2 10
2010 1 11 3 10
2010 1 11 4 10
2010 1 11 5 10
2010 1 11 6 10
2010 1 11 7 10
2010 1 11 8 10
2010 1 11 9 10
2010 1 11 10 10
2010 1 11 11 10
2010 1 11 12 10
2010 1 11 13 10
2010 1 11 14 10
2010 1 11 15 10
2010 1 11 16 10
2010 1 11 17 10
2010 1 11 18 10
2010 1 11 19 10
2010 1 11 20 10
2010 1 11 21 10
2010 1 11 22 10
2010 1 11 23 10
2010 1 12 0 10
2010 1 12 1 10
2010 1 12 2 10
2010 1 12 3 10
2010 1 12 4 10
2010 1 12 5 10
2010 1 12 6 10
2010 1 12 7 10
2010 1 12 8 10
2010 1 12 9 10
2010 1 12 10 10
2010 1 12 11 10
2010 1 12 12 10
2010 1 12 13 10
2010 1 12 14 10
2010 1 12 15 10
2010 1 12 16 10
2010 1 12 17 10
2010 1 12 18 10
2010 1 12 19 10
2010 1 12 20 10
2010 1 12 21 10
2010 1 12 22 10
2010 1 12 23 10
2010 1 13 0 10
2010 1 13 1 10
2010 1 13 2 10
2010 1 13 3 10
2010 1 13 4 10
2010 1 13 5 10
2010 1 13 6 10
2010 1 13 7 10
2010 1 13 8 10
2010 1 13 9 10
2010 1 13 10 10
2010 1 13 11 10
2010 1 13 0 10
2010 1 13 1 10
2010 1 13 2 10
2010 1 13 3 10
2010 1 13 4 10
2010 1 13 5 10
2010 1 13 6 10
2010 1 13 7 10
2010 1 13 8 10
2010 1 13 9 10
2010 1 13 10 10
2010 1 13 11 10
2010 1 13 12 10
2010 1 13 13 10
2010 1 13 14 10
2010 1 13 15 10
2010 1 13 16 10
2010 1 13 17 10
2010 1 13 18 10
2010 1 13 19 10
2010 1 13 20 10
2010 1 13 21 10
2010 1 13 22 10
2010 1 13 23 10
2010 1 14 0 10
2010 1 14 1 10
2010 1 14 2 10
2010 1 14 3 10
2010 1 14 4 10
2010 1 14 5 10
2010 1 14 6 10
2010 1 14 7 10
2010 1 14 8 10
2010 1 14 9 10
2010 1 14 10 10
2010 1 14 11 10
2010 1 14 12 10
2010 1 14 13 10
2010 1 14 14 10
2010 1 14 15 10
2010 1 14 16 10
2010 1 14 17 10
2010 1 14 18 9
2010 1 14 19 10
2010 1 14 20 10
2010 1 14 21 10
2010 1 14 22 10
2010 1 14 23 10
2010 1 15 0 10
2010 1 15 1 10
2010 1 15 2 10
2010 1 15 3 10
2010 1 15 4 10
2010 1 15 5 10
2010 1 15 6 10
2010 1 15 7 10
2010 1 15 8 10
2010 1 15 9 10
2010 1 15 10 10
2010 1 15 11 10
2010 1 15 0 10
2010 1 15 1 10
2010 1 15 2 10
2010 1 15 3 10
2010 1 15 4 10
2010 1 15 5 10
2010 1 15 6 10
2010 1 15 7 10
2010 1 15 8 10
2010 1 15 9 10
2010 1 15 10 10
2010 1 15 11 10
2010 1 15 12 10
2010 1 15 13 10
2010 1 15 14 10
2010 1 15 15 10
2010 1 15 16 10
2010 1 15 17 10
2010 1 15 18 10
2010 1 15 19 10
2010 1 15 20 10
2010 1 15 21 10
2010 1 15 22 10
2010 1 15 23 10
2010 1 16 0 10
2010 1 16 1 10
2010 1 16 2 10
2010 1 16 3 10
2010 1 16 4 10
2010 1 16 5 10
2010 1 16 6 10
2010 1 16 7 10
2010 1 16 8 10
2010 1 16 9 10
2010 1 16 10 10
2010 1 16 11 10
2010 1 16 12 10
2010 1 16 13 10
2010 1 16 14 10
2010 1 16 15 10
2010 1 16 16 10
2010 1 16 17 10
2010 1 16 18 10
2010 1 16 19 10
2010 1 16 20 10
2010 1 16 21 10
2010 1 16 22 10
2010 1 16 23 10
2010 1 17 0 10
2010 1 17 1 10
2010 1 17 2 10
2010 1 17 3 10
2010 1 17 4 10
2010 1 17 5 10
2010 1 17 6 10
2010 1 17 7 10
2010 1 17 8 10
2010 1 17 9 10
2010 1 17 10 10
2010 1 17 11 10
2010 1 17 12 10
2010 1 17 13 10
2010 1 17 14 10
2010 1 17 15 10
2010 1 17 16 10
2010 1 17 17 10
2010 1 17 18 10
2010 1 17 19 10
2010 1 17 20 10
2010 1 17 21 10
2010 1 17 22 10
2010 1 17 23 10
2010 1 18 0 10
2010 1 18 1 10
2010 1 18 2 10
2010 1 18 3 10
2010 1 18 4 10
2010 1 18 5 10
2010 1 18 6 10
2010 1 18 7 10
2010 1 18 8 10
2010 1 18 9 10
2010 1 18 10 10
2010 1 18 11 10
2010 1 18 12 10
2010 1 18 13 10
2010 1 18 14 10
2010 1 18 15 10
2010 1 18 16 10
2010 1 18 17 9
2010 1 18 18 9
2010 1 18 19 9
2010 1 18 20 9
2010 1 18 21 9
2010 1 18 22 9
2010 1 18 23 9
2010 1 19 0 9
2010 1 19 1 9
2010 1 19 2 9
2010 1 19 3 8
2010 1 19 4 8
2010 1 19 5 8
2010 1 19 6 9
2010 1 19 7 10
2010 1 19 8 9
2010 1 19 9 9
2010 1 19 10 10
2010 1 19 11 9
2010 1 19 12 9
2010 1 19 13 9
2010 1 19 14 6
2010 1 19 15 6
2010 1 19 16 7
2010 1 19 17 7
2010 1 19 18 7
2010 1 19 19 7
2010 1 19 20 7
2010 1 19 21 7
2010 1 19 22 10
2010 1 19 23 8
2010 1 20 0 7
2010 1 20 1 7
2010 1 20 2 7
2010 1 20 3 7
2010 1 20 4 7
2010 1 20 5 8
2010 1 20 6 8
2010 1 20 7 8
2010 1 20 8 9
2010 1 20 9 10
2010 1 20 10 10
2010 1 20 11 10
2010 1 20 12 10
2010 1 20 13 10
2010 1 20 14 10
2010 1 20 15 10
2010 1 20 16 8
2010 1 20 17 8
2010 1 20 18 9
2010 1 20 19 10
2010 1 20 20 9
2010 1 20 21 10
2010 1 20 22 9
2010 1 20 23 9
2010 1 21 0 10
2010 1 21 1 10
2010 1 21 2 9
2010 1 21 3 9
2010 1 21 4 9
2010 1 21 5 10
2010 1 21 6 10
2010 1 21 7 10
2010 1 21 8 9
2010 1 21 9 9
2010 1 21 10 9
2010 1 21 11 10
2010 1 21 12 10
2010 1 21 13 10
2010 1 21 14 10
2010 1 21 15 10
2010 1 21 16 10
2010 1 21 17 10
2010 1 21 18 10
2010 1 21 19 9
2010 1 21 20 9
2010 1 21 21 9
2010 1 21 22 9
2010 1 21 23 10
2010 1 22 0 10
2010 1 22 1 10
2010 1 22 2 10
2010 1 22 3 10
2010 1 22 4 10
2010 1 22 5 10
2010 1 22 6 10
2010 1 22 7 10
2010 1 22 8 10
2010 1 22 9 10
2010 1 22 10 10
2010 1 22 11 9
2010 1 22 12 9
2010 1 22 13 10
2010 1 22 14 9
2010 1 22 15 10
2010 1 22 16 10
2010 1 22 17 10
2010 1 22 18 10
2010 1 22 19 10
2010 1 22 20 10
2010 1 22 21 10
2010 1 22 22 7
2010 1 22 23 7
2010 1 23 0 7
2010 1 23 1 7
2010 1 23 2 7
2010 1 23 3 7
2010 1 23 4 7
2010 1 23 5 7
2010 1 23 6 7
2010 1 23 7 7
2010 1 23 8 7
2010 1 23 9 7
2010 1 23 10 6
2010 1 23 11 6
2010 1 23 12 7
2010 1 23 13 7
2010 1 23 14 7
2010 1 23 15 7
2010 1 23 16 7
2010 1 23 17 7
2010 1 23 18 7
2010 1 23 19 7
2010 1 23 20 7
2010 1 23 21 7
2010 1 23 22 7
2010 1 23 23 7
2010 1 24 0 7
2010 1 24 1 7
2010 1 24 2 7
2010 1 24 3 7
2010 1 24 4 7
2010 1 24 5 7
2010 1 24 6 7
2010 1 24 7 7
2010 1 24 8 7
2010 1 24 9 7
2010 1 24 10 7
2010 1 24 11 7
2010 1 24 12 7
2010 1 24 13 6
2010 1 24 14 7
2010 1 24 15 7
2010 1 24 16 7
2010 1 24 17 7
2010 1 24 18 6
2010 1 24 19 6
2010 1 24 20 7
2010 1 24 21 7
2010 1 24 22 7
2010 1 24 23 6
2010 1 25 0 6
2010 1 25 1 6
2010 1 25 2 6
2010 1 25 3 6
2010 1 25 4 6
2010 1 25 5 6
2010 1 25 6 6
2010 1 25 7 6
2010 1 25 8 6
2010 1 25 9 6
2010 1 25 10 6
2010 1 25 11 6
2010 1 25 12 7
2010 1 25 13 7
2010 1 25 14 7
2010 1 25 15 7
2010 1 25 16 7
2010 1 25 17 7
2010 1 25 18 7
2010 1 25 19 7
2010 1 25 20 7
2010 1 25 21 7
2010 1 25 22 7
2010 1 25 23 7
2010 1 26 0 7
2010 1 26 1 7
2010 1 26 2 7
2010 1 26 3 7
2010 1 26 4 7
2010 1 26 5 7
2010 1 26 6 7
2010 1 26 7 6
2010 1 26 8 6
2010 1 26 9 6
2010 1 26 10 6
2010 1 26 11 6
2010 1 26 12 6
2010 1 26 13 6
2010 1 26 14 6
2010 1 26 15 6
2010 1 26 16 6
2010 1 26 17 6
2010 1 26 18 7
2010 1 26 19 6
2010 1 26 20 7
2010 1 26 21 7
2010 1 26 22 7
2010 1 26 23 7
2010 1 27 0 7
2010 1 27 1 7
2010 1 27 2 7
2010 1 27 3 7
2010 1 27 4 7
2010 1 27 5 7
2010 1 27 6 7
2010 1 27 7 7
2010 1 27 8 7
2010 1 27 9 7
2010 1 27 10 7
2010 1 27 11 7
2010 1 27 12 7
2010 1 27 13 7
2010 1 27 14 7
2010 1 27 15 7
2010 1 27 16 7
2010 1 27 17 7
2010 1 27 18 7
2010 1 27 19 6
2010 1 27 20 6
2010 1 27 21 7
2010 1 27 22 7
2010 1 27 23 7
2010 1 28 0 7
2010 1 28 1 7
2010 1 28 2 7
2010 1 28 3 7
2010 1 28 4 7
2010 1 28 5 7
2010 1 28 6 7
2010 1 28 7 7
2010 1 28 8 6
2010 1 28 9 6
2010 1 28 10 6
2010 1 28 11 6
2010 1 28 12 6
2010 1 28 13 6
2010 1 28 14 6
2010 1 28 15 6
2010 1 28 16 6
2010 1 28 17 6
2010 1 28 18 6
2010 1 28 19 6
2010 1 28 20 6
2010 1 28 21 6
2010 1 28 22 6
2010 1 28 23 6
2010 1 29 0 6
2010 1 29 1 6
2010 1 29 2 6
2010 1 29 3 6
2010 1 29 4 6
2010 1 29 5 6
2010 1 29 6 6
2010 1 29 7 6
2010 1 29 8 6
2010 1 29 9 6
2010 1 29 10 6
2010 1 29 11 6
2010 1 29 12 6
2010 1 29 13 6
2010 1 29 14 6
2010 1 29 15 6
2010 1 29 16 6
2010 1 29 17 6
2010 1 29 18 6
2010 1 29 19 6
2010 1 29 20 6
2010 1 29 21 6
2010 1 29 22 6
2010 1 29 23 6
2010 1 30 0 6
2010 1 30 1 6
2010 1 30 2 6
2010 1 30 3 6
2010 1 30 4 6
2010 1 30 5 6
2010 1 30 6 6
2010 1 30 7 6
2010 1 30 8 6
2010 1 30 9 6
2010 1 30 10 6
2010 1 30 11 6
2010 1 30 12 6
2010 1 30 13 6
2010 1 30 14 6
2010 1 30 15 6
2010 1 30 16 6
2010 1 30 17 6
2010 1 30 18 6
2010 1 30 19 6
2010 1 30 20 6
2010 1 30 21 6
2010 1 30 22 6
2010 1 30 23 6
2010 1 31 0 6
2010 1 31 1 6
2010 1 31 2 6
2010 1 31 3 6
2010 1 31 4 6
2010 1 31 5 6
2010 1 31 6 6
2010 1 31 7 6
2010 1 31 8 6
2010 1 31 9 6
2010 1 31 10 6
2010 1 31 11 6
2010 1 31 12 6
2010 1 31 13 6
2010 1 31 14 6
2010 1 31 15 6
2010 1 31 16 6
2010 1 31 17 6
2010 1 31 18 6
2010 1 31 19 6
2010 1 31 20 6
2010 1 31 21 6
2010 1 31 22 6
2010 1 31 23 6
2008 1 1 0 10
2008 1 1 1 10
2008 1 1 2 10
2008 1 1 3 10
2008 1 1 4 10
2008 1 1 5 10
2008 1 1 6 10
2008 1 1 7 10
2008 1 1 8 10
2008 1 1 9 10
2008 1 1 10 10
2008 1 1 11 10
2008 1 1 12 10
2008 1 1 13 10
2008 1 1 14 10
2008 1 1 15 10
2008 1 1 16 10
2008 1 1 17 10
2008 1 1 18 10
2008 1 1 19 10
2008 1 1 20 10
2008 1 1 21 10
2008 1 1 22 10
2008 1 1 23 10
2008 1 2 0 10
2008 1 2 1 10
2008 1 2 2 10
2008 1 2 3 10
2008 1 2 4 10
2008 1 2 5 10
2008 1 2 6 10
2008 1 2 7 10
2008 1 2 8 10
2008 1 2 9 10
2008 1 2 10 10
2008 1 2 11 9
2008 1 2 12 10
2008 1 2 13 10
2008 1 2 14 10
2008 1 2 15 10
2008 1 2 16 10
2008 1 2 17 10
2008 1 2 18 10
2008 1 2 19 10
2008 1 2 20 10
2008 1 2 21 10
2008 1 2 22 10
2008 1 2 23 10
2008 1 3 0 10
2008 1 3 1 10
2008 1 3 2 10
2008 1 3 3 10
2008 1 3 4 10
2008 1 3 5 10
2008 1 3 6 10
2008 1 3 7 10
2008 1 3 8 10
2008 1 3 9 10
2008 1 3 10 10
2008 1 3 11 10
2008 1 3 12 10
2008 1 3 13 10
2008 1 3 14 10
2008 1 3 15 9
2008 1 3 16 9
2008 1 3 17 9
2008 1 3 18 9
2008 1 3 19 9
2008 1 3 20 9
2008 1 3 21 10
2008 1 3 22 10
2008 1 3 23 10
2008 1 4 0 10
2008 1 4 1 10
2008 1 4 2 10
2008 1 4 3 9
2008 1 4 4 10
2008 1 4 5 10
2008 1 4 6 10
2008 1 4 7 10
2008 1 4 8 10
2008 1 4 9 10
2008 1 4 10 10
2008 1 4 11 10
2008 1 4 12 10
2008 1 4 13 10
2008 1 4 14 9
2008 1 4 15 9
2008 1 4 16 9
2008 1 4 17 9
2008 1 4 18 9
2008 1 4 19 9
2008 1 4 20 9
2008 1 4 21 9
2008 1 4 22 9
2008 1 4 23 9
2008 1 5 0 10
2008 1 5 1 10
2008 1 5 2 9
2008 1 5 3 9
2008 1 5 4 10
2008 1 5 5 10
2008 1 5 6 10
2008 1 5 7 10
2008 1 5 8 10
2008 1 5 9 10
2008 1 5 10 7
2008 1 5 11 10
2008 1 5 12 10
2008 1 5 13 10
2008 1 5 14 10
2008 1 5 15 10
2008 1 5 16 9
2008 1 5 17 10
2008 1 5 18 9
2008 1 5 19 10
2008 1 5 20 9
2008 1 5 21 10
2008 1 5 22 10
2008 1 5 23 10
2008 1 6 0 10
2008 1 6 1 9
2008 1 6 2 9
2008 1 6 3 10
2008 1 6 4 9
2008 1 6 5 10
2008 1 6 6 10
2008 1 6 7 9
2008 1 6 8 9
2008 1 6 9 10
2008 1 6 10 10
2008 1 6 11 10
2008 1 6 12 9
2008 1 6 13 10
2008 1 6 14 9
2008 1 6 15 10
2008 1 6 16 10
2008 1 6 17 10
2008 1 6 18 9
2008 1 6 19 10
2008 1 6 20 10
2008 1 6 21 9
2008 1 6 22 9
2008 1 6 23 9
2008 1 7 0 9
2008 1 7 1 10
2008 1 7 2 10
2008 1 7 3 9
2008 1 7 4 9
2008 1 7 5 9
2008 1 7 6 9
2008 1 7 7 9
2008 1 7 8 9
2008 1 7 9 10
2008 1 7 10 9
2008 1 7 11 9
2008 1 7 12 9
2008 1 7 13 9
2008 1 7 14 9
2008 1 7 15 9
2008 1 7 16 9
2008 1 7 17 9
2008 1 7 18 9
2008 1 7 19 9
2008 1 7 20 9
2008 1 7 21 10
2008 1 7 22 10
2008 1 7 23 10
2008 1 8 0 10
2008 1 8 1 10
2008 1 8 2 10
2008 1 8 3 10
2008 1 8 4 10
2008 1 8 5 10
2008 1 8 6 9
2008 1 8 7 9
2008 1 8 8 9
2008 1 8 9 9
2008 1 8 10 6
2008 1 8 11 6
2008 1 8 12 8
2008 1 8 13 9
2008 1 8 14 9
2008 1 8 15 9
2008 1 8 16 9
2008 1 8 17 9
2008 1 8 18 9
2008 1 8 19 9
2008 1 8 20 9
2008 1 8 21 9
2008 1 8 22 9
2008 1 8 23 9
2008 1 9 0 9
2008 1 9 1 9
2008 1 9 2 9
2008 1 9 3 9
2008 1 9 4 9
2008 1 9 5 9
2008 1 9 6 7
2008 1 9 7 9
2008 1 9 8 9
2008 1 9 9 9
2008 1 9 10 9
2008 1 9 11 9
2008 1 9 12 9
2008 1 9 13 9
2008 1 9 14 9
2008 1 9 15 9
2008 1 9 16 9
2008 1 9 17 9
2008 1 9 18 9
2008 1 9 19 10
2008 1 9 20 9
2008 1 9 21 9
2008 1 9 22 10
2008 1 9 23 10
2008 1 10 0 9
2008 1 10 1 9
2008 1 10 2 9
2008 1 10 3 9
2008 1 10 4 9
2008 1 10 5 10
2008 1 10 6 9
2008 1 10 7 10
2008 1 10 8 10
2008 1 10 9 10
2008 1 10 10 9
2008 1 10 11 10
2008 1 10 12 10
2008 1 10 13 10
2008 1 10 14 10
2008 1 10 15 10
2008 1 10 16 10
2008 1 10 17 10
2008 1 10 18 10
2008 1 10 19 10
2008 1 10 20 10
2008 1 10 21 10
2008 1 10 22 10
2008 1 10 23 10
2008 1 11 0 10
2008 1 11 1 10
2008 1 11 2 9
2008 1 11 3 10
2008 1 11 4 10
2008 1 11 5 10
2008 1 11 6 10
2008 1 11 7 10
2008 1 11 8 10
2008 1 11 9 10
2008 1 11 10 10
2008 1 11 11 10
2008 1 11 12 10
2008 1 11 13 10
2008 1 11 14 10
2008 1 11 15 10
2008 1 11 16 10
2008 1 11 17 10
2008 1 11 18 10
2008 1 11 19 10
2008 1 11 20 10
2008 1 11 21 10
2008 1 11 22 10
2008 1 11 23 10
2008 1 12 0 10
2008 1 12 1 10
2008 1 12 2 8
2008 1 12 3 9
2008 1 12 4 10
2008 1 12 5 10
2008 1 12 6 10
2008 1 12 7 10
2008 1 12 8 10
2008 1 12 9 10
2008 1 12 10 10
2008 1 12 11 10
2008 1 12 12 10
2008 1 12 13 9
2008 1 12 14 10
2008 1 12 15 10
2008 1 12 16 10
2008 1 12 17 10
2008 1 12 18 10
2008 1 12 19 10
2008 1 12 20 10
2008 1 12 21 10
2008 1 12 22 10
2008 1 12 23 10
2008 1 13 0 10
2008 1 13 1 10
2008 1 13 2 10
2008 1 13 3 9
2008 1 13 4 10
2008 1 13 5 10
2008 1 13 6 10
2008 1 13 7 10
2008 1 13 8 10
2008 1 13 9 10
2008 1 13 10 10
2008 1 13 11 10
2008 1 13 12 10
2008 1 13 13 10
2008 1 13 14 10
2008 1 13 15 10
2008 1 13 16 10
2008 1 13 17 9
2008 1 13 18 10
2008 1 13 19 10
2008 1 13 20 10
2008 1 13 21 10
2008 1 13 22 10
2008 1 13 23 10
2008 1 14 0 10
2008 1 14 1 10
2008 1 14 2 10
2008 1 14 3 10
2008 1 14 4 10
2008 1 14 5 10
2008 1 14 6 10
2008 1 14 7 10
2008 1 14 8 10
2008 1 14 9 10
2008 1 14 10 10
2008 1 14 11 10
2008 1 14 12 10
2008 1 14 13 10
2008 1 14 14 10
2008 1 14 15 10
2008 1 14 16 10
2008 1 14 17 10
2008 1 14 18 10
2008 1 14 19 10
2008 1 14 20 9
2008 1 14 21 9
2008 1 14 22 10
2008 1 14 23 10
2008 1 15 0 10
2008 1 15 1 10
2008 1 15 2 9
2008 1 15 3 10
2008 1 15 4 10
2008 1 15 5 9
2008 1 15 6 10
2008 1 15 7 10
2008 1 15 8 10
2008 1 15 9 10
2008 1 15 10 10
2008 1 15 11 10
2008 1 15 12 10
2008 1 15 13 10
2008 1 15 14 10
2008 1 15 15 10
2008 1 15 16 10
2008 1 15 17 10
2008 1 15 18 10
2008 1 15 19 6
2008 1 15 20 7
2008 1 15 21 7
2008 1 15 22 10
2008 1 15 23 10
2008 1 16 0 10
2008 1 16 1 10
2008 1 16 2 10
2008 1 16 3 10
2008 1 16 4 10
2008 1 16 5 10
2008 1 16 6 10
2008 1 16 7 10
2008 1 16 8 10
2008 1 16 9 10
2008 1 16 10 10
2008 1 16 11 10
2008 1 16 12 10
2008 1 16 13 10
2008 1 16 14 10
2008 1 16 15 10
2008 1 16 16 10
2008 1 16 17 9
2008 1 16 18 10
2008 1 16 19 10
2008 1 16 20 10
2008 1 16 21 10
2008 1 16 22 10
2008 1 16 23 10
2008 1 17 0 10
2008 1 17 1 10
2008 1 17 2 10
2008 1 17 3 10
2008 1 17 4 10
2008 1 17 5 10
2008 1 17 6 10
2008 1 17 7 10
2008 1 17 8 10
2008 1 17 9 10
2008 1 17 10 10
2008 1 17 11 10
2008 1 17 12 10
2008 1 17 13 10
2008 1 17 14 10
2008 1 17 15 10
2008 1 17 16 10
2008 1 17 17 10
2008 1 17 18 10
2008 1 17 19 10
2008 1 17 20 10
2008 1 17 21 10
2008 1 17 22 9
2008 1 17 23 10
2008 1 18 0 10
2008 1 18 1 10
2008 1 18 2 10
2008 1 18 3 10
2008 1 18 4 10
2008 1 18 5 10
2008 1 18 6 10
2008 1 18 7 10
2008 1 18 8 10
2008 1 18 9 10
2008 1 18 10 10
2008 1 18 11 10
2008 1 18 12 10
2008 1 18 13 10
2008 1 18 14 10
2008 1 18 15 10
2008 1 18 16 9
2008 1 18 17 9
2008 1 18 18 9
2008 1 18 19 10
2008 1 18 20 10
2008 1 18 21 10
2008 1 18 22 10
2008 1 18 23 10
2008 1 19 0 10
2008 1 19 1 10
2008 1 19 2 10
2008 1 19 3 10
2008 1 19 4 10
2008 1 19 5 10
2008 1 19 6 10
2008 1 19 7 10
2008 1 19 8 10
2008 1 19 9 10
2008 1 19 10 10
2008 1 19 11 10
2008 1 19 12 10
2008 1 19 13 10
2008 1 19 14 10
2008 1 19 15 10
2008 1 19 16 10
2008 1 19 17 10
2008 1 19 18 10
2008 1 19 19 10
2008 1 19 20 10
2008 1 19 21 10
2008 1 19 22 10
2008 1 19 23 10
2008 1 20 0 10
2008 1 20 1 10
2008 1 20 2 9
2008 1 20 3 9
2008 1 20 4 9
2008 1 20 5 10
2008 1 20 6 10
2008 1 20 7 10
2008 1 20 8 10
2008 1 20 9 10
2008 1 20 10 10
2008 1 20 11 10
2008 1 20 12 10
2008 1 20 13 10
2008 1 20 14 10
2008 1 20 15 10
2008 1 20 16 10
2008 1 20 17 10
2008 1 20 18 10
2008 1 20 19 10
2008 1 20 20 10
2008 1 20 21 10
2008 1 20 22 10
2008 1 20 23 10
2008 1 21 0 10
2008 1 21 1 10
2008 1 21 2 10
2008 1 21 3 10
2008 1 21 4 9
2008 1 21 5 10
2008 1 21 6 10
2008 1 21 7 10
2008 1 21 8 10
2008 1 21 9 10
2008 1 21 10 10
2008 1 21 11 10
2008 1 21 12 10
2008 1 21 13 10
2008 1 21 14 10
2008 1 21 15 10
2008 1 21 16 10
2008 1 21 17 10
2008 1 21 18 10
2008 1 21 19 10
2008 1 21 20 10
2008 1 21 21 10
2008 1 21 22 10
2008 1 21 23 10
2008 1 22 0 10
2008 1 22 1 10
2008 1 22 2 9
2008 1 22 3 10
2008 1 22 4 10
2008 1 22 5 10
2008 1 22 6 10
2008 1 22 7 10
2008 1 22 8 10
2008 1 22 9 10
2008 1 22 10 10
2008 1 22 11 10
2008 1 22 12 10
2008 1 22 13 10
2008 1 22 14 10
2008 1 22 15 10
2008 1 22 16 10
2008 1 22 17 10
2008 1 22 18 10
2008 1 22 19 10
2008 1 22 20 10
2008 1 22 21 10
2008 1 22 22 10
2008 1 22 23 10
2008 1 23 0 10
2008 1 23 1 10
2008 1 23 2 10
2008 1 23 3 10
2008 1 23 4 10
2008 1 23 5 10
2008 1 23 6 10
2008 1 23 7 10
2008 1 23 8 10
2008 1 23 9 10
2008 1 23 10 10
2008 1 23 11 10
2008 1 23 12 10
2008 1 23 13 10
2008 1 23 14 10
2008 1 23 15 10
2008 1 23 16 9
2008 1 23 17 10
2008 1 23 18 9
2008 1 23 19 10
2008 1 23 20 10
2008 1 23 21 10
2008 1 23 22 10
2008 1 23 23 10
2008 1 24 0 10
2008 1 24 1 10
2008 1 24 2 10
2008 1 24 3 10
2008 1 24 4 10
2008 1 24 5 10
2008 1 24 6 10
2008 1 24 7 10
2008 1 24 8 10
2008 1 24 9 10
2008 1 24 10 10
2008 1 24 11 10
2008 1 24 12 10
2008 1 24 13 10
2008 1 24 14 10
2008 1 24 15 10
2008 1 24 16 10
2008 1 24 17 10
2008 1 24 18 10
2008 1 24 19 10
2008 1 24 20 10
2008 1 24 21 10
2008 1 24 22 10
2008 1 24 23 10
2008 1 25 0 10
2008 1 25 1 9
2008 1 25 2 10
2008 1 25 3 10
2008 1 25 4 10
2008 1 25 5 10
2008 1 25 6 10
2008 1 25 7 10
2008 1 25 8 10
2008 1 25 9 10
2008 1 25 10 10
2008 1 25 11 9
2008 1 25 12 10
2008 1 25 13 10
2008 1 25 14 10
2008 1 25 15 10
2008 1 25 16 10
2008 1 25 17 10
2008 1 25 18 9
2008 1 25 19 9
2008 1 25 20 9
2008 1 25 21 9
2008 1 25 22 9
2008 1 25 23 9
2008 1 26 0 10
2008 1 26 1 9
2008 1 26 2 9
2008 1 26 3 9
2008 1 26 4 9
2008 1 26 5 9
2008 1 26 6 9
2008 1 26 7 9
2008 1 26 8 9
2008 1 26 9 9
2008 1 26 10 9
2008 1 26 11 9
2008 1 26 12 9
2008 1 26 13 9
2008 1 26 14 9
2008 1 26 15 9
2008 1 26 16 9
2008 1 26 17 9
2008 1 26 18 9
2008 1 26 19 9
2008 1 26 20 9
2008 1 26 21 9
2008 1 26 22 9
2008 1 26 23 10
2008 1 27 0 9
2008 1 27 1 10
2008 1 27 2 10
2008 1 27 3 10
2008 1 27 4 10
2008 1 27 5 10
2008 1 27 6 10
2008 1 27 7 10
2008 1 27 8 10
2008 1 27 9 10
2008 1 27 10 10
2008 1 27 11 10
2008 1 27 12 9
2008 1 27 13 10
2008 1 27 14 10
2008 1 27 15 9
2008 1 27 16 9
2008 1 27 17 9
2008 1 27 18 9
2008 1 27 19 9
2008 1 27 20 9
2008 1 27 21 9
2008 1 27 22 9
2008 1 27 23 9
2008 1 28 0 9
2008 1 28 1 10
2008 1 28 2 10
2008 1 28 3 10
2008 1 28 4 10
2008 1 28 5 10
2008 1 28 6 10
2008 1 28 7 10
2008 1 28 8 10
2008 1 28 9 10
2008 1 28 10 10
2008 1 28 11 10
2008 1 28 12 10
2008 1 28 13 10
2008 1 28 14 10
2008 1 28 15 10
2008 1 28 16 10
2008 1 28 17 9
2008 1 28 18 9
2008 1 28 19 9
2008 1 28 20 9
2008 1 28 21 9
2008 1 28 22 9
2008 1 28 23 9
2008 1 29 0 9
2008 1 29 1 9
2008 1 29 2 10
2008 1 29 3 10
2008 1 29 4 10
2008 1 29 5 10
2008 1 29 6 9
2008 1 29 7 10
2008 1 29 8 10
2008 1 29 9 10
2008 1 29 10 10
2008 1 29 11 10
2008 1 29 12 10
2008 1 29 13 10
2008 1 29 14 9
2008 1 29 15 10
2008 1 29 16 9
2008 1 29 17 9
2008 1 29 18 9
2008 1 29 19 9
2008 1 29 20 10
2008 1 29 21 10
2008 1 29 22 10
2008 1 29 23 10
2008 1 30 0 10
2008 1 30 1 10
2008 1 30 2 10
2008 1 30 3 10
2008 1 30 4 10
2008 1 30 5 10
2008 1 30 6 10
2008 1 30 7 10
2008 1 30 8 10
2008 1 30 9 10
2008 1 30 10 10
2008 1 30 11 10
2008 1 30 12 10
2008 1 30 13 10
2008 1 30 14 9
2008 1 30 15 9
2008 1 30 16 10
2008 1 30 17 9
2008 1 30 18 10
2008 1 30 19 9
2008 1 30 20 9
2008 1 30 21 9
2008 1 30 22 9
2008 1 30 23 9
2008 1 31 0 9
2008 1 31 1 10
2008 1 31 2 9
2008 1 31 3 9
2008 1 31 4 9
2008 1 31 5 9
2008 1 31 6 9
2008 1 31 7 9
2008 1 31 8 9
2008 1 31 9 9
2008 1 31 10 9
2008 1 31 11 9
2008 1 31 12 9
2008 1 31 13 9
2008 1 31 14 9
2008 1 31 15 9
2008 1 31 16 9
2008 1 31 17 9
2008 1 31 18 9
2008 1 31 19 9
2008 1 31 20 9
2008 1 31 21 9
2008 1 31 22 10
2008 1 31 23 9
