2010 1 1 0 20
2010 1 1 1 21
2010 1 1 2 22
2010 1 1 3 22
2010 1 1 4 21
2010 1 1 5 22
2010 1 1 6 22
2010 1 1 7 22
2010 1 1 8 22
2010 1 1 9 21
2010 1 1 10 21
2010 1 1 11 20
2010 1 1 12 19
2010 1 1 13 21
2010 1 1 14 21
2010 1 1 15 20
2010 1 1 16 21
2010 1 1 17 20
2010 1 1 18 21
2010 1 1 19 22
2010 1 1 20 22
2010 1 1 21 22
2010 1 1 22 22
2010 1 1 23 22
2010 1 2 0 22
2010 1 2 1 22
2010 1 2 2 22
2010 1 2 3 22
2010 1 2 4 22
2010 1 2 5 22
2010 1 2 6 22
2010 1 2 7 22
2010 1 2 8 22
2010 1 2 9 22
2010 1 2 10 22
2010 1 2 11 20
2010 1 2 12 22
2010 1 2 13 22
2010 1 2 14 22
2010 1 2 15 22
2010 1 2 16 22
2010 1 2 17 22
2010 1 2 18 19
2010 1 2 19 19
2010 1 2 20 19
2010 1 2 21 19
2010 1 2 22 19
2010 1 2 23 19
2010 1 3 0 19
2010 1 3 1 19
2010 1 3 2 19
2010 1 3 3 19
2010 1 3 4 19
2010 1 3 5 19
2010 1 3 6 19
2010 1 3 7 19
2010 1 3 8 19
2010 1 3 9 19
2010 1 3 10 19
2010 1 3 11 19
2010 1 3 12 19
2010 1 3 13 19
2010 1 3 14 19
2010 1 3 15 19
2010 1 3 16 19
2010 1 3 17 19
2010 1 3 18 19
2010 1 3 19 19
2010 1 3 20 19
2010 1 3 21 19
2010 1 3 22 19
2010 1 3 23 19
2010 1 4 0 19
2010 1 4 1 19
2010 1 4 2 19
2010 1 4 3 19
2010 1 4 4 19
2010 1 4 5 19
2010 1 4 6 19
2010 1 4 7 19
2010 1 4 8 19
2010 1 4 9 19
2010 1 4 10 19
2010 1 4 11 19
2010 1 4 12 22
2010 1 4 13 22
2010 1 4 14 22
2010 1 4 15 22
2010 1 4 16 22
2010 1 4 17 22
2010 1 4 18 22
2010 1 4 19 22
2010 1 4 20 22
2010 1 4 21 22
2010 1 4 22 22
2010 1 4 23 22
2010 1 5 0 22
2010 1 5 1 15
2010 1 5 2 22
2010 1 5 3 22
2010 1 5 4 22
2010 1 5 5 22
2010 1 5 6 22
2010 1 5 7 22
2010 1 5 8 22
2010 1 5 9 22
2010 1 5 10 22
2010 1 5 11 22
2010 1 5 12 22
2010 1 5 13 22
2010 1 5 14 22
2010 1 5 15 22
2010 1 5 16 22
2010 1 5 17 22
2010 1 5 18 22
2010 1 5 19 22
2010 1 5 20 21
2010 1 5 21 21
2010 1 5 22 22
2010 1 5 23 22
2010 1 6 0 22
2010 1 6 1 22
2010 1 6 2 22
2010 1 6 3 22
2010 1 6 4 22
2010 1 6 5 22
2010 1 6 6 22
2010 1 6 7 22
2010 1 6 8 22
2010 1 6 9 22
2010 1 6 10 22
2010 1 6 11 22
2010 1 6 12 22
2010 1 6 13 22
2010 1 6 14 22
2010 1 6 15 22
2010 1 6 16 22
2010 1 6 17 22
2010 1 6 18 20
2010 1 6 19 22
2010 1 6 20 22
2010 1 6 21 19
2010 1 6 22 19
2010 1 6 23 18
2010 1 7 0 19
2010 1 7 1 21
2010 1 7 2 22
2010 1 7 3 22
2010 1 7 4 22
2010 1 7 5 22
2010 1 7 6 22
2010 1 7 7 22
2010 1 7 8 22
2010 1 7 9 22
2010 1 7 10 22
2010 1 7 11 22
2010 1 7 12 22
2010 1 7 13 22
2010 1 7 14 22
2010 1 7 15 22
2010 1 7 16 22
2010 1 7 17 22
2010 1 7 18 22
2010 1 7 19 22
2010 1 7 20 22
2010 1 7 21 22
2010 1 7 22 22
2010 1 7 23 22
2010 1 8 0 22
2010 1 8 1 22
2010 1 8 2 22
2010 1 8 3 22
2010 1 8 4 22
2010 1 8 5 22
2010 1 8 6 22
2010 1 8 7 22
2010 1 8 8 22
2010 1 8 9 22
2010 1 8 10 22
2010 1 8 11 22
2010 1 8 12 22
2010 1 8 13 22
2010 1 8 14 22
2010 1 8 15 22
2010 1 8 16 22
2010 1 8 17 22
2010 1 8 18 22
2010 1 8 19 22
2010 1 8 20 22
2010 1 8 21 22
2010 1 8 22 22
2010 1 8 23 22
2010 1 9 0 22
2010 1 9 1 22
2010 1 9 2 22
2010 1 9 3 22
2010 1 9 4 22
2010 1 9 5 22
2010 1 9 6 22
2010 1 9 7 21
2010 1 9 8 22
2010 1 9 9 22
2010 1 9 10 20
2010 1 9 11 20
2010 1 9 12 22
2010 1 9 13 22
2010 1 9 14 22
2010 1 9 15 22
2010 1 9 16 22
2010 1 9 17 22
2010 1 9 18 22
2010 1 9 19 22
2010 1 9 20 22
2010 1 9 21 22
2010 1 9 22 22
2010 1 9 23 22
2010 1 10 0 22
2010 1 10 1 22
2010 1 10 2 22
2010 1 10 3 22
2010 1 10 4 22
2010 1 10 5 22
2010 1 10 6 22
2010 1 10 7 22
2010 1 10 8 22
2010 1 10 9 22
2010 1 10 10 22
2010 1 10 11 22
2010 1 10 12 21
2010 1 10 13 22
2010 1 10 14 22
2010 1 10 15 22
2010 1 10 16 22
2010 1 10 17 22
2010 1 10 18 22
2010 1 10 19 22
2010 1 10 20 22
2010 1 10 21 22
2010 1 10 22 22
2010 1 10 23 22
2010 1 11 0 22
2010 1 11 1 22
2010 1 11 2 22
2010 1 11 3 22
2010 1 11 4 22
2010 1 11 5 22
2010 1 11 6 22
2010 1 11 7 22
2010 1 11 8 22
2010 1 11 9 22
2010 1 11 10 22
2010 1 11 11 22
2010 1 11 12 22
2010 1 11 13 22
2010 1 11 14 22
2010 1 11 15 22
2010 1 11 16 22
2010 1 11 17 22
2010 1 11 18 22
2010 1 11 19 22
2010 1 11 20 22
2010 1 11 21 22
2010 1 11 22 22
2010 1 11 23 22
2010 1 12 0 22
2010 1 12 1 22
2010 1 12 2 22
2010 1 12 3 22
2010 1 12 4 22
2010 1 12 5 21
2010 1 12 6 22
2010 1 12 7 21
2010 1 12 8 22
2010 1 12 9 21
2010 1 12 10 20
2010 1 12 11 22
2010 1 12 12 22
2010 1 12 13 22
2010 1 12 14 22
2010 1 12 15 22
2010 1 12 16 21
2010 1 12 17 21
2010 1 12 18 21
2010 1 12 19 21
2010 1 12 20 21
2010 1 12 21 22
2010 1 12 22 22
2010 1 12 23 20
2010 1 13 0 22
2010 1 13 1 20
2010 1 13 2 20
2010 1 13 3 17
2010 1 13 4 17
2010 1 13 5 17
2010 1 13 6 21
2010 1 13 7 21
2010 1 13 8 22
2010 1 13 9 22
2010 1 13 10 20
2010 1 13 11 20
2010 1 13 12 22
2010 1 13 13 22
2010 1 13 14 22
2010 1 13 15 22
2010 1 13 16 22
2010 1 13 17 22
2010 1 13 18 22
2010 1 13 19 22
2010 1 13 20 22
2010 1 13 21 22
2010 1 13 22 22
2010 1 13 23 22
2010 1 14 0 22
2010 1 14 1 22
2010 1 14 2 22
2010 1 14 3 22
2010 1 14 4 22
2010 1 14 5 22
2010 1 14 6 22
2010 1 14 7 22
2010 1 14 8 22
2010 1 14 9 22
2010 1 14 10 22
2010 1 14 11 22
2010 1 14 12 22
2010 1 14 13 22
2010 1 14 14 22
2010 1 14 15 22
2010 1 14 16 22
2010 1 14 17 22
2010 1 14 18 15
2010 1 14 19 22
2010 1 14 20 22
2010 1 14 21 22
2010 1 14 22 22
2010 1 14 23 22
2010 1 15 0 22
2010 1 15 1 22
2010 1 15 2 22
2010 1 15 3 22
2010 1 15 4 22
2010 1 15 5 22
2010 1 15 6 22
2010 1 15 7 22
2010 1 15 8 22
2010 1 15 9 22
2010 1 15 10 22
2010 1 15 11 22
2010 1 15 0 22
2010 1 15 1 22
2010 1 15 2 22
2010 1 15 3 22
2010 1 15 4 22
2010 1 15 5 22
2010 1 15 6 22
2010 1 15 7 22
2010 1 15 8 22
2010 1 15 9 22
2010 1 15 10 22
2010 1 15 11 22
2010 1 15 12 22
2010 1 15 13 22
2010 1 15 14 22
2010 1 15 15 22
2010 1 15 16 22
2010 1 15 17 22
2010 1 15 18 22
2010 1 15 19 22
2010 1 15 20 22
2010 1 15 21 22
2010 1 15 22 22
2010 1 15 23 22
2010 1 16 0 22
2010 1 16 1 22
2010 1 16 2 22
2010 1 16 3 22
2010 1 16 4 22
2010 1 16 5 22
2010 1 16 6 22
2010 1 16 7 22
2010 1 16 8 22
2010 1 16 9 22
2010 1 16 10 20
2010 1 16 11 22
2010 1 16 12 22
2010 1 16 13 22
2010 1 16 14 22
2010 1 16 15 22
2010 1 16 16 22
2010 1 16 17 22
2010 1 16 18 22
2010 1 16 19 22
2010 1 16 20 22
2010 1 16 21 22
2010 1 16 22 22
2010 1 16 23 22
2010 1 17 0 22
2010 1 17 1 22
2010 1 17 2 22
2010 1 17 3 22
2010 1 17 4 22
2010 1 17 5 22
2010 1 17 6 22
2010 1 17 7 22
2010 1 17 8 22
2010 1 17 9 22
2010 1 17 10 22
2010 1 17 11 22
2010 1 17 12 22
2010 1 17 13 22
2010 1 17 14 22
2010 1 17 15 22
2010 1 17 16 22
2010 1 17 17 22
2010 1 17 18 19
2010 1 17 19 22
2010 1 17 20 18
2010 1 17 21 21
2010 1 17 22 20
2010 1 17 23 17
2010 1 18 0 17
2010 1 18 1 19
2010 1 18 2 18
2010 1 18 3 18
2010 1 18 4 20
2010 1 18 5 22
2010 1 18 6 20
2010 1 18 7 18
2010 1 18 8 18
2010 1 18 9 18
2010 1 18 10 19
2010 1 18 11 19
2010 1 18 12 19
2010 1 18 13 19
2010 1 18 14 19
2010 1 18 15 19
2010 1 18 16 17
2010 1 18 17 16
2010 1 18 18 10
2010 1 18 19 10
2010 1 18 20 9
2010 1 18 21 9
2010 1 18 22 9
2010 1 18 23 9
2010 1 19 0 9
2010 1 19 1 10
2010 1 19 2 11
2010 1 19 3 16
2010 1 19 4 16
2010 1 19 5 18
2010 1 19 6 19
2010 1 19 7 21
2010 1 19 8 21
2010 1 19 9 16
2010 1 19 10 17
2010 1 19 11 11
2010 1 19 12 10
2010 1 19 13 10
2010 1 19 14 10
2010 1 19 15 10
2010 1 19 16 9
2010 1 19 17 9
2010 1 19 18 14
2010 1 19 19 10
2010 1 19 20 15
2010 1 19 21 15
2010 1 19 22 15
2010 1 19 23 9
2010 1 20 0 10
2010 1 20 1 12
2010 1 20 2 12
2010 1 20 3 15
2010 1 20 4 15
2010 1 20 5 18
2010 1 20 6 18
2010 1 20 7 18
2010 1 20 8 18
2010 1 20 9 18
2010 1 20 10 16
2010 1 20 11 16
2010 1 20 12 16
2010 1 20 13 16
2010 1 20 14 16
2010 1 20 15 16
2010 1 20 16 15
2010 1 20 17 15
2010 1 20 18 15
2010 1 20 19 16
2010 1 20 20 15
2010 1 20 21 16
2010 1 20 22 15
2010 1 20 23 15
2010 1 21 0 16
2010 1 21 1 16
2010 1 21 2 12
2010 1 21 3 15
2010 1 21 4 15
2010 1 21 5 16
2010 1 21 6 16
2010 1 21 7 16
2010 1 21 8 18
2010 1 21 9 18
2010 1 21 10 17
2010 1 21 11 18
2010 1 21 12 18
2010 1 21 13 18
2010 1 21 14 18
2010 1 21 15 18
2010 1 21 16 18
2010 1 21 17 18
2010 1 21 18 18
2010 1 21 19 15
2010 1 21 20 15
2010 1 21 21 15
2010 1 21 22 18
2010 1 21 23 20
2010 1 22 0 19
2010 1 22 1 22
2010 1 22 2 19
2010 1 22 3 22
2010 1 22 4 22
2010 1 22 5 22
2010 1 22 6 22
2010 1 22 7 22
2010 1 22 8 22
2010 1 22 9 22
2010 1 22 10 22
2010 1 22 11 21
2010 1 22 12 21
2010 1 22 13 22
2010 1 22 14 15
2010 1 22 15 22
2010 1 22 16 20
2010 1 22 17 21
2010 1 22 18 19
2010 1 22 19 22
2010 1 22 20 22
2010 1 22 21 22
2010 1 22 22 22
2010 1 22 23 22
2010 1 23 0 20
2010 1 23 1 20
2010 1 23 2 22
2010 1 23 3 22
2010 1 23 4 22
2010 1 23 5 22
2010 1 23 6 22
2010 1 23 7 20
2010 1 23 8 20
2010 1 23 9 22
2010 1 23 10 21
2010 1 23 11 19
2010 1 23 12 20
2010 1 23 13 20
2010 1 23 14 22
2010 1 23 15 22
2010 1 23 16 22
2010 1 23 17 22
2010 1 23 18 22
2010 1 23 19 22
2010 1 23 20 22
2010 1 23 21 22
2010 1 23 22 22
2010 1 23 23 22
2010 1 24 0 22
2010 1 24 1 22
2010 1 24 2 22
2010 1 24 3 22
2010 1 24 4 22
2010 1 24 5 22
2010 1 24 6 22
2010 1 24 7 22
2010 1 24 8 22
2010 1 24 9 22
2010 1 24 10 22
2010 1 24 11 22
2010 1 24 12 22
2010 1 24 13 21
2010 1 24 14 19
2010 1 24 15 19
2010 1 24 16 19
2010 1 24 17 19
2010 1 24 18 18
2010 1 24 19 17
2010 1 24 20 16
2010 1 24 21 19
2010 1 24 22 18
2010 1 24 23 12
2010 1 25 0 12
2010 1 25 1 11
2010 1 25 2 12
2010 1 25 3 12
2010 1 25 4 12
2010 1 25 5 12
2010 1 25 6 12
2010 1 25 7 12
2010 1 25 8 15
2010 1 25 9 15
2010 1 25 10 15
2010 1 25 11 15
2010 1 25 12 16
2010 1 25 13 17
2010 1 25 14 19
2010 1 25 15 19
2010 1 25 16 19
2010 1 25 17 19
2010 1 25 18 19
2010 1 25 19 16
2010 1 25 20 16
2010 1 25 21 15
2010 1 25 22 14
2010 1 25 23 15
2010 1 26 0 15
2010 1 26 1 15
2010 1 26 2 18
2010 1 26 3 18
2010 1 26 4 19
2010 1 26 5 19
2010 1 26 6 19
2010 1 26 7 18
2010 1 26 8 12
2010 1 26 9 12
2010 1 26 10 15
2010 1 26 11 17
2010 1 26 12 17
2010 1 26 13 17
2010 1 26 14 17
2010 1 26 15 18
2010 1 26 16 18
2010 1 26 17 18
2010 1 26 18 19
2010 1 26 19 12
2010 1 26 20 19
2010 1 26 21 22
2010 1 26 22 22
2010 1 26 23 22
2010 1 27 0 22
2010 1 27 1 22
2010 1 27 2 22
2010 1 27 3 22
2010 1 27 4 22
2010 1 27 5 22
2010 1 27 6 22
2010 1 27 7 22
2010 1 27 8 22
2010 1 27 9 22
2010 1 27 10 22
2010 1 27 11 22
2010 1 27 12 22
2010 1 27 13 22
2010 1 27 14 22
2010 1 27 15 22
2010 1 27 16 22
2010 1 27 17 22
2010 1 27 18 22
2010 1 27 19 15
2010 1 27 20 15
2010 1 27 21 22
2010 1 27 22 22
2010 1 27 23 22
2010 1 28 0 22
2010 1 28 1 22
2010 1 28 2 22
2010 1 28 3 22
2010 1 28 4 22
2010 1 28 5 22
2010 1 28 6 22
2010 1 28 7 22
2010 1 28 8 15
2010 1 28 9 15
2010 1 28 10 15
2010 1 28 11 15
2010 1 28 12 15
2010 1 28 13 15
2010 1 28 14 15
2010 1 28 15 15
2010 1 28 16 15
2010 1 28 17 9
2010 1 28 18 15
2010 1 28 19 15
2010 1 28 20 15
2010 1 28 21 15
2010 1 28 22 15
2010 1 28 23 15
2010 1 29 0 15
2010 1 29 1 15
2010 1 29 2 15
2010 1 29 3 15
2010 1 29 4 15
2010 1 29 5 15
2010 1 29 6 15
2010 1 29 7 15
2010 1 29 8 15
2010 1 29 9 15
2010 1 29 10 15
2010 1 29 11 15
2010 1 29 12 15
2010 1 29 13 15
2010 1 29 14 15
2010 1 29 15 15
2010 1 29 16 15
2010 1 29 17 15
2010 1 29 18 15
2010 1 29 19 15
2010 1 29 20 15
2010 1 29 21 15
2010 1 29 22 15
2010 1 29 23 15
2010 1 30 0 15
2010 1 30 1 15
2010 1 30 2 15
2010 1 30 3 15
2010 1 30 4 15
2010 1 30 5 15
2010 1 30 6 15
2010 1 30 7 15
2010 1 30 8 15
2010 1 30 9 15
2010 1 30 10 15
2010 1 30 11 15
2010 1 30 12 15
2010 1 30 13 15
2010 1 30 14 15
2010 1 30 15 15
2010 1 30 16 15
2010 1 30 17 15
2010 1 30 18 15
2010 1 30 19 15
2010 1 30 20 15
2010 1 30 21 15
2010 1 30 22 15
2010 1 30 23 15
2010 1 31 0 15
2010 1 31 1 15
2010 1 31 2 15
2010 1 31 3 15
2010 1 31 4 15
2010 1 31 5 15
2010 1 31 6 15
2010 1 31 7 15
2010 1 31 8 15
2010 1 31 9 15
2010 1 31 10 15
2010 1 31 11 15
2010 1 31 12 15
2010 1 31 13 15
2010 1 31 14 15
2010 1 31 15 15
2010 1 31 16 15
2010 1 31 17 15
2010 1 31 18 15
2010 1 31 19 15
2010 1 31 20 15
2010 1 31 21 15
2010 1 31 22 15
2010 1 31 23 15
2008 1 1 0 19
2008 1 1 1 19
2008 1 1 2 19
2008 1 1 3 19
2008 1 1 4 19
2008 1 1 5 19
2008 1 1 6 19
2008 1 1 7 19
2008 1 1 8 19
2008 1 1 9 19
2008 1 1 10 19
2008 1 1 11 19
2008 1 1 12 19
2008 1 1 13 19
2008 1 1 14 19
2008 1 1 15 19
2008 1 1 16 19
2008 1 1 17 19
2008 1 1 18 19
2008 1 1 19 19
2008 1 1 20 19
2008 1 1 21 19
2008 1 1 22 19
2008 1 1 23 19
2008 1 2 0 19
2008 1 2 1 19
2008 1 2 2 19
2008 1 2 3 19
2008 1 2 4 19
2008 1 2 5 19
2008 1 2 6 19
2008 1 2 7 19
2008 1 2 8 19
2008 1 2 9 19
2008 1 2 10 19
2008 1 2 11 12
2008 1 2 12 19
2008 1 2 13 19
2008 1 2 14 19
2008 1 2 15 19
2008 1 2 16 19
2008 1 2 17 19
2008 1 2 18 19
2008 1 2 19 19
2008 1 2 20 19
2008 1 2 21 19
2008 1 2 22 19
2008 1 2 23 19
2008 1 3 0 19
2008 1 3 1 19
2008 1 3 2 19
2008 1 3 3 19
2008 1 3 4 19
2008 1 3 5 19
2008 1 3 6 17
2008 1 3 7 17
2008 1 3 8 17
2008 1 3 9 17
2008 1 3 10 17
2008 1 3 11 17
2008 1 3 12 17
2008 1 3 13 17
2008 1 3 14 17
2008 1 3 15 10
2008 1 3 16 11
2008 1 3 17 10
2008 1 3 18 9
2008 1 3 19 12
2008 1 3 20 13
2008 1 3 21 14
2008 1 3 22 16
2008 1 3 23 15
2008 1 4 0 13
2008 1 4 1 13
2008 1 4 2 13
2008 1 4 3 12
2008 1 4 4 13
2008 1 4 5 13
2008 1 4 6 13
2008 1 4 7 13
2008 1 4 8 13
2008 1 4 9 13
2008 1 4 10 13
2008 1 4 11 13
2008 1 4 12 13
2008 1 4 13 13
2008 1 4 14 12
2008 1 4 15 12
2008 1 4 16 12
2008 1 4 17 12
2008 1 4 18 12
2008 1 4 19 12
2008 1 4 20 15
2008 1 4 21 12
2008 1 4 22 12
2008 1 4 23 13
2008 1 5 0 13
2008 1 5 1 15
2008 1 5 2 14
2008 1 5 3 12
2008 1 5 4 14
2008 1 5 5 16
2008 1 5 6 16
2008 1 5 7 19
2008 1 5 8 19
2008 1 5 9 19
2008 1 5 10 19
2008 1 5 11 19
2008 1 5 12 19
2008 1 5 13 19
2008 1 5 14 19
2008 1 5 15 19
2008 1 5 16 17
2008 1 5 17 19
2008 1 5 18 18
2008 1 5 19 18
2008 1 5 20 13
2008 1 5 21 19
2008 1 5 22 15
2008 1 5 23 15
2008 1 6 0 17
2008 1 6 1 18
2008 1 6 2 18
2008 1 6 3 17
2008 1 6 4 17
2008 1 6 5 18
2008 1 6 6 18
2008 1 6 7 17
2008 1 6 8 17
2008 1 6 9 18
2008 1 6 10 18
2008 1 6 11 18
2008 1 6 12 17
2008 1 6 13 18
2008 1 6 14 17
2008 1 6 15 18
2008 1 6 16 18
2008 1 6 17 17
2008 1 6 18 13
2008 1 6 19 18
2008 1 6 20 18
2008 1 6 21 17
2008 1 6 22 18
2008 1 6 23 18
2008 1 7 0 18
2008 1 7 1 19
2008 1 7 2 19
2008 1 7 3 18
2008 1 7 4 18
2008 1 7 5 18
2008 1 7 6 18
2008 1 7 7 18
2008 1 7 8 17
2008 1 7 9 18
2008 1 7 10 15
2008 1 7 11 17
2008 1 7 12 17
2008 1 7 13 17
2008 1 7 14 17
2008 1 7 15 17
2008 1 7 16 15
2008 1 7 17 12
2008 1 7 18 14
2008 1 7 19 17
2008 1 7 20 17
2008 1 7 21 19
2008 1 7 22 19
2008 1 7 23 19
2008 1 8 0 19
2008 1 8 1 19
2008 1 8 2 19
2008 1 8 3 19
2008 1 8 4 19
2008 1 8 5 17
2008 1 8 6 17
2008 1 8 7 12
2008 1 8 8 15
2008 1 8 9 18
2008 1 8 10 10
2008 1 8 11 10
2008 1 8 12 10
2008 1 8 13 10
2008 1 8 14 10
2008 1 8 15 9
2008 1 8 16 6
2008 1 8 17 10
2008 1 8 18 10
2008 1 8 19 9
2008 1 8 20 10
2008 1 8 21 10
2008 1 8 22 10
2008 1 8 23 9
2008 1 9 0 9
2008 1 9 1 12
2008 1 9 2 12
2008 1 9 3 18
2008 1 9 4 18
2008 1 9 5 17
2008 1 9 6 17
2008 1 9 7 17
2008 1 9 8 14
2008 1 9 9 14
2008 1 9 10 17
2008 1 9 11 15
2008 1 9 12 14
2008 1 9 13 14
2008 1 9 14 14
2008 1 9 15 14
2008 1 9 16 14
2008 1 9 17 16
2008 1 9 18 17
2008 1 9 19 15
2008 1 9 20 12
2008 1 9 21 16
2008 1 9 22 15
2008 1 9 23 16
2008 1 10 0 11
2008 1 10 1 11
2008 1 10 2 12
2008 1 10 3 12
2008 1 10 4 12
2008 1 10 5 13
2008 1 10 6 12
2008 1 10 7 13
2008 1 10 8 13
2008 1 10 9 13
2008 1 10 10 12
2008 1 10 11 13
2008 1 10 12 13
2008 1 10 13 13
2008 1 10 14 13
2008 1 10 15 13
2008 1 10 16 16
2008 1 10 17 18
2008 1 10 18 18
2008 1 10 19 18
2008 1 10 20 18
2008 1 10 21 16
2008 1 10 22 18
2008 1 10 23 18
2008 1 11 0 18
2008 1 11 1 15
2008 1 11 2 13
2008 1 11 3 16
2008 1 11 4 16
2008 1 11 5 16
2008 1 11 6 16
2008 1 11 7 16
2008 1 11 8 16
2008 1 11 9 16
2008 1 11 10 16
2008 1 11 11 16
2008 1 11 12 16
2008 1 11 13 16
2008 1 11 14 15
2008 1 11 15 16
2008 1 11 16 16
2008 1 11 17 16
2008 1 11 18 15
2008 1 11 19 16
2008 1 11 20 16
2008 1 11 21 15
2008 1 11 22 16
2008 1 11 23 16
2008 1 12 0 16
2008 1 12 1 16
2008 1 12 2 16
2008 1 12 3 16
2008 1 12 4 16
2008 1 12 5 16
2008 1 12 6 16
2008 1 12 7 16
2008 1 12 8 16
2008 1 12 9 16
2008 1 12 10 14
2008 1 12 11 16
2008 1 12 12 14
2008 1 12 13 15
2008 1 12 14 16
2008 1 12 15 15
2008 1 12 16 15
2008 1 12 17 15
2008 1 12 18 15
2008 1 12 19 15
2008 1 12 20 15
2008 1 12 21 15
2008 1 12 22 16
2008 1 12 23 16
2008 1 13 0 16
2008 1 13 1 16
2008 1 13 2 16
2008 1 13 3 16
2008 1 13 4 16
2008 1 13 5 16
2008 1 13 6 16
2008 1 13 7 16
2008 1 13 8 16
2008 1 13 9 16
2008 1 13 10 16
2008 1 13 11 16
2008 1 13 12 16
2008 1 13 13 16
2008 1 13 14 16
2008 1 13 15 16
2008 1 13 16 16
2008 1 13 17 15
2008 1 13 18 16
2008 1 13 19 16
2008 1 13 20 16
2008 1 13 21 16
2008 1 13 22 16
2008 1 13 23 16
2008 1 14 0 16
2008 1 14 1 16
2008 1 14 2 14
2008 1 14 3 16
2008 1 14 4 16
2008 1 14 5 16
2008 1 14 6 16
2008 1 14 7 16
2008 1 14 8 16
2008 1 14 9 16
2008 1 14 10 16
2008 1 14 11 16
2008 1 14 12 16
2008 1 14 13 16
2008 1 14 14 16
2008 1 14 15 16
2008 1 14 16 16
2008 1 14 17 16
2008 1 14 18 16
2008 1 14 19 16
2008 1 14 20 15
2008 1 14 21 15
2008 1 14 22 16
2008 1 14 23 16
2008 1 15 0 16
2008 1 15 1 16
2008 1 15 2 16
2008 1 15 3 16
2008 1 15 4 16
2008 1 15 5 16
2008 1 15 6 16
2008 1 15 7 16
2008 1 15 8 16
2008 1 15 9 16
2008 1 15 10 16
2008 1 15 11 16
2008 1 15 12 16
2008 1 15 13 15
2008 1 15 14 15
2008 1 15 15 15
2008 1 15 16 16
2008 1 15 17 16
2008 1 15 18 16
2008 1 15 19 12
2008 1 15 20 14
2008 1 15 21 14
2008 1 15 22 16
2008 1 15 23 16
2008 1 16 0 16
2008 1 16 1 16
2008 1 16 2 16
2008 1 16 3 14
2008 1 16 4 14
2008 1 16 5 14
2008 1 16 6 16
2008 1 16 7 16
2008 1 16 8 16
2008 1 16 9 16
2008 1 16 10 16
2008 1 16 11 16
2008 1 16 12 16
2008 1 16 13 16
2008 1 16 14 16
2008 1 16 15 16
2008 1 16 16 16
2008 1 16 17 15
2008 1 16 18 16
2008 1 16 19 16
2008 1 16 20 16
2008 1 16 21 16
2008 1 16 22 16
2008 1 16 23 16
2008 1 17 0 15
2008 1 17 1 16
2008 1 17 2 16
2008 1 17 3 16
2008 1 17 4 16
2008 1 17 5 16
2008 1 17 6 16
2008 1 17 7 16
2008 1 17 8 16
2008 1 17 9 16
2008 1 17 10 16
2008 1 17 11 16
2008 1 17 12 16
2008 1 17 13 16
2008 1 17 14 16
2008 1 17 15 16
2008 1 17 16 16
2008 1 17 17 16
2008 1 17 18 16
2008 1 17 19 16
2008 1 17 20 16
2008 1 17 21 16
2008 1 17 22 12
2008 1 17 23 19
2008 1 18 0 19
2008 1 18 1 16
2008 1 18 2 16
2008 1 18 3 17
2008 1 18 4 19
2008 1 18 5 19
2008 1 18 6 19
2008 1 18 7 19
2008 1 18 8 19
2008 1 18 9 19
2008 1 18 10 19
2008 1 18 11 19
2008 1 18 12 19
2008 1 18 13 19
2008 1 18 14 19
2008 1 18 15 19
2008 1 18 16 12
2008 1 18 17 18
2008 1 18 18 12
2008 1 18 19 19
2008 1 18 20 19
2008 1 18 21 19
2008 1 18 22 19
2008 1 18 23 19
2008 1 19 0 19
2008 1 19 1 19
2008 1 19 2 19
2008 1 19 3 19
2008 1 19 4 18
2008 1 19 5 19
2008 1 19 6 19
2008 1 19 7 19
2008 1 19 8 19
2008 1 19 9 19
2008 1 19 10 19
2008 1 19 11 19
2008 1 19 12 19
2008 1 19 13 19
2008 1 19 14 19
2008 1 19 15 19
2008 1 19 16 19
2008 1 19 17 19
2008 1 19 18 19
2008 1 19 19 19
2008 1 19 20 19
2008 1 19 21 18
2008 1 19 22 19
2008 1 19 23 19
2008 1 20 0 19
2008 1 20 1 19
2008 1 20 2 16
2008 1 20 3 15
2008 1 20 4 14
2008 1 20 5 16
2008 1 20 6 19
2008 1 20 7 19
2008 1 20 8 19
2008 1 20 9 19
2008 1 20 10 19
2008 1 20 11 19
2008 1 20 12 19
2008 1 20 13 19
2008 1 20 14 19
2008 1 20 15 19
2008 1 20 16 19
2008 1 20 17 19
2008 1 20 18 17
2008 1 20 19 19
2008 1 20 20 19
2008 1 20 21 19
2008 1 20 22 19
2008 1 20 23 19
2008 1 21 0 19
2008 1 21 1 19
2008 1 21 2 19
2008 1 21 3 19
2008 1 21 4 19
2008 1 21 5 19
2008 1 21 6 19
2008 1 21 7 19
2008 1 21 8 19
2008 1 21 9 19
2008 1 21 10 19
2008 1 21 11 19
2008 1 21 12 19
2008 1 21 13 19
2008 1 21 14 19
2008 1 21 15 17
2008 1 21 16 17
2008 1 21 17 19
2008 1 21 18 19
2008 1 21 19 19
2008 1 21 20 16
2008 1 21 21 19
2008 1 21 22 19
2008 1 21 23 19
2008 1 22 0 18
2008 1 22 1 19
2008 1 22 2 19
2008 1 22 3 19
2008 1 22 4 19
2008 1 22 5 19
2008 1 22 6 19
2008 1 22 7 19
2008 1 22 8 19
2008 1 22 9 19
2008 1 22 10 19
2008 1 22 11 19
2008 1 22 12 17
2008 1 22 13 19
2008 1 22 14 19
2008 1 22 15 19
2008 1 22 16 19
2008 1 22 17 19
2008 1 22 18 19
2008 1 22 19 19
2008 1 22 20 19
2008 1 22 21 19
2008 1 22 22 19
2008 1 22 23 19
2008 1 23 0 19
2008 1 23 1 19
2008 1 23 2 19
2008 1 23 3 19
2008 1 23 4 19
2008 1 23 5 19
2008 1 23 6 19
2008 1 23 7 19
2008 1 23 8 19
2008 1 23 9 19
2008 1 23 10 19
2008 1 23 11 19
2008 1 23 12 19
2008 1 23 13 19
2008 1 23 14 19
2008 1 23 15 19
2008 1 23 16 18
2008 1 23 17 18
2008 1 23 18 18
2008 1 23 19 19
2008 1 23 20 17
2008 1 23 21 19
2008 1 23 22 19
2008 1 23 23 19
2008 1 24 0 19
2008 1 24 1 19
2008 1 24 2 19
2008 1 24 3 19
2008 1 24 4 19
2008 1 24 5 19
2008 1 24 6 19
2008 1 24 7 19
2008 1 24 8 19
2008 1 24 9 19
2008 1 24 10 19
2008 1 24 11 19
2008 1 24 12 19
2008 1 24 13 19
2008 1 24 14 19
2008 1 24 15 19
2008 1 24 16 19
2008 1 24 17 18
2008 1 24 18 19
2008 1 24 19 19
2008 1 24 20 19
2008 1 24 21 17
2008 1 24 22 19
2008 1 24 23 19
2008 1 25 0 19
2008 1 25 1 12
2008 1 25 2 19
2008 1 25 3 19
2008 1 25 4 19
2008 1 25 5 19
2008 1 25 6 19
2008 1 25 7 19
2008 1 25 8 19
2008 1 25 9 19
2008 1 25 10 19
2008 1 25 11 15
2008 1 25 12 19
2008 1 25 13 19
2008 1 25 14 19
2008 1 25 15 19
2008 1 25 16 16
2008 1 25 17 15
2008 1 25 18 12
2008 1 25 19 12
2008 1 25 20 12
2008 1 25 21 12
2008 1 25 22 12
2008 1 25 23 12
2008 1 26 0 13
2008 1 26 1 12
2008 1 26 2 12
2008 1 26 3 6
2008 1 26 4 6
2008 1 26 5 6
2008 1 26 6 6
2008 1 26 7 6
2008 1 26 8 6
2008 1 26 9 6
2008 1 26 10 6
2008 1 26 11 6
2008 1 26 12 6
2008 1 26 13 6
2008 1 26 14 6
2008 1 26 15 6
2008 1 26 16 6
2008 1 26 17 6
2008 1 26 18 8
2008 1 26 19 8
2008 1 26 20 10
2008 1 26 21 12
2008 1 26 22 15
2008 1 26 23 14
2008 1 27 0 15
2008 1 27 1 19
2008 1 27 2 19
2008 1 27 3 19
2008 1 27 4 19
2008 1 27 5 19
2008 1 27 6 19
2008 1 27 7 19
2008 1 27 8 19
2008 1 27 9 19
2008 1 27 10 19
2008 1 27 11 17
2008 1 27 12 12
2008 1 27 13 14
2008 1 27 14 13
2008 1 27 15 12
2008 1 27 16 12
2008 1 27 17 12
2008 1 27 18 12
2008 1 27 19 12
2008 1 27 20 12
2008 1 27 21 12
2008 1 27 22 12
2008 1 27 23 12
2008 1 28 0 13
2008 1 28 1 17
2008 1 28 2 18
2008 1 28 3 18
2008 1 28 4 17
2008 1 28 5 18
2008 1 28 6 19
2008 1 28 7 19
2008 1 28 8 19
2008 1 28 9 19
2008 1 28 10 19
2008 1 28 11 19
2008 1 28 12 16
2008 1 28 13 19
2008 1 28 14 19
2008 1 28 15 19
2008 1 28 16 15
2008 1 28 17 12
2008 1 28 18 12
2008 1 28 19 12
2008 1 28 20 12
2008 1 28 21 14
2008 1 28 22 13
2008 1 28 23 14
2008 1 29 0 14
2008 1 29 1 14
2008 1 29 2 14
2008 1 29 3 18
2008 1 29 4 18
2008 1 29 5 17
2008 1 29 6 15
2008 1 29 7 19
2008 1 29 8 19
2008 1 29 9 19
2008 1 29 10 19
2008 1 29 11 19
2008 1 29 12 19
2008 1 29 13 19
2008 1 29 14 18
2008 1 29 15 19
2008 1 29 16 16
2008 1 29 17 13
2008 1 29 18 14
2008 1 29 19 14
2008 1 29 20 17
2008 1 29 21 17
2008 1 29 22 19
2008 1 29 23 19
2008 1 30 0 19
2008 1 30 1 19
2008 1 30 2 19
2008 1 30 3 19
2008 1 30 4 19
2008 1 30 5 19
2008 1 30 6 19
2008 1 30 7 19
2008 1 30 8 18
2008 1 30 9 19
2008 1 30 10 19
2008 1 30 11 19
2008 1 30 12 19
2008 1 30 13 19
2008 1 30 14 18
2008 1 30 15 18
2008 1 30 16 19
2008 1 30 17 17
2008 1 30 18 17
2008 1 30 19 12
2008 1 30 20 13
2008 1 30 21 12
2008 1 30 22 13
2008 1 30 23 13
2008 1 31 0 17
2008 1 31 1 19
2008 1 31 2 16
2008 1 31 3 16
2008 1 31 4 7
2008 1 31 5 7
2008 1 31 6 10
2008 1 31 7 8
2008 1 31 8 6
2008 1 31 9 7
2008 1 31 10 7
2008 1 31 11 7
2008 1 31 12 10
2008 1 31 13 10
2008 1 31 14 8
2008 1 31 15 10
2008 1 31 16 14
2008 1 31 17 12
2008 1 31 18 15
2008 1 31 19 16
2008 1 31 20 14
2008 1 31 21 16
2008 1 31 22 17
2008 1 31 23 17
