2010 1 1 0 18
2010 1 1 1 18
2010 1 1 2 18
2010 1 1 3 18
2010 1 1 4 18
2010 1 1 5 18
2010 1 1 6 18
2010 1 1 7 18
2010 1 1 8 18
2010 1 1 9 18
2010 1 1 10 18
2010 1 1 11 18
2010 1 1 12 18
2010 1 1 13 18
2010 1 1 14 18
2010 1 1 15 18
2010 1 1 16 18
2010 1 1 17 17
2010 1 1 18 18
2010 1 1 19 18
2010 1 1 20 18
2010 1 1 21 18
2010 1 1 22 18
2010 1 1 23 18
2010 1 2 0 18
2010 1 2 1 18
2010 1 2 2 18
2010 1 2 3 18
2010 1 2 4 18
2010 1 2 5 18
2010 1 2 6 18
2010 1 2 7 18
2010 1 2 8 18
2010 1 2 9 18
2010 1 2 10 18
2010 1 2 11 17
2010 1 2 12 17
2010 1 2 13 18
2010 1 2 14 18
2010 1 2 15 18
2010 1 2 16 18
2010 1 2 17 18
2010 1 2 18 15
2010 1 2 19 15
2010 1 2 20 15
2010 1 2 21 15
2010 1 2 22 15
2010 1 2 23 15
2010 1 3 0 15
2010 1 3 1 15
2010 1 3 2 15
2010 1 3 3 15
2010 1 3 4 15
2010 1 3 5 15
2010 1 3 6 15
2010 1 3 7 15
2010 1 3 8 15
2010 1 3 9 15
2010 1 3 10 15
2010 1 3 11 15
2010 1 3 12 15
2010 1 3 13 15
2010 1 3 14 15
2010 1 3 15 15
2010 1 3 16 15
2010 1 3 17 15
2010 1 3 18 15
2010 1 3 19 15
2010 1 3 20 15
2010 1 3 21 15
2010 1 3 22 15
2010 1 3 23 15
2010 1 4 0 15
2010 1 4 1 15
2010 1 4 2 15
2010 1 4 3 15
2010 1 4 4 15
2010 1 4 5 15
2010 1 4 6 15
2010 1 4 7 15
2010 1 4 8 15
2010 1 4 9 15
2010 1 4 10 15
2010 1 4 11 15
2010 1 4 12 18
2010 1 4 13 18
2010 1 4 14 18
2010 1 4 15 18
2010 1 4 16 18
2010 1 4 17 18
2010 1 4 18 18
2010 1 4 19 18
2010 1 4 20 18
2010 1 4 21 18
2010 1 4 22 18
2010 1 4 23 18
2010 1 5 0 18
2010 1 5 1 12
2010 1 5 2 18
2010 1 5 3 18
2010 1 5 4 18
2010 1 5 5 18
2010 1 5 6 18
2010 1 5 7 18
2010 1 5 8 18
2010 1 5 9 18
2010 1 5 10 18
2010 1 5 11 17
2010 1 5 12 18
2010 1 5 13 18
2010 1 5 14 18
2010 1 5 15 18
2010 1 5 16 18
2010 1 5 17 18
2010 1 5 18 18
2010 1 5 19 18
2010 1 5 20 18
2010 1 5 21 18
2010 1 5 22 18
2010 1 5 23 18
2010 1 6 0 18
2010 1 6 1 18
2010 1 6 2 18
2010 1 6 3 18
2010 1 6 4 18
2010 1 6 5 18
2010 1 6 6 18
2010 1 6 7 18
2010 1 6 8 18
2010 1 6 9 18
2010 1 6 10 18
2010 1 6 11 18
2010 1 6 12 18
2010 1 6 13 18
2010 1 6 14 18
2010 1 6 15 18
2010 1 6 16 18
2010 1 6 17 18
2010 1 6 18 18
2010 1 6 19 18
2010 1 6 20 18
2010 1 6 21 15
2010 1 6 22 15
2010 1 6 23 14
2010 1 7 0 15
2010 1 7 1 17
2010 1 7 2 18
2010 1 7 3 18
2010 1 7 4 18
2010 1 7 5 18
2010 1 7 6 18
2010 1 7 7 18
2010 1 7 8 18
2010 1 7 9 18
2010 1 7 10 18
2010 1 7 11 17
2010 1 7 12 18
2010 1 7 13 18
2010 1 7 14 18
2010 1 7 15 18
2010 1 7 16 18
2010 1 7 17 18
2010 1 7 18 18
2010 1 7 19 18
2010 1 7 20 18
2010 1 7 21 18
2010 1 7 22 18
2010 1 7 23 18
2010 1 8 0 18
2010 1 8 1 18
2010 1 8 2 18
2010 1 8 3 18
2010 1 8 4 18
2010 1 8 5 18
2010 1 8 6 18
2010 1 8 7 18
2010 1 8 8 18
2010 1 8 9 18
2010 1 8 10 18
2010 1 8 11 18
2010 1 8 12 18
2010 1 8 13 18
2010 1 8 14 18
2010 1 8 15 18
2010 1 8 16 18
2010 1 8 17 18
2010 1 8 18 18
2010 1 8 19 18
2010 1 8 20 18
2010 1 8 21 18
2010 1 8 22 18
2010 1 8 23 18
2010 1 9 0 18
2010 1 9 1 18
2010 1 9 2 18
2010 1 9 3 18
2010 1 9 4 18
2010 1 9 5 18
2010 1 9 6 18
2010 1 9 7 17
2010 1 9 8 18
2010 1 9 9 18
2010 1 9 10 17
2010 1 9 11 17
2010 1 9 12 18
2010 1 9 13 18
2010 1 9 14 18
2010 1 9 15 18
2010 1 9 16 18
2010 1 9 17 18
2010 1 9 18 18
2010 1 9 19 18
2010 1 9 20 18
2010 1 9 21 18
2010 1 9 22 18
2010 1 9 23 18
2010 1 10 0 18
2010 1 10 1 18
2010 1 10 2 18
2010 1 10 3 18
2010 1 10 4 18
2010 1 10 5 18
2010 1 10 6 18
2010 1 10 7 18
2010 1 10 8 18
2010 1 10 9 18
2010 1 10 10 18
2010 1 10 11 18
2010 1 10 12 17
2010 1 10 13 18
2010 1 10 14 18
2010 1 10 15 18
2010 1 10 16 18
2010 1 10 17 18
2010 1 10 18 18
2010 1 10 19 18
2010 1 10 20 18
2010 1 10 21 18
2010 1 10 22 18
2010 1 10 23 18
2010 1 11 0 18
2010 1 11 1 18
2010 1 11 2 18
2010 1 11 3 18
2010 1 11 4 18
2010 1 11 5 18
2010 1 11 6 18
2010 1 11 7 18
2010 1 11 8 18
2010 1 11 9 18
2010 1 11 10 18
2010 1 11 11 18
2010 1 11 12 18
2010 1 11 13 18
2010 1 11 14 18
2010 1 11 15 18
2010 1 11 16 18
2010 1 11 17 18
2010 1 11 18 18
2010 1 11 19 18
2010 1 11 20 18
2010 1 11 21 18
2010 1 11 22 18
2010 1 11 23 18
2010 1 12 0 18
2010 1 12 1 18
2010 1 12 2 18
2010 1 12 3 18
2010 1 12 4 18
2010 1 12 5 18
2010 1 12 6 18
2010 1 12 7 18
2010 1 12 8 18
2010 1 12 9 18
2010 1 12 10 18
2010 1 12 11 18
2010 1 12 12 18
2010 1 12 13 18
2010 1 12 14 18
2010 1 12 15 18
2010 1 12 16 18
2010 1 12 17 18
2010 1 12 18 18
2010 1 12 19 18
2010 1 12 20 18
2010 1 12 21 18
2010 1 12 22 18
2010 1 12 23 18
2010 1 13 0 15
2010 1 13 1 15
2010 1 13 2 18
2010 1 13 3 14
2010 1 13 4 15
2010 1 13 5 14
2010 1 13 6 18
2010 1 13 7 18
2010 1 13 8 18
2010 1 13 9 18
2010 1 13 10 17
2010 1 13 11 17
2010 1 13 12 18
2010 1 13 13 18
2010 1 13 14 18
2010 1 13 15 18
2010 1 13 16 18
2010 1 13 17 18
2010 1 13 18 18
2010 1 13 19 18
2010 1 13 20 18
2010 1 13 21 18
2010 1 13 22 18
2010 1 13 23 18
2010 1 14 0 18
2010 1 14 1 18
2010 1 14 2 18
2010 1 14 3 18
2010 1 14 4 18
2010 1 14 5 18
2010 1 14 6 18
2010 1 14 7 18
2010 1 14 8 18
2010 1 14 9 18
2010 1 14 10 18
2010 1 14 11 18
2010 1 14 12 18
2010 1 14 13 18
2010 1 14 14 18
2010 1 14 15 18
2010 1 14 16 18
2010 1 14 17 18
2010 1 14 18 12
2010 1 14 19 18
2010 1 14 20 18
2010 1 14 21 18
2010 1 14 22 18
2010 1 14 23 18
2010 1 15 0 18
2010 1 15 1 18
2010 1 15 2 18
2010 1 15 3 18
2010 1 15 4 18
2010 1 15 5 18
2010 1 15 6 18
2010 1 15 7 18
2010 1 15 8 18
2010 1 15 9 18
2010 1 15 10 18
2010 1 15 11 18
2010 1 15 0 18
2010 1 15 1 18
2010 1 15 2 18
2010 1 15 3 18
2010 1 15 4 18
2010 1 15 5 18
2010 1 15 6 18
2010 1 15 7 18
2010 1 15 8 18
2010 1 15 9 18
2010 1 15 10 18
2010 1 15 11 18
2010 1 15 12 18
2010 1 15 13 18
2010 1 15 14 18
2010 1 15 15 18
2010 1 15 16 18
2010 1 15 17 18
2010 1 15 18 18
2010 1 15 19 18
2010 1 15 20 18
2010 1 15 21 18
2010 1 15 22 18
2010 1 15 23 18
2010 1 16 0 18
2010 1 16 1 18
2010 1 16 2 18
2010 1 16 3 18
2010 1 16 4 18
2010 1 16 5 18
2010 1 16 6 18
2010 1 16 7 18
2010 1 16 8 18
2010 1 16 9 18
2010 1 16 10 17
2010 1 16 11 17
2010 1 16 12 18
2010 1 16 13 18
2010 1 16 14 18
2010 1 16 15 18
2010 1 16 16 18
2010 1 16 17 18
2010 1 16 18 18
2010 1 16 19 18
2010 1 16 20 17
2010 1 16 21 18
2010 1 16 22 18
2010 1 16 23 18
2010 1 17 0 18
2010 1 17 1 18
2010 1 17 2 18
2010 1 17 3 18
2010 1 17 4 18
2010 1 17 5 18
2010 1 17 6 18
2010 1 17 7 18
2010 1 17 8 18
2010 1 17 9 18
2010 1 17 10 18
2010 1 17 11 18
2010 1 17 12 18
2010 1 17 13 18
2010 1 17 14 18
2010 1 17 15 18
2010 1 17 16 18
2010 1 17 17 18
2010 1 17 18 15
2010 1 17 19 16
2010 1 17 20 16
2010 1 17 21 14
2010 1 17 22 17
2010 1 17 23 14
2010 1 18 0 14
2010 1 18 1 14
2010 1 18 2 14
2010 1 18 3 14
2010 1 18 4 17
2010 1 18 5 18
2010 1 18 6 17
2010 1 18 7 14
2010 1 18 8 14
2010 1 18 9 14
2010 1 18 10 14
2010 1 18 11 14
2010 1 18 12 14
2010 1 18 13 14
2010 1 18 14 14
2010 1 18 15 14
2010 1 18 16 14
2010 1 18 17 12
2010 1 18 18 9
2010 1 18 19 9
2010 1 18 20 9
2010 1 18 21 10
2010 1 18 22 10
2010 1 18 23 10
2010 1 19 0 10
2010 1 19 1 10
2010 1 19 2 10
2010 1 19 3 13
2010 1 19 4 13
2010 1 19 5 13
2010 1 19 6 14
2010 1 19 7 17
2010 1 19 8 17
2010 1 19 9 13
2010 1 19 10 14
2010 1 19 11 10
2010 1 19 12 10
2010 1 19 13 10
2010 1 19 14 10
2010 1 19 15 10
2010 1 19 16 10
2010 1 19 17 9
2010 1 19 18 9
2010 1 19 19 9
2010 1 19 20 13
2010 1 19 21 13
2010 1 19 22 14
2010 1 19 23 11
2010 1 20 0 10
2010 1 20 1 10
2010 1 20 2 10
2010 1 20 3 13
2010 1 20 4 13
2010 1 20 5 14
2010 1 20 6 14
2010 1 20 7 14
2010 1 20 8 14
2010 1 20 9 16
2010 1 20 10 13
2010 1 20 11 14
2010 1 20 12 14
2010 1 20 13 14
2010 1 20 14 13
2010 1 20 15 13
2010 1 20 16 12
2010 1 20 17 12
2010 1 20 18 12
2010 1 20 19 13
2010 1 20 20 13
2010 1 20 21 14
2010 1 20 22 12
2010 1 20 23 12
2010 1 21 0 14
2010 1 21 1 14
2010 1 21 2 11
2010 1 21 3 14
2010 1 21 4 14
2010 1 21 5 14
2010 1 21 6 14
2010 1 21 7 14
2010 1 21 8 13
2010 1 21 9 13
2010 1 21 10 13
2010 1 21 11 14
2010 1 21 12 14
2010 1 21 13 14
2010 1 21 14 14
2010 1 21 15 14
2010 1 21 16 14
2010 1 21 17 14
2010 1 21 18 14
2010 1 21 19 12
2010 1 21 20 12
2010 1 21 21 12
2010 1 21 22 13
2010 1 21 23 15
2010 1 22 0 15
2010 1 22 1 18
2010 1 22 2 15
2010 1 22 3 18
2010 1 22 4 18
2010 1 22 5 18
2010 1 22 6 18
2010 1 22 7 18
2010 1 22 8 18
2010 1 22 9 17
2010 1 22 10 17
2010 1 22 11 16
2010 1 22 12 16
2010 1 22 13 18
2010 1 22 14 12
2010 1 22 15 18
2010 1 22 16 17
2010 1 22 17 17
2010 1 22 18 14
2010 1 22 19 18
2010 1 22 20 17
2010 1 22 21 18
2010 1 22 22 18
2010 1 22 23 18
2010 1 23 0 18
2010 1 23 1 18
2010 1 23 2 18
2010 1 23 3 18
2010 1 23 4 18
2010 1 23 5 18
2010 1 23 6 18
2010 1 23 7 17
2010 1 23 8 17
2010 1 23 9 17
2010 1 23 10 16
2010 1 23 11 17
2010 1 23 12 18
2010 1 23 13 18
2010 1 23 14 18
2010 1 23 15 18
2010 1 23 16 18
2010 1 23 17 18
2010 1 23 18 18
2010 1 23 19 18
2010 1 23 20 18
2010 1 23 21 18
2010 1 23 22 18
2010 1 23 23 18
2010 1 24 0 18
2010 1 24 1 18
2010 1 24 2 18
2010 1 24 3 18
2010 1 24 4 18
2010 1 24 5 18
2010 1 24 6 18
2010 1 24 7 18
2010 1 24 8 18
2010 1 24 9 18
2010 1 24 10 18
2010 1 24 11 18
2010 1 24 12 18
2010 1 24 13 17
2010 1 24 14 14
2010 1 24 15 15
2010 1 24 16 15
2010 1 24 17 15
2010 1 24 18 14
2010 1 24 19 13
2010 1 24 20 12
2010 1 24 21 14
2010 1 24 22 13
2010 1 24 23 10
2010 1 25 0 10
2010 1 25 1 10
2010 1 25 2 10
2010 1 25 3 10
2010 1 25 4 10
2010 1 25 5 10
2010 1 25 6 10
2010 1 25 7 10
2010 1 25 8 10
2010 1 25 9 9
2010 1 25 10 10
2010 1 25 11 10
2010 1 25 12 12
2010 1 25 13 14
2010 1 25 14 15
2010 1 25 15 15
2010 1 25 16 15
2010 1 25 17 15
2010 1 25 18 15
2010 1 25 19 11
2010 1 25 20 11
2010 1 25 21 11
2010 1 25 22 11
2010 1 25 23 11
2010 1 26 0 11
2010 1 26 1 12
2010 1 26 2 15
2010 1 26 3 15
2010 1 26 4 15
2010 1 26 5 15
2010 1 26 6 15
2010 1 26 7 14
2010 1 26 8 10
2010 1 26 9 10
2010 1 26 10 14
2010 1 26 11 14
2010 1 26 12 14
2010 1 26 13 14
2010 1 26 14 14
2010 1 26 15 14
2010 1 26 16 14
2010 1 26 17 14
2010 1 26 18 15
2010 1 26 19 9
2010 1 26 20 15
2010 1 26 21 18
2010 1 26 22 18
2010 1 26 23 18
2010 1 27 0 18
2010 1 27 1 18
2010 1 27 2 18
2010 1 27 3 18
2010 1 27 4 18
2010 1 27 5 18
2010 1 27 6 18
2010 1 27 7 18
2010 1 27 8 18
2010 1 27 9 18
2010 1 27 10 18
2010 1 27 11 18
2010 1 27 12 18
2010 1 27 13 18
2010 1 27 14 18
2010 1 27 15 18
2010 1 27 16 18
2010 1 27 17 18
2010 1 27 18 18
2010 1 27 19 12
2010 1 27 20 12
2010 1 27 21 18
2010 1 27 22 18
2010 1 27 23 18
2010 1 28 0 18
2010 1 28 1 18
2010 1 28 2 18
2010 1 28 3 18
2010 1 28 4 18
2010 1 28 5 18
2010 1 28 6 18
2010 1 28 7 18
2010 1 28 8 14
2010 1 28 9 14
2010 1 28 10 14
2010 1 28 11 14
2010 1 28 12 14
2010 1 28 13 14
2010 1 28 14 14
2010 1 28 15 14
2010 1 28 16 14
2010 1 28 17 9
2010 1 28 18 14
2010 1 28 19 14
2010 1 28 20 14
2010 1 28 21 14
2010 1 28 22 14
2010 1 28 23 14
2010 1 29 0 14
2010 1 29 1 14
2010 1 29 2 14
2010 1 29 3 14
2010 1 29 4 14
2010 1 29 5 14
2010 1 29 6 14
2010 1 29 7 14
2010 1 29 8 14
2010 1 29 9 14
2010 1 29 10 14
2010 1 29 11 14
2010 1 29 12 14
2010 1 29 13 14
2010 1 29 14 14
2010 1 29 15 14
2010 1 29 16 14
2010 1 29 17 14
2010 1 29 18 14
2010 1 29 19 14
2010 1 29 20 14
2010 1 29 21 14
2010 1 29 22 14
2010 1 29 23 14
2010 1 30 0 14
2010 1 30 1 14
2010 1 30 2 14
2010 1 30 3 14
2010 1 30 4 14
2010 1 30 5 14
2010 1 30 6 14
2010 1 30 7 14
2010 1 30 8 14
2010 1 30 9 14
2010 1 30 10 14
2010 1 30 11 14
2010 1 30 12 14
2010 1 30 13 14
2010 1 30 14 14
2010 1 30 15 14
2010 1 30 16 14
2010 1 30 17 14
2010 1 30 18 14
2010 1 30 19 14
2010 1 30 20 14
2010 1 30 21 14
2010 1 30 22 14
2010 1 30 23 14
2010 1 31 0 14
2010 1 31 1 14
2010 1 31 2 14
2010 1 31 3 14
2010 1 31 4 14
2010 1 31 5 14
2010 1 31 6 14
2010 1 31 7 14
2010 1 31 8 14
2010 1 31 9 14
2010 1 31 10 14
2010 1 31 11 14
2010 1 31 12 14
2010 1 31 13 14
2010 1 31 14 14
2010 1 31 15 13
2010 1 31 16 14
2010 1 31 17 14
2010 1 31 18 14
2010 1 31 19 14
2010 1 31 20 14
2010 1 31 21 14
2010 1 31 22 14
2010 1 31 23 14
2008 1 1 0 15
2008 1 1 1 15
2008 1 1 2 15
2008 1 1 3 15
2008 1 1 4 15
2008 1 1 5 15
2008 1 1 6 15
2008 1 1 7 15
2008 1 1 8 15
2008 1 1 9 15
2008 1 1 10 15
2008 1 1 11 15
2008 1 1 12 15
2008 1 1 13 15
2008 1 1 14 15
2008 1 1 15 15
2008 1 1 16 15
2008 1 1 17 15
2008 1 1 18 15
2008 1 1 19 15
2008 1 1 20 15
2008 1 1 21 15
2008 1 1 22 15
2008 1 1 23 14
2008 1 2 0 15
2008 1 2 1 15
2008 1 2 2 15
2008 1 2 3 15
2008 1 2 4 15
2008 1 2 5 15
2008 1 2 6 15
2008 1 2 7 15
2008 1 2 8 15
2008 1 2 9 14
2008 1 2 10 15
2008 1 2 11 9
2008 1 2 12 15
2008 1 2 13 15
2008 1 2 14 15
2008 1 2 15 15
2008 1 2 16 15
2008 1 2 17 15
2008 1 2 18 15
2008 1 2 19 15
2008 1 2 20 15
2008 1 2 21 15
2008 1 2 22 15
2008 1 2 23 15
2008 1 3 0 15
2008 1 3 1 15
2008 1 3 2 15
2008 1 3 3 15
2008 1 3 4 15
2008 1 3 5 15
2008 1 3 6 15
2008 1 3 7 15
2008 1 3 8 15
2008 1 3 9 15
2008 1 3 10 14
2008 1 3 11 15
2008 1 3 12 14
2008 1 3 13 15
2008 1 3 14 15
2008 1 3 15 11
2008 1 3 16 11
2008 1 3 17 9
2008 1 3 18 6
2008 1 3 19 10
2008 1 3 20 9
2008 1 3 21 13
2008 1 3 22 14
2008 1 3 23 14
2008 1 4 0 11
2008 1 4 1 11
2008 1 4 2 11
2008 1 4 3 9
2008 1 4 4 11
2008 1 4 5 11
2008 1 4 6 10
2008 1 4 7 10
2008 1 4 8 11
2008 1 4 9 11
2008 1 4 10 11
2008 1 4 11 11
2008 1 4 12 11
2008 1 4 13 10
2008 1 4 14 9
2008 1 4 15 9
2008 1 4 16 9
2008 1 4 17 9
2008 1 4 18 9
2008 1 4 19 9
2008 1 4 20 11
2008 1 4 21 9
2008 1 4 22 9
2008 1 4 23 9
2008 1 5 0 10
2008 1 5 1 14
2008 1 5 2 9
2008 1 5 3 9
2008 1 5 4 10
2008 1 5 5 10
2008 1 5 6 10
2008 1 5 7 14
2008 1 5 8 14
2008 1 5 9 15
2008 1 5 10 15
2008 1 5 11 15
2008 1 5 12 15
2008 1 5 13 15
2008 1 5 14 15
2008 1 5 15 15
2008 1 5 16 14
2008 1 5 17 15
2008 1 5 18 14
2008 1 5 19 14
2008 1 5 20 10
2008 1 5 21 15
2008 1 5 22 11
2008 1 5 23 11
2008 1 6 0 15
2008 1 6 1 14
2008 1 6 2 13
2008 1 6 3 14
2008 1 6 4 13
2008 1 6 5 15
2008 1 6 6 14
2008 1 6 7 14
2008 1 6 8 14
2008 1 6 9 15
2008 1 6 10 15
2008 1 6 11 15
2008 1 6 12 14
2008 1 6 13 15
2008 1 6 14 14
2008 1 6 15 15
2008 1 6 16 15
2008 1 6 17 15
2008 1 6 18 9
2008 1 6 19 15
2008 1 6 20 15
2008 1 6 21 14
2008 1 6 22 14
2008 1 6 23 14
2008 1 7 0 14
2008 1 7 1 15
2008 1 7 2 15
2008 1 7 3 13
2008 1 7 4 13
2008 1 7 5 13
2008 1 7 6 13
2008 1 7 7 13
2008 1 7 8 13
2008 1 7 9 14
2008 1 7 10 10
2008 1 7 11 13
2008 1 7 12 13
2008 1 7 13 13
2008 1 7 14 13
2008 1 7 15 13
2008 1 7 16 13
2008 1 7 17 9
2008 1 7 18 12
2008 1 7 19 14
2008 1 7 20 14
2008 1 7 21 15
2008 1 7 22 15
2008 1 7 23 15
2008 1 8 0 15
2008 1 8 1 15
2008 1 8 2 15
2008 1 8 3 15
2008 1 8 4 15
2008 1 8 5 15
2008 1 8 6 13
2008 1 8 7 11
2008 1 8 8 14
2008 1 8 9 14
2008 1 8 10 11
2008 1 8 11 9
2008 1 8 12 11
2008 1 8 13 11
2008 1 8 14 12
2008 1 8 15 10
2008 1 8 16 6
2008 1 8 17 11
2008 1 8 18 10
2008 1 8 19 11
2008 1 8 20 11
2008 1 8 21 11
2008 1 8 22 11
2008 1 8 23 11
2008 1 9 0 11
2008 1 9 1 11
2008 1 9 2 14
2008 1 9 3 14
2008 1 9 4 14
2008 1 9 5 14
2008 1 9 6 14
2008 1 9 7 14
2008 1 9 8 10
2008 1 9 9 10
2008 1 9 10 14
2008 1 9 11 13
2008 1 9 12 10
2008 1 9 13 10
2008 1 9 14 10
2008 1 9 15 10
2008 1 9 16 10
2008 1 9 17 11
2008 1 9 18 14
2008 1 9 19 13
2008 1 9 20 9
2008 1 9 21 11
2008 1 9 22 10
2008 1 9 23 15
2008 1 10 0 11
2008 1 10 1 11
2008 1 10 2 11
2008 1 10 3 9
2008 1 10 4 10
2008 1 10 5 11
2008 1 10 6 10
2008 1 10 7 11
2008 1 10 8 11
2008 1 10 9 11
2008 1 10 10 10
2008 1 10 11 10
2008 1 10 12 11
2008 1 10 13 11
2008 1 10 14 12
2008 1 10 15 11
2008 1 10 16 14
2008 1 10 17 15
2008 1 10 18 11
2008 1 10 19 14
2008 1 10 20 15
2008 1 10 21 13
2008 1 10 22 15
2008 1 10 23 15
2008 1 11 0 15
2008 1 11 1 11
2008 1 11 2 9
2008 1 11 3 11
2008 1 11 4 11
2008 1 11 5 11
2008 1 11 6 11
2008 1 11 7 11
2008 1 11 8 11
2008 1 11 9 11
2008 1 11 10 11
2008 1 11 11 11
2008 1 11 12 11
2008 1 11 13 11
2008 1 11 14 11
2008 1 11 15 11
2008 1 11 16 11
2008 1 11 17 11
2008 1 11 18 11
2008 1 11 19 11
2008 1 11 20 11
2008 1 11 21 11
2008 1 11 22 11
2008 1 11 23 11
2008 1 12 0 11
2008 1 12 1 11
2008 1 12 2 11
2008 1 12 3 11
2008 1 12 4 11
2008 1 12 5 11
2008 1 12 6 11
2008 1 12 7 11
2008 1 12 8 11
2008 1 12 9 11
2008 1 12 10 11
2008 1 12 11 11
2008 1 12 12 11
2008 1 12 13 10
2008 1 12 14 11
2008 1 12 15 11
2008 1 12 16 11
2008 1 12 17 11
2008 1 12 18 11
2008 1 12 19 11
2008 1 12 20 11
2008 1 12 21 11
2008 1 12 22 11
2008 1 12 23 11
2008 1 13 0 10
2008 1 13 1 11
2008 1 13 2 11
2008 1 13 3 11
2008 1 13 4 11
2008 1 13 5 11
2008 1 13 6 11
2008 1 13 7 11
2008 1 13 8 11
2008 1 13 9 11
2008 1 13 10 11
2008 1 13 11 11
2008 1 13 12 11
2008 1 13 13 11
2008 1 13 14 11
2008 1 13 15 11
2008 1 13 16 11
2008 1 13 17 9
2008 1 13 18 11
2008 1 13 19 11
2008 1 13 20 11
2008 1 13 21 11
2008 1 13 22 11
2008 1 13 23 11
2008 1 14 0 10
2008 1 14 1 10
2008 1 14 2 10
2008 1 14 3 11
2008 1 14 4 11
2008 1 14 5 11
2008 1 14 6 11
2008 1 14 7 11
2008 1 14 8 11
2008 1 14 9 11
2008 1 14 10 11
2008 1 14 11 11
2008 1 14 12 11
2008 1 14 13 11
2008 1 14 14 11
2008 1 14 15 11
2008 1 14 16 11
2008 1 14 17 11
2008 1 14 18 11
2008 1 14 19 11
2008 1 14 20 10
2008 1 14 21 10
2008 1 14 22 11
2008 1 14 23 11
2008 1 15 0 11
2008 1 15 1 11
2008 1 15 2 11
2008 1 15 3 11
2008 1 15 4 11
2008 1 15 5 11
2008 1 15 6 11
2008 1 15 7 10
2008 1 15 8 11
2008 1 15 9 11
2008 1 15 10 11
2008 1 15 11 11
2008 1 15 12 10
2008 1 15 13 10
2008 1 15 14 10
2008 1 15 15 10
2008 1 15 16 11
2008 1 15 17 11
2008 1 15 18 11
2008 1 15 19 6
2008 1 15 20 7
2008 1 15 21 7
2008 1 15 22 11
2008 1 15 23 11
2008 1 16 0 11
2008 1 16 1 11
2008 1 16 2 11
2008 1 16 3 10
2008 1 16 4 10
2008 1 16 5 10
2008 1 16 6 11
2008 1 16 7 11
2008 1 16 8 11
2008 1 16 9 11
2008 1 16 10 11
2008 1 16 11 11
2008 1 16 12 10
2008 1 16 13 11
2008 1 16 14 11
2008 1 16 15 11
2008 1 16 16 11
2008 1 16 17 10
2008 1 16 18 11
2008 1 16 19 11
2008 1 16 20 11
2008 1 16 21 11
2008 1 16 22 11
2008 1 16 23 11
2008 1 17 0 11
2008 1 17 1 11
2008 1 17 2 11
2008 1 17 3 11
2008 1 17 4 11
2008 1 17 5 11
2008 1 17 6 11
2008 1 17 7 11
2008 1 17 8 11
2008 1 17 9 11
2008 1 17 10 11
2008 1 17 11 11
2008 1 17 12 11
2008 1 17 13 11
2008 1 17 14 11
2008 1 17 15 11
2008 1 17 16 11
2008 1 17 17 11
2008 1 17 18 11
2008 1 17 19 11
2008 1 17 20 11
2008 1 17 21 10
2008 1 17 22 9
2008 1 17 23 15
2008 1 18 0 15
2008 1 18 1 12
2008 1 18 2 12
2008 1 18 3 14
2008 1 18 4 15
2008 1 18 5 15
2008 1 18 6 15
2008 1 18 7 15
2008 1 18 8 15
2008 1 18 9 15
2008 1 18 10 15
2008 1 18 11 15
2008 1 18 12 15
2008 1 18 13 15
2008 1 18 14 15
2008 1 18 15 15
2008 1 18 16 9
2008 1 18 17 14
2008 1 18 18 9
2008 1 18 19 15
2008 1 18 20 15
2008 1 18 21 15
2008 1 18 22 15
2008 1 18 23 15
2008 1 19 0 15
2008 1 19 1 15
2008 1 19 2 14
2008 1 19 3 15
2008 1 19 4 14
2008 1 19 5 15
2008 1 19 6 15
2008 1 19 7 15
2008 1 19 8 15
2008 1 19 9 15
2008 1 19 10 15
2008 1 19 11 14
2008 1 19 12 15
2008 1 19 13 15
2008 1 19 14 15
2008 1 19 15 15
2008 1 19 16 15
2008 1 19 17 15
2008 1 19 18 15
2008 1 19 19 15
2008 1 19 20 15
2008 1 19 21 15
2008 1 19 22 15
2008 1 19 23 15
2008 1 20 0 15
2008 1 20 1 15
2008 1 20 2 13
2008 1 20 3 10
2008 1 20 4 9
2008 1 20 5 10
2008 1 20 6 15
2008 1 20 7 15
2008 1 20 8 15
2008 1 20 9 15
2008 1 20 10 15
2008 1 20 11 15
2008 1 20 12 15
2008 1 20 13 15
2008 1 20 14 15
2008 1 20 15 15
2008 1 20 16 15
2008 1 20 17 15
2008 1 20 18 15
2008 1 20 19 15
2008 1 20 20 15
2008 1 20 21 15
2008 1 20 22 15
2008 1 20 23 15
2008 1 21 0 15
2008 1 21 1 15
2008 1 21 2 15
2008 1 21 3 15
2008 1 21 4 15
2008 1 21 5 15
2008 1 21 6 15
2008 1 21 7 15
2008 1 21 8 15
2008 1 21 9 15
2008 1 21 10 15
2008 1 21 11 15
2008 1 21 12 15
2008 1 21 13 15
2008 1 21 14 15
2008 1 21 15 14
2008 1 21 16 15
2008 1 21 17 15
2008 1 21 18 15
2008 1 21 19 15
2008 1 21 20 11
2008 1 21 21 15
2008 1 21 22 15
2008 1 21 23 15
2008 1 22 0 15
2008 1 22 1 15
2008 1 22 2 15
2008 1 22 3 15
2008 1 22 4 15
2008 1 22 5 15
2008 1 22 6 15
2008 1 22 7 15
2008 1 22 8 15
2008 1 22 9 15
2008 1 22 10 15
2008 1 22 11 15
2008 1 22 12 14
2008 1 22 13 14
2008 1 22 14 15
2008 1 22 15 14
2008 1 22 16 15
2008 1 22 17 14
2008 1 22 18 15
2008 1 22 19 15
2008 1 22 20 15
2008 1 22 21 15
2008 1 22 22 15
2008 1 22 23 14
2008 1 23 0 15
2008 1 23 1 15
2008 1 23 2 15
2008 1 23 3 15
2008 1 23 4 15
2008 1 23 5 15
2008 1 23 6 15
2008 1 23 7 14
2008 1 23 8 14
2008 1 23 9 14
2008 1 23 10 14
2008 1 23 11 14
2008 1 23 12 14
2008 1 23 13 15
2008 1 23 14 14
2008 1 23 15 14
2008 1 23 16 13
2008 1 23 17 14
2008 1 23 18 13
2008 1 23 19 13
2008 1 23 20 14
2008 1 23 21 14
2008 1 23 22 14
2008 1 23 23 14
2008 1 24 0 14
2008 1 24 1 14
2008 1 24 2 14
2008 1 24 3 14
2008 1 24 4 14
2008 1 24 5 14
2008 1 24 6 14
2008 1 24 7 14
2008 1 24 8 14
2008 1 24 9 14
2008 1 24 10 14
2008 1 24 11 14
2008 1 24 12 13
2008 1 24 13 13
2008 1 24 14 14
2008 1 24 15 14
2008 1 24 16 14
2008 1 24 17 13
2008 1 24 18 11
2008 1 24 19 14
2008 1 24 20 14
2008 1 24 21 14
2008 1 24 22 14
2008 1 24 23 14
2008 1 25 0 14
2008 1 25 1 9
2008 1 25 2 14
2008 1 25 3 14
2008 1 25 4 14
2008 1 25 5 14
2008 1 25 6 14
2008 1 25 7 14
2008 1 25 8 14
2008 1 25 9 14
2008 1 25 10 14
2008 1 25 11 9
2008 1 25 12 14
2008 1 25 13 15
2008 1 25 14 14
2008 1 25 15 14
2008 1 25 16 10
2008 1 25 17 10
2008 1 25 18 9
2008 1 25 19 9
2008 1 25 20 9
2008 1 25 21 9
2008 1 25 22 9
2008 1 25 23 9
2008 1 26 0 10
2008 1 26 1 9
2008 1 26 2 9
2008 1 26 3 6
2008 1 26 4 6
2008 1 26 5 6
2008 1 26 6 6
2008 1 26 7 6
2008 1 26 8 6
2008 1 26 9 6
2008 1 26 10 6
2008 1 26 11 6
2008 1 26 12 6
2008 1 26 13 6
2008 1 26 14 6
2008 1 26 15 6
2008 1 26 16 7
2008 1 26 17 6
2008 1 26 18 7
2008 1 26 19 6
2008 1 26 20 7
2008 1 26 21 10
2008 1 26 22 13
2008 1 26 23 11
2008 1 27 0 10
2008 1 27 1 15
2008 1 27 2 15
2008 1 27 3 15
2008 1 27 4 14
2008 1 27 5 15
2008 1 27 6 14
2008 1 27 7 14
2008 1 27 8 14
2008 1 27 9 14
2008 1 27 10 13
2008 1 27 11 12
2008 1 27 12 9
2008 1 27 13 10
2008 1 27 14 10
2008 1 27 15 9
2008 1 27 16 9
2008 1 27 17 9
2008 1 27 18 9
2008 1 27 19 9
2008 1 27 20 9
2008 1 27 21 9
2008 1 27 22 9
2008 1 27 23 9
2008 1 28 0 9
2008 1 28 1 10
2008 1 28 2 14
2008 1 28 3 14
2008 1 28 4 13
2008 1 28 5 13
2008 1 28 6 14
2008 1 28 7 14
2008 1 28 8 14
2008 1 28 9 14
2008 1 28 10 14
2008 1 28 11 14
2008 1 28 12 11
2008 1 28 13 14
2008 1 28 14 14
2008 1 28 15 14
2008 1 28 16 11
2008 1 28 17 9
2008 1 28 18 9
2008 1 28 19 9
2008 1 28 20 9
2008 1 28 21 11
2008 1 28 22 9
2008 1 28 23 9
2008 1 29 0 9
2008 1 29 1 9
2008 1 29 2 10
2008 1 29 3 14
2008 1 29 4 15
2008 1 29 5 10
2008 1 29 6 9
2008 1 29 7 15
2008 1 29 8 15
2008 1 29 9 15
2008 1 29 10 15
2008 1 29 11 15
2008 1 29 12 15
2008 1 29 13 15
2008 1 29 14 14
2008 1 29 15 15
2008 1 29 16 14
2008 1 29 17 10
2008 1 29 18 13
2008 1 29 19 12
2008 1 29 20 15
2008 1 29 21 15
2008 1 29 22 15
2008 1 29 23 15
2008 1 30 0 15
2008 1 30 1 15
2008 1 30 2 15
2008 1 30 3 15
2008 1 30 4 15
2008 1 30 5 15
2008 1 30 6 15
2008 1 30 7 15
2008 1 30 8 15
2008 1 30 9 14
2008 1 30 10 15
2008 1 30 11 15
2008 1 30 12 14
2008 1 30 13 15
2008 1 30 14 13
2008 1 30 15 14
2008 1 30 16 14
2008 1 30 17 13
2008 1 30 18 15
2008 1 30 19 9
2008 1 30 20 10
2008 1 30 21 10
2008 1 30 22 9
2008 1 30 23 10
2008 1 31 0 14
2008 1 31 1 15
2008 1 31 2 14
2008 1 31 3 14
2008 1 31 4 6
2008 1 31 5 7
2008 1 31 6 11
2008 1 31 7 7
2008 1 31 8 6
2008 1 31 9 6
2008 1 31 10 6
2008 1 31 11 6
2008 1 31 12 11
2008 1 31 13 11
2008 1 31 14 8
2008 1 31 15 11
2008 1 31 16 12
2008 1 31 17 10
2008 1 31 18 14
2008 1 31 19 14
2008 1 31 20 13
2008 1 31 21 14
2008 1 31 22 15
2008 1 31 23 14
