2010 1 1 0 23
2010 1 1 1 23
2010 1 1 2 23
2010 1 1 3 23
2010 1 1 4 23
2010 1 1 5 23
2010 1 1 6 23
2010 1 1 7 23
2010 1 1 8 23
2010 1 1 9 23
2010 1 1 10 23
2010 1 1 11 23
2010 1 1 0 23
2010 1 1 1 23
2010 1 1 2 23
2010 1 1 3 23
2010 1 1 4 23
2010 1 1 5 23
2010 1 1 6 23
2010 1 1 7 23
2010 1 1 8 23
2010 1 1 9 23
2010 1 1 10 23
2010 1 1 11 23
2010 1 1 12 23
2010 1 1 13 23
2010 1 1 14 23
2010 1 1 15 23
2010 1 1 16 23
2010 1 1 17 22
2010 1 1 18 23
2010 1 1 19 23
2010 1 1 20 23
2010 1 1 21 23
2010 1 1 22 23
2010 1 1 23 23
2010 1 2 0 23
2010 1 2 1 23
2010 1 2 2 23
2010 1 2 3 23
2010 1 2 4 23
2010 1 2 5 23
2010 1 2 6 23
2010 1 2 7 23
2010 1 2 8 23
2010 1 2 9 23
2010 1 2 10 23
2010 1 2 11 22
2010 1 2 12 22
2010 1 2 13 23
2010 1 2 14 23
2010 1 2 15 23
2010 1 2 16 23
2010 1 2 17 23
2010 1 2 18 23
2010 1 2 19 23
2010 1 2 20 23
2010 1 2 21 23
2010 1 2 22 23
2010 1 2 23 23
2010 1 3 0 23
2010 1 3 1 23
2010 1 3 2 23
2010 1 3 3 23
2010 1 3 4 23
2010 1 3 5 23
2010 1 3 6 23
2010 1 3 7 23
2010 1 3 8 23
2010 1 3 9 23
2010 1 3 10 23
2010 1 3 11 23
2010 1 3 12 23
2010 1 3 13 23
2010 1 3 14 23
2010 1 3 15 23
2010 1 3 16 23
2010 1 3 17 23
2010 1 3 18 23
2010 1 3 19 23
2010 1 3 20 23
2010 1 3 21 23
2010 1 3 22 23
2010 1 3 23 23
2010 1 4 0 23
2010 1 4 1 23
2010 1 4 2 23
2010 1 4 3 23
2010 1 4 4 23
2010 1 4 5 23
2010 1 4 6 23
2010 1 4 7 23
2010 1 4 8 23
2010 1 4 9 23
2010 1 4 10 23
2010 1 4 11 23
2010 1 4 12 23
2010 1 4 13 23
2010 1 4 14 23
2010 1 4 15 23
2010 1 4 16 23
2010 1 4 17 23
2010 1 4 18 23
2010 1 4 19 23
2010 1 4 20 23
2010 1 4 21 23
2010 1 4 22 23
2010 1 4 23 23
2010 1 5 0 23
2010 1 5 1 18
2010 1 5 2 23
2010 1 5 3 23
2010 1 5 4 23
2010 1 5 5 23
2010 1 5 6 23
2010 1 5 7 23
2010 1 5 8 23
2010 1 5 9 23
2010 1 5 10 23
2010 1 5 11 22
2010 1 5 12 23
2010 1 5 13 23
2010 1 5 14 23
2010 1 5 15 23
2010 1 5 16 23
2010 1 5 17 23
2010 1 5 18 23
2010 1 5 19 23
2010 1 5 20 23
2010 1 5 21 23
2010 1 5 22 23
2010 1 5 23 23
2010 1 6 0 23
2010 1 6 1 23
2010 1 6 2 23
2010 1 6 3 23
2010 1 6 4 23
2010 1 6 5 23
2010 1 6 6 23
2010 1 6 7 23
2010 1 6 8 23
2010 1 6 9 23
2010 1 6 10 23
2010 1 6 11 23
2010 1 6 12 23
2010 1 6 13 23
2010 1 6 14 23
2010 1 6 15 23
2010 1 6 16 23
2010 1 6 17 23
2010 1 6 18 23
2010 1 6 19 23
2010 1 6 20 23
2010 1 6 21 23
2010 1 6 22 23
2010 1 6 23 22
2010 1 7 0 23
2010 1 7 1 22
2010 1 7 2 23
2010 1 7 3 23
2010 1 7 4 23
2010 1 7 5 23
2010 1 7 6 23
2010 1 7 7 23
2010 1 7 8 23
2010 1 7 9 23
2010 1 7 10 23
2010 1 7 11 22
2010 1 7 12 23
2010 1 7 13 23
2010 1 7 14 23
2010 1 7 15 23
2010 1 7 16 23
2010 1 7 17 23
2010 1 7 18 23
2010 1 7 19 23
2010 1 7 20 23
2010 1 7 21 23
2010 1 7 22 23
2010 1 7 23 23
2010 1 8 0 23
2010 1 8 1 23
2010 1 8 2 23
2010 1 8 3 23
2010 1 8 4 23
2010 1 8 5 23
2010 1 8 6 23
2010 1 8 7 23
2010 1 8 8 23
2010 1 8 9 23
2010 1 8 10 23
2010 1 8 11 23
2010 1 8 12 23
2010 1 8 13 23
2010 1 8 14 23
2010 1 8 15 23
2010 1 8 16 23
2010 1 8 17 23
2010 1 8 18 23
2010 1 8 19 23
2010 1 8 20 23
2010 1 8 21 23
2010 1 8 22 23
2010 1 8 23 23
2010 1 9 0 23
2010 1 9 1 23
2010 1 9 2 23
2010 1 9 3 23
2010 1 9 4 23
2010 1 9 5 23
2010 1 9 6 23
2010 1 9 7 22
2010 1 9 8 23
2010 1 9 9 23
2010 1 9 10 22
2010 1 9 11 22
2010 1 9 12 23
2010 1 9 13 23
2010 1 9 14 23
2010 1 9 15 23
2010 1 9 16 23
2010 1 9 17 23
2010 1 9 18 23
2010 1 9 19 23
2010 1 9 20 23
2010 1 9 21 23
2010 1 9 22 23
2010 1 9 23 23
2010 1 10 0 23
2010 1 10 1 23
2010 1 10 2 23
2010 1 10 3 23
2010 1 10 4 23
2010 1 10 5 23
2010 1 10 6 23
2010 1 10 7 23
2010 1 10 8 23
2010 1 10 9 23
2010 1 10 10 23
2010 1 10 11 23
2010 1 10 12 22
2010 1 10 13 23
2010 1 10 14 23
2010 1 10 15 23
2010 1 10 16 23
2010 1 10 17 23
2010 1 10 18 23
2010 1 10 19 23
2010 1 10 20 23
2010 1 10 21 23
2010 1 10 22 23
2010 1 10 23 23
2010 1 11 0 23
2010 1 11 1 23
2010 1 11 2 23
2010 1 11 3 23
2010 1 11 4 23
2010 1 11 5 23
2010 1 11 6 23
2010 1 11 7 23
2010 1 11 8 23
2010 1 11 9 23
2010 1 11 10 23
2010 1 11 11 23
2010 1 11 12 23
2010 1 11 13 23
2010 1 11 14 23
2010 1 11 15 23
2010 1 11 16 23
2010 1 11 17 23
2010 1 11 18 23
2010 1 11 19 23
2010 1 11 20 23
2010 1 11 21 23
2010 1 11 22 23
2010 1 11 23 23
2010 1 12 0 23
2010 1 12 1 23
2010 1 12 2 23
2010 1 12 3 23
2010 1 12 4 23
2010 1 12 5 23
2010 1 12 6 23
2010 1 12 7 23
2010 1 12 8 23
2010 1 12 9 23
2010 1 12 10 23
2010 1 12 11 23
2010 1 12 12 23
2010 1 12 13 23
2010 1 12 14 23
2010 1 12 15 23
2010 1 12 16 23
2010 1 12 17 23
2010 1 12 18 23
2010 1 12 19 23
2010 1 12 20 23
2010 1 12 21 23
2010 1 12 22 23
2010 1 12 23 23
2010 1 13 0 21
2010 1 13 1 21
2010 1 13 2 23
2010 1 13 3 20
2010 1 13 4 20
2010 1 13 5 20
2010 1 13 6 23
2010 1 13 7 23
2010 1 13 8 23
2010 1 13 9 23
2010 1 13 10 22
2010 1 13 11 22
2010 1 13 0 21
2010 1 13 1 21
2010 1 13 2 23
2010 1 13 3 20
2010 1 13 4 20
2010 1 13 5 20
2010 1 13 6 23
2010 1 13 7 23
2010 1 13 8 23
2010 1 13 9 23
2010 1 13 10 22
2010 1 13 11 22
2010 1 13 12 23
2010 1 13 13 23
2010 1 13 14 23
2010 1 13 15 23
2010 1 13 16 23
2010 1 13 17 23
2010 1 13 18 23
2010 1 13 19 23
2010 1 13 20 23
2010 1 13 21 23
2010 1 13 22 23
2010 1 13 23 23
2010 1 14 0 23
2010 1 14 1 23
2010 1 14 2 23
2010 1 14 3 23
2010 1 14 4 23
2010 1 14 5 23
2010 1 14 6 23
2010 1 14 7 23
2010 1 14 8 23
2010 1 14 9 23
2010 1 14 10 23
2010 1 14 11 23
2010 1 14 12 23
2010 1 14 13 23
2010 1 14 14 23
2010 1 14 15 23
2010 1 14 16 23
2010 1 14 17 23
2010 1 14 18 18
2010 1 14 19 23
2010 1 14 20 23
2010 1 14 21 23
2010 1 14 22 23
2010 1 14 23 23
2010 1 15 0 23
2010 1 15 1 23
2010 1 15 2 23
2010 1 15 3 23
2010 1 15 4 23
2010 1 15 5 23
2010 1 15 6 23
2010 1 15 7 23
2010 1 15 8 23
2010 1 15 9 23
2010 1 15 10 23
2010 1 15 11 23
2010 1 15 0 23
2010 1 15 1 23
2010 1 15 2 23
2010 1 15 3 23
2010 1 15 4 23
2010 1 15 5 23
2010 1 15 6 23
2010 1 15 7 23
2010 1 15 8 23
2010 1 15 9 23
2010 1 15 10 23
2010 1 15 11 23
2010 1 15 12 23
2010 1 15 13 23
2010 1 15 14 23
2010 1 15 15 23
2010 1 15 16 23
2010 1 15 17 23
2010 1 15 18 23
2010 1 15 19 23
2010 1 15 20 23
2010 1 15 21 23
2010 1 15 22 23
2010 1 15 23 23
2010 1 16 0 23
2010 1 16 1 23
2010 1 16 2 23
2010 1 16 3 23
2010 1 16 4 23
2010 1 16 5 23
2010 1 16 6 23
2010 1 16 7 23
2010 1 16 8 23
2010 1 16 9 23
2010 1 16 10 22
2010 1 16 11 22
2010 1 16 12 23
2010 1 16 13 23
2010 1 16 14 23
2010 1 16 15 23
2010 1 16 16 23
2010 1 16 17 23
2010 1 16 18 23
2010 1 16 19 23
2010 1 16 20 22
2010 1 16 21 23
2010 1 16 22 23
2010 1 16 23 23
2010 1 17 0 23
2010 1 17 1 23
2010 1 17 2 23
2010 1 17 3 23
2010 1 17 4 23
2010 1 17 5 23
2010 1 17 6 23
2010 1 17 7 23
2010 1 17 8 23
2010 1 17 9 23
2010 1 17 10 23
2010 1 17 11 23
2010 1 17 12 23
2010 1 17 13 23
2010 1 17 14 23
2010 1 17 15 23
2010 1 17 16 23
2010 1 17 17 23
2010 1 17 18 21
2010 1 17 19 21
2010 1 17 20 21
2010 1 17 21 19
2010 1 17 22 22
2010 1 17 23 20
2010 1 18 0 20
2010 1 18 1 20
2010 1 18 2 20
2010 1 18 3 20
2010 1 18 4 22
2010 1 18 5 23
2010 1 18 6 22
2010 1 18 7 20
2010 1 18 8 20
2010 1 18 9 20
2010 1 18 10 20
2010 1 18 11 20
2010 1 18 12 20
2010 1 18 13 20
2010 1 18 14 20
2010 1 18 15 20
2010 1 18 16 20
2010 1 18 17 18
2010 1 18 18 15
2010 1 18 19 15
2010 1 18 20 15
2010 1 18 21 16
2010 1 18 22 16
2010 1 18 23 16
2010 1 19 0 16
2010 1 19 1 16
2010 1 19 2 16
2010 1 19 3 17
2010 1 19 4 18
2010 1 19 5 18
2010 1 19 6 19
2010 1 19 7 22
2010 1 19 8 22
2010 1 19 9 19
2010 1 19 10 20
2010 1 19 11 16
2010 1 19 12 16
2010 1 19 13 16
2010 1 19 14 13
2010 1 19 15 13
2010 1 19 16 13
2010 1 19 17 13
2010 1 19 18 13
2010 1 19 19 13
2010 1 19 20 15
2010 1 19 21 15
2010 1 19 22 20
2010 1 19 23 15
2010 1 20 0 11
2010 1 20 1 11
2010 1 20 2 11
2010 1 20 3 14
2010 1 20 4 14
2010 1 20 5 18
2010 1 20 6 18
2010 1 20 7 18
2010 1 20 8 19
2010 1 20 9 21
2010 1 20 10 19
2010 1 20 11 20
2010 1 20 12 20
2010 1 20 13 20
2010 1 20 14 19
2010 1 20 15 19
2010 1 20 16 17
2010 1 20 17 17
2010 1 20 18 18
2010 1 20 19 19
2010 1 20 20 19
2010 1 20 21 20
2010 1 20 22 18
2010 1 20 23 18
2010 1 21 0 20
2010 1 21 1 20
2010 1 21 2 17
2010 1 21 3 19
2010 1 21 4 20
2010 1 21 5 20
2010 1 21 6 20
2010 1 21 7 20
2010 1 21 8 19
2010 1 21 9 19
2010 1 21 10 19
2010 1 21 11 20
2010 1 21 12 20
2010 1 21 13 20
2010 1 21 14 20
2010 1 21 15 20
2010 1 21 16 20
2010 1 21 17 20
2010 1 21 18 20
2010 1 21 19 18
2010 1 21 20 18
2010 1 21 21 18
2010 1 21 22 19
2010 1 21 23 21
2010 1 22 0 21
2010 1 22 1 23
2010 1 22 2 21
2010 1 22 3 23
2010 1 22 4 23
2010 1 22 5 23
2010 1 22 6 23
2010 1 22 7 23
2010 1 22 8 23
2010 1 22 9 22
2010 1 22 10 22
2010 1 22 11 21
2010 1 22 12 21
2010 1 22 13 23
2010 1 22 14 18
2010 1 22 15 23
2010 1 22 16 22
2010 1 22 17 22
2010 1 22 18 20
2010 1 22 19 23
2010 1 22 20 22
2010 1 22 21 23
2010 1 22 22 20
2010 1 22 23 20
2010 1 23 0 20
2010 1 23 1 20
2010 1 23 2 20
2010 1 23 3 20
2010 1 23 4 20
2010 1 23 5 20
2010 1 23 6 20
2010 1 23 7 19
2010 1 23 8 19
2010 1 23 9 19
2010 1 23 10 18
2010 1 23 11 19
2010 1 23 12 20
2010 1 23 13 20
2010 1 23 14 20
2010 1 23 15 20
2010 1 23 16 20
2010 1 23 17 20
2010 1 23 18 20
2010 1 23 19 20
2010 1 23 20 20
2010 1 23 21 20
2010 1 23 22 20
2010 1 23 23 20
2010 1 24 0 20
2010 1 24 1 20
2010 1 24 2 20
2010 1 24 3 20
2010 1 24 4 20
2010 1 24 5 20
2010 1 24 6 20
2010 1 24 7 20
2010 1 24 8 20
2010 1 24 9 20
2010 1 24 10 20
2010 1 24 11 20
2010 1 24 12 20
2010 1 24 13 19
2010 1 24 14 17
2010 1 24 15 18
2010 1 24 16 18
2010 1 24 17 18
2010 1 24 18 17
2010 1 24 19 16
2010 1 24 20 18
2010 1 24 21 17
2010 1 24 22 16
2010 1 24 23 13
2010 1 25 0 13
2010 1 25 1 13
2010 1 25 2 13
2010 1 25 3 13
2010 1 25 4 13
2010 1 25 5 13
2010 1 25 6 13
2010 1 25 7 13
2010 1 25 8 13
2010 1 25 9 12
2010 1 25 10 13
2010 1 25 11 13
2010 1 25 12 15
2010 1 25 13 16
2010 1 25 14 17
2010 1 25 15 17
2010 1 25 16 17
2010 1 25 17 17
2010 1 25 18 17
2010 1 25 19 14
2010 1 25 20 14
2010 1 25 21 14
2010 1 25 22 14
2010 1 25 23 14
2010 1 26 0 14
2010 1 26 1 15
2010 1 26 2 17
2010 1 26 3 17
2010 1 26 4 17
2010 1 26 5 17
2010 1 26 6 17
2010 1 26 7 16
2010 1 26 8 13
2010 1 26 9 13
2010 1 26 10 16
2010 1 26 11 16
2010 1 26 12 16
2010 1 26 13 16
2010 1 26 14 16
2010 1 26 15 16
2010 1 26 16 16
2010 1 26 17 16
2010 1 26 18 17
2010 1 26 19 12
2010 1 26 20 17
2010 1 26 21 20
2010 1 26 22 20
2010 1 26 23 20
2010 1 27 0 20
2010 1 27 1 20
2010 1 27 2 20
2010 1 27 3 20
2010 1 27 4 20
2010 1 27 5 20
2010 1 27 6 20
2010 1 27 7 20
2010 1 27 8 20
2010 1 27 9 20
2010 1 27 10 20
2010 1 27 11 20
2010 1 27 12 20
2010 1 27 13 20
2010 1 27 14 20
2010 1 27 15 20
2010 1 27 16 20
2010 1 27 17 20
2010 1 27 18 20
2010 1 27 19 15
2010 1 27 20 15
2010 1 27 21 20
2010 1 27 22 20
2010 1 27 23 20
2010 1 28 0 20
2010 1 28 1 20
2010 1 28 2 20
2010 1 28 3 20
2010 1 28 4 20
2010 1 28 5 20
2010 1 28 6 20
2010 1 28 7 20
2010 1 28 8 16
2010 1 28 9 16
2010 1 28 10 16
2010 1 28 11 16
2010 1 28 12 16
2010 1 28 13 16
2010 1 28 14 16
2010 1 28 15 16
2010 1 28 16 16
2010 1 28 17 9
2010 1 28 18 16
2010 1 28 19 16
2010 1 28 20 16
2010 1 28 21 16
2010 1 28 22 16
2010 1 28 23 16
2010 1 29 0 16
2010 1 29 1 16
2010 1 29 2 16
2010 1 29 3 16
2010 1 29 4 16
2010 1 29 5 16
2010 1 29 6 16
2010 1 29 7 16
2010 1 29 8 16
2010 1 29 9 16
2010 1 29 10 16
2010 1 29 11 16
2010 1 29 12 16
2010 1 29 13 16
2010 1 29 14 16
2010 1 29 15 16
2010 1 29 16 16
2010 1 29 17 16
2010 1 29 18 16
2010 1 29 19 16
2010 1 29 20 16
2010 1 29 21 16
2010 1 29 22 16
2010 1 29 23 16
2010 1 30 0 16
2010 1 30 1 16
2010 1 30 2 16
2010 1 30 3 16
2010 1 30 4 16
2010 1 30 5 16
2010 1 30 6 16
2010 1 30 7 16
2010 1 30 8 16
2010 1 30 9 16
2010 1 30 10 16
2010 1 30 11 16
2010 1 30 12 16
2010 1 30 13 16
2010 1 30 14 16
2010 1 30 15 16
2010 1 30 16 16
2010 1 30 17 16
2010 1 30 18 16
2010 1 30 19 16
2010 1 30 20 16
2010 1 30 21 16
2010 1 30 22 16
2010 1 30 23 16
2010 1 31 0 16
2010 1 31 1 16
2010 1 31 2 16
2010 1 31 3 16
2010 1 31 4 16
2010 1 31 5 16
2010 1 31 6 16
2010 1 31 7 16
2010 1 31 8 16
2010 1 31 9 16
2010 1 31 10 16
2010 1 31 11 16
2010 1 31 12 16
2010 1 31 13 16
2010 1 31 14 16
2010 1 31 15 15
2010 1 31 16 16
2010 1 31 17 16
2010 1 31 18 16
2010 1 31 19 16
2010 1 31 20 16
2010 1 31 21 16
2010 1 31 22 16
2010 1 31 23 16
2008 1 1 0 23
2008 1 1 1 23
2008 1 1 2 23
2008 1 1 3 23
2008 1 1 4 23
2008 1 1 5 23
2008 1 1 6 23
2008 1 1 7 23
2008 1 1 8 23
2008 1 1 9 23
2008 1 1 10 23
2008 1 1 11 23
2008 1 1 12 23
2008 1 1 13 23
2008 1 1 14 23
2008 1 1 15 23
2008 1 1 16 23
2008 1 1 17 23
2008 1 1 18 23
2008 1 1 19 23
2008 1 1 20 23
2008 1 1 21 23
2008 1 1 22 23
2008 1 1 23 22
2008 1 2 0 23
2008 1 2 1 23
2008 1 2 2 23
2008 1 2 3 23
2008 1 2 4 23
2008 1 2 5 23
2008 1 2 6 23
2008 1 2 7 23
2008 1 2 8 23
2008 1 2 9 22
2008 1 2 10 23
2008 1 2 11 18
2008 1 2 12 23
2008 1 2 13 23
2008 1 2 14 23
2008 1 2 15 23
2008 1 2 16 23
2008 1 2 17 23
2008 1 2 18 23
2008 1 2 19 23
2008 1 2 20 23
2008 1 2 21 23
2008 1 2 22 23
2008 1 2 23 23
2008 1 3 0 23
2008 1 3 1 23
2008 1 3 2 23
2008 1 3 3 23
2008 1 3 4 23
2008 1 3 5 23
2008 1 3 6 23
2008 1 3 7 23
2008 1 3 8 23
2008 1 3 9 23
2008 1 3 10 22
2008 1 3 11 23
2008 1 3 12 22
2008 1 3 13 23
2008 1 3 14 23
2008 1 3 15 19
2008 1 3 16 19
2008 1 3 17 18
2008 1 3 18 15
2008 1 3 19 19
2008 1 3 20 18
2008 1 3 21 21
2008 1 3 22 23
2008 1 3 23 22
2008 1 4 0 20
2008 1 4 1 20
2008 1 4 2 20
2008 1 4 3 18
2008 1 4 4 20
2008 1 4 5 20
2008 1 4 6 19
2008 1 4 7 19
2008 1 4 8 20
2008 1 4 9 20
2008 1 4 10 20
2008 1 4 11 20
2008 1 4 12 20
2008 1 4 13 19
2008 1 4 14 18
2008 1 4 15 18
2008 1 4 16 18
2008 1 4 17 18
2008 1 4 18 18
2008 1 4 19 18
2008 1 4 20 19
2008 1 4 21 18
2008 1 4 22 18
2008 1 4 23 18
2008 1 5 0 19
2008 1 5 1 22
2008 1 5 2 18
2008 1 5 3 18
2008 1 5 4 19
2008 1 5 5 19
2008 1 5 6 19
2008 1 5 7 22
2008 1 5 8 22
2008 1 5 9 23
2008 1 5 10 20
2008 1 5 11 23
2008 1 5 12 23
2008 1 5 13 23
2008 1 5 14 23
2008 1 5 15 23
2008 1 5 16 22
2008 1 5 17 23
2008 1 5 18 22
2008 1 5 19 23
2008 1 5 20 19
2008 1 5 21 23
2008 1 5 22 20
2008 1 5 23 20
2008 1 6 0 23
2008 1 6 1 22
2008 1 6 2 21
2008 1 6 3 22
2008 1 6 4 21
2008 1 6 5 23
2008 1 6 6 22
2008 1 6 7 22
2008 1 6 8 22
2008 1 6 9 23
2008 1 6 10 23
2008 1 6 11 23
2008 1 6 12 22
2008 1 6 13 23
2008 1 6 14 22
2008 1 6 15 23
2008 1 6 16 23
2008 1 6 17 23
2008 1 6 18 18
2008 1 6 19 23
2008 1 6 20 23
2008 1 6 21 22
2008 1 6 22 22
2008 1 6 23 22
2008 1 7 0 22
2008 1 7 1 23
2008 1 7 2 23
2008 1 7 3 21
2008 1 7 4 21
2008 1 7 5 21
2008 1 7 6 21
2008 1 7 7 21
2008 1 7 8 21
2008 1 7 9 22
2008 1 7 10 19
2008 1 7 11 21
2008 1 7 12 21
2008 1 7 13 21
2008 1 7 14 21
2008 1 7 15 21
2008 1 7 16 21
2008 1 7 17 18
2008 1 7 18 20
2008 1 7 19 22
2008 1 7 20 22
2008 1 7 21 23
2008 1 7 22 23
2008 1 7 23 23
2008 1 8 0 23
2008 1 8 1 23
2008 1 8 2 23
2008 1 8 3 23
2008 1 8 4 23
2008 1 8 5 23
2008 1 8 6 21
2008 1 8 7 19
2008 1 8 8 22
2008 1 8 9 22
2008 1 8 10 13
2008 1 8 11 12
2008 1 8 12 16
2008 1 8 13 19
2008 1 8 14 21
2008 1 8 15 19
2008 1 8 16 15
2008 1 8 17 19
2008 1 8 18 18
2008 1 8 19 19
2008 1 8 20 19
2008 1 8 21 19
2008 1 8 22 19
2008 1 8 23 19
2008 1 9 0 19
2008 1 9 1 19
2008 1 9 2 22
2008 1 9 3 22
2008 1 9 4 22
2008 1 9 5 21
2008 1 9 6 17
2008 1 9 7 22
2008 1 9 8 19
2008 1 9 9 19
2008 1 9 10 22
2008 1 9 11 21
2008 1 9 12 19
2008 1 9 13 19
2008 1 9 14 19
2008 1 9 15 19
2008 1 9 16 19
2008 1 9 17 20
2008 1 9 18 22
2008 1 9 19 21
2008 1 9 20 18
2008 1 9 21 20
2008 1 9 22 19
2008 1 9 23 23
2008 1 10 0 19
2008 1 10 1 19
2008 1 10 2 19
2008 1 10 3 18
2008 1 10 4 19
2008 1 10 5 20
2008 1 10 6 19
2008 1 10 7 20
2008 1 10 8 20
2008 1 10 9 20
2008 1 10 10 19
2008 1 10 11 19
2008 1 10 12 20
2008 1 10 13 20
2008 1 10 14 21
2008 1 10 15 20
2008 1 10 16 22
2008 1 10 17 23
2008 1 10 18 20
2008 1 10 19 22
2008 1 10 20 23
2008 1 10 21 21
2008 1 10 22 23
2008 1 10 23 23
2008 1 11 0 23
2008 1 11 1 20
2008 1 11 2 18
2008 1 11 3 20
2008 1 11 4 20
2008 1 11 5 20
2008 1 11 6 20
2008 1 11 7 20
2008 1 11 8 20
2008 1 11 9 20
2008 1 11 10 20
2008 1 11 11 20
2008 1 11 12 20
2008 1 11 13 20
2008 1 11 14 20
2008 1 11 15 20
2008 1 11 16 20
2008 1 11 17 20
2008 1 11 18 20
2008 1 11 19 20
2008 1 11 20 20
2008 1 11 21 20
2008 1 11 22 20
2008 1 11 23 20
2008 1 12 0 20
2008 1 12 1 19
2008 1 12 2 18
2008 1 12 3 18
2008 1 12 4 18
2008 1 12 5 20
2008 1 12 6 20
2008 1 12 7 20
2008 1 12 8 20
2008 1 12 9 20
2008 1 12 10 20
2008 1 12 11 20
2008 1 12 12 20
2008 1 12 13 19
2008 1 12 14 20
2008 1 12 15 20
2008 1 12 16 20
2008 1 12 17 20
2008 1 12 18 20
2008 1 12 19 20
2008 1 12 20 20
2008 1 12 21 20
2008 1 12 22 20
2008 1 12 23 20
2008 1 13 0 19
2008 1 13 1 20
2008 1 13 2 20
2008 1 13 3 19
2008 1 13 4 20
2008 1 13 5 19
2008 1 13 6 20
2008 1 13 7 20
2008 1 13 8 20
2008 1 13 9 20
2008 1 13 10 20
2008 1 13 11 20
2008 1 13 12 20
2008 1 13 13 20
2008 1 13 14 20
2008 1 13 15 20
2008 1 13 16 20
2008 1 13 17 18
2008 1 13 18 20
2008 1 13 19 20
2008 1 13 20 20
2008 1 13 21 20
2008 1 13 22 20
2008 1 13 23 20
2008 1 14 0 19
2008 1 14 1 19
2008 1 14 2 19
2008 1 14 3 20
2008 1 14 4 20
2008 1 14 5 20
2008 1 14 6 20
2008 1 14 7 20
2008 1 14 8 20
2008 1 14 9 20
2008 1 14 10 20
2008 1 14 11 20
2008 1 14 12 20
2008 1 14 13 20
2008 1 14 14 20
2008 1 14 15 20
2008 1 14 16 20
2008 1 14 17 20
2008 1 14 18 20
2008 1 14 19 20
2008 1 14 20 19
2008 1 14 21 19
2008 1 14 22 20
2008 1 14 23 20
2008 1 15 0 20
2008 1 15 1 20
2008 1 15 2 18
2008 1 15 3 20
2008 1 15 4 20
2008 1 15 5 19
2008 1 15 6 20
2008 1 15 7 19
2008 1 15 8 20
2008 1 15 9 20
2008 1 15 10 20
2008 1 15 11 20
2008 1 15 12 19
2008 1 15 13 19
2008 1 15 14 19
2008 1 15 15 19
2008 1 15 16 20
2008 1 15 17 20
2008 1 15 18 20
2008 1 15 19 15
2008 1 15 20 16
2008 1 15 21 16
2008 1 15 22 20
2008 1 15 23 20
2008 1 16 0 20
2008 1 16 1 20
2008 1 16 2 20
2008 1 16 3 19
2008 1 16 4 19
2008 1 16 5 19
2008 1 16 6 20
2008 1 16 7 20
2008 1 16 8 20
2008 1 16 9 20
2008 1 16 10 20
2008 1 16 11 20
2008 1 16 12 19
2008 1 16 13 20
2008 1 16 14 20
2008 1 16 15 20
2008 1 16 16 20
2008 1 16 17 19
2008 1 16 18 20
2008 1 16 19 20
2008 1 16 20 20
2008 1 16 21 20
2008 1 16 22 20
2008 1 16 23 20
2008 1 17 0 20
2008 1 17 1 20
2008 1 17 2 20
2008 1 17 3 20
2008 1 17 4 20
2008 1 17 5 20
2008 1 17 6 20
2008 1 17 7 20
2008 1 17 8 20
2008 1 17 9 20
2008 1 17 10 20
2008 1 17 11 20
2008 1 17 12 20
2008 1 17 13 20
2008 1 17 14 20
2008 1 17 15 20
2008 1 17 16 20
2008 1 17 17 20
2008 1 17 18 20
2008 1 17 19 20
2008 1 17 20 20
2008 1 17 21 19
2008 1 17 22 18
2008 1 17 23 23
2008 1 18 0 23
2008 1 18 1 21
2008 1 18 2 21
2008 1 18 3 22
2008 1 18 4 23
2008 1 18 5 23
2008 1 18 6 23
2008 1 18 7 23
2008 1 18 8 23
2008 1 18 9 23
2008 1 18 10 23
2008 1 18 11 23
2008 1 18 12 23
2008 1 18 13 23
2008 1 18 14 23
2008 1 18 15 23
2008 1 18 16 18
2008 1 18 17 22
2008 1 18 18 18
2008 1 18 19 23
2008 1 18 20 23
2008 1 18 21 23
2008 1 18 22 23
2008 1 18 23 23
2008 1 19 0 23
2008 1 19 1 23
2008 1 19 2 22
2008 1 19 3 23
2008 1 19 4 22
2008 1 19 5 23
2008 1 19 6 23
2008 1 19 7 23
2008 1 19 8 23
2008 1 19 9 23
2008 1 19 10 23
2008 1 19 11 22
2008 1 19 12 23
2008 1 19 13 23
2008 1 19 14 23
2008 1 19 15 23
2008 1 19 16 23
2008 1 19 17 23
2008 1 19 18 23
2008 1 19 19 23
2008 1 19 20 23
2008 1 19 21 23
2008 1 19 22 23
2008 1 19 23 23
2008 1 20 0 23
2008 1 20 1 23
2008 1 20 2 22
2008 1 20 3 19
2008 1 20 4 18
2008 1 20 5 19
2008 1 20 6 23
2008 1 20 7 23
2008 1 20 8 23
2008 1 20 9 23
2008 1 20 10 23
2008 1 20 11 23
2008 1 20 12 23
2008 1 20 13 23
2008 1 20 14 23
2008 1 20 15 23
2008 1 20 16 23
2008 1 20 17 23
2008 1 20 18 23
2008 1 20 19 23
2008 1 20 20 23
2008 1 20 21 23
2008 1 20 22 23
2008 1 20 23 23
2008 1 21 0 23
2008 1 21 1 23
2008 1 21 2 23
2008 1 21 3 23
2008 1 21 4 21
2008 1 21 5 23
2008 1 21 6 23
2008 1 21 7 23
2008 1 21 8 23
2008 1 21 9 23
2008 1 21 10 23
2008 1 21 11 23
2008 1 21 12 23
2008 1 21 13 23
2008 1 21 14 23
2008 1 21 15 22
2008 1 21 16 23
2008 1 21 17 23
2008 1 21 18 23
2008 1 21 19 23
2008 1 21 20 20
2008 1 21 21 23
2008 1 21 22 23
2008 1 21 23 23
2008 1 22 0 23
2008 1 22 1 23
2008 1 22 2 21
2008 1 22 3 23
2008 1 22 4 23
2008 1 22 5 23
2008 1 22 6 23
2008 1 22 7 23
2008 1 22 8 23
2008 1 22 9 23
2008 1 22 10 23
2008 1 22 11 23
2008 1 22 12 22
2008 1 22 13 22
2008 1 22 14 23
2008 1 22 15 22
2008 1 22 16 23
2008 1 22 17 22
2008 1 22 18 23
2008 1 22 19 23
2008 1 22 20 23
2008 1 22 21 23
2008 1 22 22 23
2008 1 22 23 22
2008 1 23 0 23
2008 1 23 1 23
2008 1 23 2 23
2008 1 23 3 23
2008 1 23 4 23
2008 1 23 5 23
2008 1 23 6 23
2008 1 23 7 22
2008 1 23 8 22
2008 1 23 9 22
2008 1 23 10 22
2008 1 23 11 22
2008 1 23 12 22
2008 1 23 13 23
2008 1 23 14 22
2008 1 23 15 22
2008 1 23 16 21
2008 1 23 17 22
2008 1 23 18 21
2008 1 23 19 21
2008 1 23 20 22
2008 1 23 21 22
2008 1 23 22 22
2008 1 23 23 22
2008 1 24 0 22
2008 1 24 1 22
2008 1 24 2 22
2008 1 24 3 22
2008 1 24 4 22
2008 1 24 5 22
2008 1 24 6 22
2008 1 24 7 22
2008 1 24 8 22
2008 1 24 9 22
2008 1 24 10 22
2008 1 24 11 22
2008 1 24 12 21
2008 1 24 13 21
2008 1 24 14 22
2008 1 24 15 22
2008 1 24 16 22
2008 1 24 17 21
2008 1 24 18 20
2008 1 24 19 22
2008 1 24 20 22
2008 1 24 21 22
2008 1 24 22 22
2008 1 24 23 22
2008 1 25 0 22
2008 1 25 1 17
2008 1 25 2 22
2008 1 25 3 22
2008 1 25 4 22
2008 1 25 5 22
2008 1 25 6 22
2008 1 25 7 22
2008 1 25 8 22
2008 1 25 9 22
2008 1 25 10 22
2008 1 25 11 18
2008 1 25 12 22
2008 1 25 13 23
2008 1 25 14 22
2008 1 25 15 22
2008 1 25 16 19
2008 1 25 17 19
2008 1 25 18 18
2008 1 25 19 18
2008 1 25 20 18
2008 1 25 21 18
2008 1 25 22 18
2008 1 25 23 18
2008 1 26 0 19
2008 1 26 1 18
2008 1 26 2 18
2008 1 26 3 15
2008 1 26 4 15
2008 1 26 5 15
2008 1 26 6 15
2008 1 26 7 15
2008 1 26 8 15
2008 1 26 9 15
2008 1 26 10 15
2008 1 26 11 15
2008 1 26 12 15
2008 1 26 13 15
2008 1 26 14 15
2008 1 26 15 15
2008 1 26 16 16
2008 1 26 17 15
2008 1 26 18 16
2008 1 26 19 15
2008 1 26 20 16
2008 1 26 21 19
2008 1 26 22 21
2008 1 26 23 20
2008 1 27 0 19
2008 1 27 1 23
2008 1 27 2 23
2008 1 27 3 23
2008 1 27 4 22
2008 1 27 5 23
2008 1 27 6 22
2008 1 27 7 22
2008 1 27 8 22
2008 1 27 9 22
2008 1 27 10 21
2008 1 27 11 21
2008 1 27 12 18
2008 1 27 13 19
2008 1 27 14 19
2008 1 27 15 18
2008 1 27 16 18
2008 1 27 17 18
2008 1 27 18 18
2008 1 27 19 18
2008 1 27 20 18
2008 1 27 21 18
2008 1 27 22 18
2008 1 27 23 18
2008 1 28 0 18
2008 1 28 1 19
2008 1 28 2 22
2008 1 28 3 22
2008 1 28 4 21
2008 1 28 5 21
2008 1 28 6 22
2008 1 28 7 22
2008 1 28 8 22
2008 1 28 9 22
2008 1 28 10 22
2008 1 28 11 22
2008 1 28 12 20
2008 1 28 13 22
2008 1 28 14 22
2008 1 28 15 22
2008 1 28 16 19
2008 1 28 17 18
2008 1 28 18 18
2008 1 28 19 18
2008 1 28 20 18
2008 1 28 21 20
2008 1 28 22 18
2008 1 28 23 18
2008 1 29 0 18
2008 1 29 1 18
2008 1 29 2 19
2008 1 29 3 22
2008 1 29 4 23
2008 1 29 5 19
2008 1 29 6 18
2008 1 29 7 23
2008 1 29 8 23
2008 1 29 9 23
2008 1 29 10 23
2008 1 29 11 23
2008 1 29 12 23
2008 1 29 13 23
2008 1 29 14 22
2008 1 29 15 23
2008 1 29 16 22
2008 1 29 17 19
2008 1 29 18 21
2008 1 29 19 20
2008 1 29 20 23
2008 1 29 21 23
2008 1 29 22 23
2008 1 29 23 23
2008 1 30 0 23
2008 1 30 1 23
2008 1 30 2 23
2008 1 30 3 23
2008 1 30 4 23
2008 1 30 5 23
2008 1 30 6 23
2008 1 30 7 23
2008 1 30 8 23
2008 1 30 9 22
2008 1 30 10 23
2008 1 30 11 23
2008 1 30 12 22
2008 1 30 13 23
2008 1 30 14 21
2008 1 30 15 22
2008 1 30 16 22
2008 1 30 17 21
2008 1 30 18 23
2008 1 30 19 18
2008 1 30 20 18
2008 1 30 21 19
2008 1 30 22 18
2008 1 30 23 19
2008 1 31 0 22
2008 1 31 1 23
2008 1 31 2 22
2008 1 31 3 22
2008 1 31 4 15
2008 1 31 5 16
2008 1 31 6 19
2008 1 31 7 16
2008 1 31 8 15
2008 1 31 9 15
2008 1 31 10 15
2008 1 31 11 15
2008 1 31 12 19
2008 1 31 13 19
2008 1 31 14 16
2008 1 31 15 19
2008 1 31 16 20
2008 1 31 17 19
2008 1 31 18 22
2008 1 31 19 22
2008 1 31 20 21
2008 1 31 21 22
2008 1 31 22 23
2008 1 31 23 22
