2010 1 1 0 14
2010 1 1 1 14
2010 1 1 2 13
2010 1 1 3 14
2010 1 1 4 14
2010 1 1 5 14
2010 1 1 6 14
2010 1 1 7 14
2010 1 1 8 14
2010 1 1 9 14
2010 1 1 10 14
2010 1 1 11 14
2010 1 1 12 13
2010 1 1 13 14
2010 1 1 14 14
2010 1 1 15 13
2010 1 1 16 14
2010 1 1 17 13
2010 1 1 18 14
2010 1 1 19 14
2010 1 1 20 14
2010 1 1 21 14
2010 1 1 22 14
2010 1 1 23 14
2010 1 2 0 14
2010 1 2 1 14
2010 1 2 2 14
2010 1 2 3 14
2010 1 2 4 14
2010 1 2 5 14
2010 1 2 6 14
2010 1 2 7 14
2010 1 2 8 14
2010 1 2 9 14
2010 1 2 10 14
2010 1 2 11 13
2010 1 2 12 14
2010 1 2 13 14
2010 1 2 14 14
2010 1 2 15 14
2010 1 2 16 14
2010 1 2 17 14
2010 1 2 18 14
2010 1 2 19 14
2010 1 2 20 14
2010 1 2 21 14
2010 1 2 22 14
2010 1 2 23 14
2010 1 3 0 14
2010 1 3 1 14
2010 1 3 2 14
2010 1 3 3 14
2010 1 3 4 14
2010 1 3 5 14
2010 1 3 6 14
2010 1 3 7 14
2010 1 3 8 14
2010 1 3 9 14
2010 1 3 10 14
2010 1 3 11 14
2010 1 3 12 14
2010 1 3 13 14
2010 1 3 14 14
2010 1 3 15 14
2010 1 3 16 14
2010 1 3 17 14
2010 1 3 18 14
2010 1 3 19 14
2010 1 3 20 14
2010 1 3 21 14
2010 1 3 22 14
2010 1 3 23 14
2010 1 4 0 14
2010 1 4 1 14
2010 1 4 2 14
2010 1 4 3 14
2010 1 4 4 14
2010 1 4 5 14
2010 1 4 6 14
2010 1 4 7 14
2010 1 4 8 14
2010 1 4 9 14
2010 1 4 10 14
2010 1 4 11 14
2010 1 4 12 14
2010 1 4 13 14
2010 1 4 14 14
2010 1 4 15 14
2010 1 4 16 14
2010 1 4 17 14
2010 1 4 18 14
2010 1 4 19 14
2010 1 4 20 14
2010 1 4 21 14
2010 1 4 22 14
2010 1 4 23 14
2010 1 5 0 14
2010 1 5 1 9
2010 1 5 2 14
2010 1 5 3 14
2010 1 5 4 14
2010 1 5 5 14
2010 1 5 6 14
2010 1 5 7 14
2010 1 5 8 14
2010 1 5 9 14
2010 1 5 10 14
2010 1 5 11 14
2010 1 5 12 14
2010 1 5 13 14
2010 1 5 14 14
2010 1 5 15 14
2010 1 5 16 14
2010 1 5 17 14
2010 1 5 18 14
2010 1 5 19 14
2010 1 5 20 14
2010 1 5 21 14
2010 1 5 22 14
2010 1 5 23 14
2010 1 6 0 14
2010 1 6 1 14
2010 1 6 2 14
2010 1 6 3 14
2010 1 6 4 14
2010 1 6 5 14
2010 1 6 6 14
2010 1 6 7 14
2010 1 6 8 14
2010 1 6 9 14
2010 1 6 10 14
2010 1 6 11 14
2010 1 6 12 14
2010 1 6 13 14
2010 1 6 14 14
2010 1 6 15 14
2010 1 6 16 14
2010 1 6 17 14
2010 1 6 18 13
2010 1 6 19 14
2010 1 6 20 14
2010 1 6 21 14
2010 1 6 22 14
2010 1 6 23 13
2010 1 7 0 14
2010 1 7 1 13
2010 1 7 2 14
2010 1 7 3 14
2010 1 7 4 14
2010 1 7 5 14
2010 1 7 6 14
2010 1 7 7 14
2010 1 7 8 14
2010 1 7 9 14
2010 1 7 10 14
2010 1 7 11 14
2010 1 7 12 14
2010 1 7 13 14
2010 1 7 14 14
2010 1 7 15 14
2010 1 7 16 14
2010 1 7 17 14
2010 1 7 18 14
2010 1 7 19 14
2010 1 7 20 14
2010 1 7 21 14
2010 1 7 22 14
2010 1 7 23 14
2010 1 8 0 14
2010 1 8 1 14
2010 1 8 2 14
2010 1 8 3 14
2010 1 8 4 14
2010 1 8 5 14
2010 1 8 6 14
2010 1 8 7 14
2010 1 8 8 14
2010 1 8 9 14
2010 1 8 10 14
2010 1 8 11 14
2010 1 8 12 14
2010 1 8 13 14
2010 1 8 14 14
2010 1 8 15 14
2010 1 8 16 14
2010 1 8 17 14
2010 1 8 18 14
2010 1 8 19 14
2010 1 8 20 14
2010 1 8 21 14
2010 1 8 22 14
2010 1 8 23 14
2010 1 9 0 14
2010 1 9 1 14
2010 1 9 2 14
2010 1 9 3 14
2010 1 9 4 14
2010 1 9 5 14
2010 1 9 6 14
2010 1 9 7 13
2010 1 9 8 14
2010 1 9 9 14
2010 1 9 10 13
2010 1 9 11 13
2010 1 9 12 14
2010 1 9 13 14
2010 1 9 14 14
2010 1 9 15 14
2010 1 9 16 14
2010 1 9 17 14
2010 1 9 18 14
2010 1 9 19 14
2010 1 9 20 14
2010 1 9 21 14
2010 1 9 22 14
2010 1 9 23 14
2010 1 10 0 14
2010 1 10 1 14
2010 1 10 2 14
2010 1 10 3 14
2010 1 10 4 14
2010 1 10 5 14
2010 1 10 6 14
2010 1 10 7 14
2010 1 10 8 14
2010 1 10 9 14
2010 1 10 10 14
2010 1 10 11 14
2010 1 10 12 13
2010 1 10 13 14
2010 1 10 14 14
2010 1 10 15 14
2010 1 10 16 14
2010 1 10 17 14
2010 1 10 18 14
2010 1 10 19 14
2010 1 10 20 14
2010 1 10 21 14
2010 1 10 22 14
2010 1 10 23 14
2010 1 11 0 14
2010 1 11 1 14
2010 1 11 2 14
2010 1 11 3 14
2010 1 11 4 14
2010 1 11 5 14
2010 1 11 6 14
2010 1 11 7 14
2010 1 11 8 14
2010 1 11 9 14
2010 1 11 10 14
2010 1 11 11 14
2010 1 11 12 14
2010 1 11 13 14
2010 1 11 14 14
2010 1 11 15 14
2010 1 11 16 14
2010 1 11 17 14
2010 1 11 18 14
2010 1 11 19 14
2010 1 11 20 14
2010 1 11 21 14
2010 1 11 22 14
2010 1 11 23 14
2010 1 12 0 14
2010 1 12 1 14
2010 1 12 2 14
2010 1 12 3 14
2010 1 12 4 14
2010 1 12 5 14
2010 1 12 6 14
2010 1 12 7 13
2010 1 12 8 14
2010 1 12 9 14
2010 1 12 10 13
2010 1 12 11 14
2010 1 12 12 14
2010 1 12 13 14
2010 1 12 14 14
2010 1 12 15 14
2010 1 12 16 14
2010 1 12 17 14
2010 1 12 18 14
2010 1 12 19 14
2010 1 12 20 14
2010 1 12 21 14
2010 1 12 22 14
2010 1 12 23 13
2010 1 13 0 13
2010 1 13 1 11
2010 1 13 2 13
2010 1 13 3 10
2010 1 13 4 10
2010 1 13 5 10
2010 1 13 6 13
2010 1 13 7 14
2010 1 13 8 14
2010 1 13 9 14
2010 1 13 10 13
2010 1 13 11 13
2010 1 13 12 14
2010 1 13 13 14
2010 1 13 14 14
2010 1 13 15 14
2010 1 13 16 14
2010 1 13 17 14
2010 1 13 18 14
2010 1 13 19 14
2010 1 13 20 14
2010 1 13 21 14
2010 1 13 22 14
2010 1 13 23 14
2010 1 14 0 14
2010 1 14 1 14
2010 1 14 2 14
2010 1 14 3 14
2010 1 14 4 14
2010 1 14 5 14
2010 1 14 6 14
2010 1 14 7 14
2010 1 14 8 14
2010 1 14 9 14
2010 1 14 10 14
2010 1 14 11 14
2010 1 14 12 14
2010 1 14 13 14
2010 1 14 14 14
2010 1 14 15 14
2010 1 14 16 14
2010 1 14 17 14
2010 1 14 18 9
2010 1 14 19 14
2010 1 14 20 14
2010 1 14 21 14
2010 1 14 22 14
2010 1 14 23 14
2010 1 15 0 14
2010 1 15 1 14
2010 1 15 2 14
2010 1 15 3 14
2010 1 15 4 14
2010 1 15 5 14
2010 1 15 6 14
2010 1 15 7 14
2010 1 15 8 14
2010 1 15 9 14
2010 1 15 10 14
2010 1 15 11 14
2010 1 15 0 14
2010 1 15 1 14
2010 1 15 2 14
2010 1 15 3 14
2010 1 15 4 14
2010 1 15 5 14
2010 1 15 6 14
2010 1 15 7 14
2010 1 15 8 14
2010 1 15 9 14
2010 1 15 10 14
2010 1 15 11 14
2010 1 15 12 14
2010 1 15 13 14
2010 1 15 14 14
2010 1 15 15 14
2010 1 15 16 14
2010 1 15 17 14
2010 1 15 18 14
2010 1 15 19 14
2010 1 15 20 14
2010 1 15 21 14
2010 1 15 22 14
2010 1 15 23 14
2010 1 16 0 14
2010 1 16 1 14
2010 1 16 2 14
2010 1 16 3 14
2010 1 16 4 14
2010 1 16 5 14
2010 1 16 6 14
2010 1 16 7 14
2010 1 16 8 14
2010 1 16 9 14
2010 1 16 10 13
2010 1 16 11 14
2010 1 16 12 14
2010 1 16 13 14
2010 1 16 14 14
2010 1 16 15 14
2010 1 16 16 14
2010 1 16 17 14
2010 1 16 18 14
2010 1 16 19 14
2010 1 16 20 14
2010 1 16 21 14
2010 1 16 22 14
2010 1 16 23 14
2010 1 17 0 14
2010 1 17 1 14
2010 1 17 2 14
2010 1 17 3 14
2010 1 17 4 14
2010 1 17 5 14
2010 1 17 6 14
2010 1 17 7 14
2010 1 17 8 14
2010 1 17 9 14
2010 1 17 10 14
2010 1 17 11 14
2010 1 17 12 14
2010 1 17 13 14
2010 1 17 14 14
2010 1 17 15 14
2010 1 17 16 14
2010 1 17 17 14
2010 1 17 18 11
2010 1 17 19 14
2010 1 17 20 11
2010 1 17 21 12
2010 1 17 22 13
2010 1 17 23 10
2010 1 18 0 10
2010 1 18 1 11
2010 1 18 2 11
2010 1 18 3 11
2010 1 18 4 13
2010 1 18 5 13
2010 1 18 6 13
2010 1 18 7 11
2010 1 18 8 11
2010 1 18 9 11
2010 1 18 10 11
2010 1 18 11 11
2010 1 18 12 11
2010 1 18 13 11
2010 1 18 14 11
2010 1 18 15 11
2010 1 18 16 10
2010 1 18 17 9
2010 1 18 18 3
2010 1 18 19 3
2010 1 18 20 3
2010 1 18 21 3
2010 1 18 22 3
2010 1 18 23 3
2010 1 19 0 3
2010 1 19 1 3
2010 1 19 2 4
2010 1 19 3 9
2010 1 19 4 9
2010 1 19 5 10
2010 1 19 6 10
2010 1 19 7 11
2010 1 19 8 13
2010 1 19 9 10
2010 1 19 10 10
2010 1 19 11 4
2010 1 19 12 3
2010 1 19 13 3
2010 1 19 14 3
2010 1 19 15 3
2010 1 19 16 3
2010 1 19 17 3
2010 1 19 18 7
2010 1 19 19 4
2010 1 19 20 8
2010 1 19 21 8
2010 1 19 22 9
2010 1 19 23 6
2010 1 20 0 4
2010 1 20 1 6
2010 1 20 2 6
2010 1 20 3 9
2010 1 20 4 9
2010 1 20 5 11
2010 1 20 6 11
2010 1 20 7 11
2010 1 20 8 11
2010 1 20 9 11
2010 1 20 10 10
2010 1 20 11 10
2010 1 20 12 10
2010 1 20 13 10
2010 1 20 14 10
2010 1 20 15 10
2010 1 20 16 9
2010 1 20 17 9
2010 1 20 18 9
2010 1 20 19 10
2010 1 20 20 9
2010 1 20 21 10
2010 1 20 22 9
2010 1 20 23 9
2010 1 21 0 10
2010 1 21 1 10
2010 1 21 2 6
2010 1 21 3 9
2010 1 21 4 9
2010 1 21 5 10
2010 1 21 6 10
2010 1 21 7 10
2010 1 21 8 10
2010 1 21 9 10
2010 1 21 10 10
2010 1 21 11 11
2010 1 21 12 11
2010 1 21 13 11
2010 1 21 14 11
2010 1 21 15 11
2010 1 21 16 11
2010 1 21 17 11
2010 1 21 18 11
2010 1 21 19 9
2010 1 21 20 9
2010 1 21 21 9
2010 1 21 22 10
2010 1 21 23 11
2010 1 22 0 11
2010 1 22 1 14
2010 1 22 2 11
2010 1 22 3 14
2010 1 22 4 14
2010 1 22 5 14
2010 1 22 6 14
2010 1 22 7 14
2010 1 22 8 14
2010 1 22 9 14
2010 1 22 10 14
2010 1 22 11 13
2010 1 22 12 13
2010 1 22 13 14
2010 1 22 14 9
2010 1 22 15 14
2010 1 22 16 13
2010 1 22 17 13
2010 1 22 18 12
2010 1 22 19 14
2010 1 22 20 14
2010 1 22 21 14
2010 1 22 22 14
2010 1 22 23 14
2010 1 23 0 13
2010 1 23 1 13
2010 1 23 2 14
2010 1 23 3 14
2010 1 23 4 14
2010 1 23 5 14
2010 1 23 6 14
2010 1 23 7 13
2010 1 23 8 13
2010 1 23 9 14
2010 1 23 10 13
2010 1 23 11 12
2010 1 23 12 13
2010 1 23 13 13
2010 1 23 14 14
2010 1 23 15 14
2010 1 23 16 14
2010 1 23 17 14
2010 1 23 18 14
2010 1 23 19 14
2010 1 23 20 14
2010 1 23 21 14
2010 1 23 22 14
2010 1 23 23 13
2010 1 24 0 14
2010 1 24 1 14
2010 1 24 2 14
2010 1 24 3 14
2010 1 24 4 14
2010 1 24 5 14
2010 1 24 6 14
2010 1 24 7 14
2010 1 24 8 14
2010 1 24 9 14
2010 1 24 10 14
2010 1 24 11 14
2010 1 24 12 14
2010 1 24 13 13
2010 1 24 14 11
2010 1 24 15 11
2010 1 24 16 11
2010 1 24 17 11
2010 1 24 18 10
2010 1 24 19 10
2010 1 24 20 11
2010 1 24 21 11
2010 1 24 22 10
2010 1 24 23 4
2010 1 25 0 4
2010 1 25 1 3
2010 1 25 2 4
2010 1 25 3 4
2010 1 25 4 4
2010 1 25 5 4
2010 1 25 6 4
2010 1 25 7 4
2010 1 25 8 7
2010 1 25 9 7
2010 1 25 10 7
2010 1 25 11 7
2010 1 25 12 8
2010 1 25 13 8
2010 1 25 14 11
2010 1 25 15 11
2010 1 25 16 11
2010 1 25 17 11
2010 1 25 18 11
2010 1 25 19 8
2010 1 25 20 8
2010 1 25 21 8
2010 1 25 22 7
2010 1 25 23 8
2010 1 26 0 8
2010 1 26 1 8
2010 1 26 2 11
2010 1 26 3 11
2010 1 26 4 11
2010 1 26 5 11
2010 1 26 6 11
2010 1 26 7 10
2010 1 26 8 4
2010 1 26 9 4
2010 1 26 10 7
2010 1 26 11 9
2010 1 26 12 10
2010 1 26 13 10
2010 1 26 14 10
2010 1 26 15 10
2010 1 26 16 10
2010 1 26 17 10
2010 1 26 18 11
2010 1 26 19 6
2010 1 26 20 11
2010 1 26 21 14
2010 1 26 22 14
2010 1 26 23 14
2010 1 27 0 14
2010 1 27 1 14
2010 1 27 2 14
2010 1 27 3 14
2010 1 27 4 14
2010 1 27 5 14
2010 1 27 6 14
2010 1 27 7 14
2010 1 27 8 14
2010 1 27 9 14
2010 1 27 10 14
2010 1 27 11 14
2010 1 27 12 14
2010 1 27 13 14
2010 1 27 14 14
2010 1 27 15 14
2010 1 27 16 14
2010 1 27 17 14
2010 1 27 18 14
2010 1 27 19 9
2010 1 27 20 9
2010 1 27 21 14
2010 1 27 22 14
2010 1 27 23 14
2010 1 28 0 14
2010 1 28 1 14
2010 1 28 2 14
2010 1 28 3 14
2010 1 28 4 14
2010 1 28 5 14
2010 1 28 6 14
2010 1 28 7 14
2010 1 28 8 7
2010 1 28 9 7
2010 1 28 10 7
2010 1 28 11 7
2010 1 28 12 7
2010 1 28 13 7
2010 1 28 14 7
2010 1 28 15 7
2010 1 28 16 7
2010 1 28 17 3
2010 1 28 18 7
2010 1 28 19 7
2010 1 28 20 7
2010 1 28 21 7
2010 1 28 22 7
2010 1 28 23 7
2010 1 29 0 7
2010 1 29 1 7
2010 1 29 2 7
2010 1 29 3 7
2010 1 29 4 7
2010 1 29 5 7
2010 1 29 6 7
2010 1 29 7 7
2010 1 29 8 7
2010 1 29 9 7
2010 1 29 10 7
2010 1 29 11 7
2010 1 29 12 7
2010 1 29 13 7
2010 1 29 14 7
2010 1 29 15 7
2010 1 29 16 7
2010 1 29 17 7
2010 1 29 18 7
2010 1 29 19 7
2010 1 29 20 7
2010 1 29 21 7
2010 1 29 22 7
2010 1 29 23 7
2010 1 30 0 7
2010 1 30 1 7
2010 1 30 2 7
2010 1 30 3 7
2010 1 30 4 7
2010 1 30 5 7
2010 1 30 6 7
2010 1 30 7 7
2010 1 30 8 7
2010 1 30 9 7
2010 1 30 10 7
2010 1 30 11 7
2010 1 30 12 7
2010 1 30 13 7
2010 1 30 14 7
2010 1 30 15 7
2010 1 30 16 7
2010 1 30 17 7
2010 1 30 18 7
2010 1 30 19 7
2010 1 30 20 7
2010 1 30 21 7
2010 1 30 22 7
2010 1 30 23 7
2010 1 31 0 7
2010 1 31 1 7
2010 1 31 2 7
2010 1 31 3 7
2010 1 31 4 7
2010 1 31 5 7
2010 1 31 6 7
2010 1 31 7 7
2010 1 31 8 7
2010 1 31 9 7
2010 1 31 10 7
2010 1 31 11 7
2010 1 31 12 7
2010 1 31 13 7
2010 1 31 14 7
2010 1 31 15 7
2010 1 31 16 7
2010 1 31 17 7
2010 1 31 18 7
2010 1 31 19 7
2010 1 31 20 7
2010 1 31 21 7
2010 1 31 22 7
2010 1 31 23 7
2008 1 1 0 14
2008 1 1 1 14
2008 1 1 2 14
2008 1 1 3 14
2008 1 1 4 14
2008 1 1 5 14
2008 1 1 6 14
2008 1 1 7 14
2008 1 1 8 14
2008 1 1 9 14
2008 1 1 10 14
2008 1 1 11 14
2008 1 1 12 14
2008 1 1 13 14
2008 1 1 14 13
2008 1 1 15 14
2008 1 1 16 14
2008 1 1 17 14
2008 1 1 18 14
2008 1 1 19 14
2008 1 1 20 14
2008 1 1 21 14
2008 1 1 22 14
2008 1 1 23 14
2008 1 2 0 14
2008 1 2 1 14
2008 1 2 2 14
2008 1 2 3 14
2008 1 2 4 14
2008 1 2 5 14
2008 1 2 6 14
2008 1 2 7 14
2008 1 2 8 14
2008 1 2 9 14
2008 1 2 10 14
2008 1 2 11 9
2008 1 2 12 14
2008 1 2 13 13
2008 1 2 14 13
2008 1 2 15 14
2008 1 2 16 14
2008 1 2 17 14
2008 1 2 18 14
2008 1 2 19 14
2008 1 2 20 14
2008 1 2 21 14
2008 1 2 22 14
2008 1 2 23 14
2008 1 3 0 14
2008 1 3 1 14
2008 1 3 2 14
2008 1 3 3 14
2008 1 3 4 14
2008 1 3 5 14
2008 1 3 6 13
2008 1 3 7 13
2008 1 3 8 13
2008 1 3 9 13
2008 1 3 10 13
2008 1 3 11 13
2008 1 3 12 13
2008 1 3 13 13
2008 1 3 14 13
2008 1 3 15 6
2008 1 3 16 7
2008 1 3 17 6
2008 1 3 18 6
2008 1 3 19 9
2008 1 3 20 10
2008 1 3 21 13
2008 1 3 22 13
2008 1 3 23 12
2008 1 4 0 11
2008 1 4 1 10
2008 1 4 2 10
2008 1 4 3 9
2008 1 4 4 10
2008 1 4 5 10
2008 1 4 6 10
2008 1 4 7 10
2008 1 4 8 10
2008 1 4 9 10
2008 1 4 10 10
2008 1 4 11 10
2008 1 4 12 10
2008 1 4 13 10
2008 1 4 14 9
2008 1 4 15 9
2008 1 4 16 9
2008 1 4 17 9
2008 1 4 18 9
2008 1 4 19 9
2008 1 4 20 10
2008 1 4 21 9
2008 1 4 22 9
2008 1 4 23 9
2008 1 5 0 10
2008 1 5 1 11
2008 1 5 2 10
2008 1 5 3 9
2008 1 5 4 11
2008 1 5 5 11
2008 1 5 6 11
2008 1 5 7 14
2008 1 5 8 14
2008 1 5 9 14
2008 1 5 10 14
2008 1 5 11 14
2008 1 5 12 14
2008 1 5 13 14
2008 1 5 14 14
2008 1 5 15 14
2008 1 5 16 13
2008 1 5 17 14
2008 1 5 18 13
2008 1 5 19 14
2008 1 5 20 9
2008 1 5 21 14
2008 1 5 22 11
2008 1 5 23 11
2008 1 6 0 13
2008 1 6 1 13
2008 1 6 2 13
2008 1 6 3 14
2008 1 6 4 13
2008 1 6 5 14
2008 1 6 6 14
2008 1 6 7 13
2008 1 6 8 13
2008 1 6 9 14
2008 1 6 10 14
2008 1 6 11 14
2008 1 6 12 13
2008 1 6 13 14
2008 1 6 14 13
2008 1 6 15 14
2008 1 6 16 14
2008 1 6 17 12
2008 1 6 18 9
2008 1 6 19 14
2008 1 6 20 14
2008 1 6 21 13
2008 1 6 22 13
2008 1 6 23 13
2008 1 7 0 13
2008 1 7 1 14
2008 1 7 2 14
2008 1 7 3 13
2008 1 7 4 13
2008 1 7 5 13
2008 1 7 6 13
2008 1 7 7 13
2008 1 7 8 13
2008 1 7 9 14
2008 1 7 10 11
2008 1 7 11 13
2008 1 7 12 13
2008 1 7 13 13
2008 1 7 14 13
2008 1 7 15 13
2008 1 7 16 12
2008 1 7 17 9
2008 1 7 18 11
2008 1 7 19 13
2008 1 7 20 13
2008 1 7 21 14
2008 1 7 22 14
2008 1 7 23 14
2008 1 8 0 14
2008 1 8 1 14
2008 1 8 2 14
2008 1 8 3 14
2008 1 8 4 14
2008 1 8 5 13
2008 1 8 6 12
2008 1 8 7 7
2008 1 8 8 10
2008 1 8 9 13
2008 1 8 10 6
2008 1 8 11 5
2008 1 8 12 6
2008 1 8 13 6
2008 1 8 14 5
2008 1 8 15 6
2008 1 8 16 3
2008 1 8 17 6
2008 1 8 18 6
2008 1 8 19 5
2008 1 8 20 5
2008 1 8 21 6
2008 1 8 22 6
2008 1 8 23 6
2008 1 9 0 6
2008 1 9 1 7
2008 1 9 2 9
2008 1 9 3 13
2008 1 9 4 13
2008 1 9 5 13
2008 1 9 6 13
2008 1 9 7 13
2008 1 9 8 10
2008 1 9 9 10
2008 1 9 10 13
2008 1 9 11 13
2008 1 9 12 10
2008 1 9 13 10
2008 1 9 14 10
2008 1 9 15 10
2008 1 9 16 10
2008 1 9 17 10
2008 1 9 18 13
2008 1 9 19 12
2008 1 9 20 9
2008 1 9 21 11
2008 1 9 22 11
2008 1 9 23 13
2008 1 10 0 7
2008 1 10 1 7
2008 1 10 2 9
2008 1 10 3 9
2008 1 10 4 9
2008 1 10 5 10
2008 1 10 6 9
2008 1 10 7 10
2008 1 10 8 10
2008 1 10 9 10
2008 1 10 10 9
2008 1 10 11 10
2008 1 10 12 10
2008 1 10 13 10
2008 1 10 14 10
2008 1 10 15 10
2008 1 10 16 11
2008 1 10 17 14
2008 1 10 18 13
2008 1 10 19 14
2008 1 10 20 14
2008 1 10 21 13
2008 1 10 22 14
2008 1 10 23 14
2008 1 11 0 14
2008 1 11 1 11
2008 1 11 2 9
2008 1 11 3 11
2008 1 11 4 11
2008 1 11 5 11
2008 1 11 6 11
2008 1 11 7 11
2008 1 11 8 11
2008 1 11 9 11
2008 1 11 10 11
2008 1 11 11 11
2008 1 11 12 11
2008 1 11 13 11
2008 1 11 14 11
2008 1 11 15 11
2008 1 11 16 11
2008 1 11 17 11
2008 1 11 18 11
2008 1 11 19 11
2008 1 11 20 11
2008 1 11 21 10
2008 1 11 22 11
2008 1 11 23 11
2008 1 12 0 11
2008 1 12 1 11
2008 1 12 2 11
2008 1 12 3 11
2008 1 12 4 11
2008 1 12 5 11
2008 1 12 6 11
2008 1 12 7 11
2008 1 12 8 11
2008 1 12 9 11
2008 1 12 10 10
2008 1 12 11 11
2008 1 12 12 10
2008 1 12 13 10
2008 1 12 14 11
2008 1 12 15 11
2008 1 12 16 11
2008 1 12 17 11
2008 1 12 18 11
2008 1 12 19 11
2008 1 12 20 11
2008 1 12 21 11
2008 1 12 22 11
2008 1 12 23 11
2008 1 13 0 11
2008 1 13 1 11
2008 1 13 2 11
2008 1 13 3 11
2008 1 13 4 11
2008 1 13 5 11
2008 1 13 6 11
2008 1 13 7 11
2008 1 13 8 11
2008 1 13 9 11
2008 1 13 10 11
2008 1 13 11 11
2008 1 13 12 11
2008 1 13 13 11
2008 1 13 14 11
2008 1 13 15 11
2008 1 13 16 11
2008 1 13 17 10
2008 1 13 18 11
2008 1 13 19 11
2008 1 13 20 11
2008 1 13 21 11
2008 1 13 22 11
2008 1 13 23 11
2008 1 14 0 11
2008 1 14 1 11
2008 1 14 2 10
2008 1 14 3 11
2008 1 14 4 11
2008 1 14 5 11
2008 1 14 6 11
2008 1 14 7 11
2008 1 14 8 11
2008 1 14 9 11
2008 1 14 10 11
2008 1 14 11 11
2008 1 14 12 11
2008 1 14 13 11
2008 1 14 14 11
2008 1 14 15 11
2008 1 14 16 11
2008 1 14 17 11
2008 1 14 18 11
2008 1 14 19 11
2008 1 14 20 10
2008 1 14 21 10
2008 1 14 22 11
2008 1 14 23 11
2008 1 15 0 11
2008 1 15 1 11
2008 1 15 2 11
2008 1 15 3 11
2008 1 15 4 11
2008 1 15 5 11
2008 1 15 6 11
2008 1 15 7 11
2008 1 15 8 11
2008 1 15 9 11
2008 1 15 10 11
2008 1 15 11 11
2008 1 15 12 11
2008 1 15 13 11
2008 1 15 14 11
2008 1 15 15 10
2008 1 15 16 11
2008 1 15 17 11
2008 1 15 18 11
2008 1 15 19 9
2008 1 15 20 10
2008 1 15 21 10
2008 1 15 22 11
2008 1 15 23 11
2008 1 16 0 11
2008 1 16 1 11
2008 1 16 2 11
2008 1 16 3 10
2008 1 16 4 10
2008 1 16 5 10
2008 1 16 6 11
2008 1 16 7 11
2008 1 16 8 11
2008 1 16 9 11
2008 1 16 10 11
2008 1 16 11 11
2008 1 16 12 11
2008 1 16 13 11
2008 1 16 14 11
2008 1 16 15 11
2008 1 16 16 11
2008 1 16 17 10
2008 1 16 18 11
2008 1 16 19 11
2008 1 16 20 11
2008 1 16 21 11
2008 1 16 22 11
2008 1 16 23 11
2008 1 17 0 11
2008 1 17 1 11
2008 1 17 2 11
2008 1 17 3 11
2008 1 17 4 11
2008 1 17 5 11
2008 1 17 6 11
2008 1 17 7 11
2008 1 17 8 11
2008 1 17 9 11
2008 1 17 10 11
2008 1 17 11 11
2008 1 17 12 11
2008 1 17 13 11
2008 1 17 14 11
2008 1 17 15 11
2008 1 17 16 11
2008 1 17 17 11
2008 1 17 18 11
2008 1 17 19 11
2008 1 17 20 11
2008 1 17 21 11
2008 1 17 22 9
2008 1 17 23 14
2008 1 18 0 14
2008 1 18 1 11
2008 1 18 2 11
2008 1 18 3 11
2008 1 18 4 14
2008 1 18 5 14
2008 1 18 6 14
2008 1 18 7 14
2008 1 18 8 14
2008 1 18 9 14
2008 1 18 10 14
2008 1 18 11 14
2008 1 18 12 14
2008 1 18 13 14
2008 1 18 14 14
2008 1 18 15 14
2008 1 18 16 9
2008 1 18 17 13
2008 1 18 18 9
2008 1 18 19 14
2008 1 18 20 14
2008 1 18 21 14
2008 1 18 22 14
2008 1 18 23 14
2008 1 19 0 14
2008 1 19 1 14
2008 1 19 2 14
2008 1 19 3 14
2008 1 19 4 14
2008 1 19 5 14
2008 1 19 6 14
2008 1 19 7 14
2008 1 19 8 14
2008 1 19 9 14
2008 1 19 10 14
2008 1 19 11 14
2008 1 19 12 14
2008 1 19 13 14
2008 1 19 14 14
2008 1 19 15 14
2008 1 19 16 14
2008 1 19 17 14
2008 1 19 18 14
2008 1 19 19 14
2008 1 19 20 14
2008 1 19 21 14
2008 1 19 22 14
2008 1 19 23 14
2008 1 20 0 14
2008 1 20 1 14
2008 1 20 2 12
2008 1 20 3 10
2008 1 20 4 10
2008 1 20 5 11
2008 1 20 6 14
2008 1 20 7 14
2008 1 20 8 14
2008 1 20 9 14
2008 1 20 10 14
2008 1 20 11 14
2008 1 20 12 14
2008 1 20 13 14
2008 1 20 14 14
2008 1 20 15 14
2008 1 20 16 14
2008 1 20 17 14
2008 1 20 18 13
2008 1 20 19 14
2008 1 20 20 14
2008 1 20 21 14
2008 1 20 22 14
2008 1 20 23 14
2008 1 21 0 14
2008 1 21 1 14
2008 1 21 2 14
2008 1 21 3 14
2008 1 21 4 14
2008 1 21 5 14
2008 1 21 6 14
2008 1 21 7 14
2008 1 21 8 13
2008 1 21 9 14
2008 1 21 10 14
2008 1 21 11 14
2008 1 21 12 14
2008 1 21 13 14
2008 1 21 14 14
2008 1 21 15 13
2008 1 21 16 13
2008 1 21 17 14
2008 1 21 18 14
2008 1 21 19 14
2008 1 21 20 11
2008 1 21 21 14
2008 1 21 22 14
2008 1 21 23 14
2008 1 22 0 14
2008 1 22 1 14
2008 1 22 2 14
2008 1 22 3 14
2008 1 22 4 14
2008 1 22 5 14
2008 1 22 6 14
2008 1 22 7 14
2008 1 22 8 14
2008 1 22 9 14
2008 1 22 10 14
2008 1 22 11 14
2008 1 22 12 13
2008 1 22 13 14
2008 1 22 14 14
2008 1 22 15 14
2008 1 22 16 14
2008 1 22 17 14
2008 1 22 18 14
2008 1 22 19 14
2008 1 22 20 14
2008 1 22 21 13
2008 1 22 22 14
2008 1 22 23 14
2008 1 23 0 14
2008 1 23 1 14
2008 1 23 2 14
2008 1 23 3 14
2008 1 23 4 14
2008 1 23 5 14
2008 1 23 6 14
2008 1 23 7 14
2008 1 23 8 14
2008 1 23 9 14
2008 1 23 10 14
2008 1 23 11 14
2008 1 23 12 14
2008 1 23 13 14
2008 1 23 14 14
2008 1 23 15 14
2008 1 23 16 13
2008 1 23 17 14
2008 1 23 18 13
2008 1 23 19 14
2008 1 23 20 13
2008 1 23 21 14
2008 1 23 22 14
2008 1 23 23 14
2008 1 24 0 14
2008 1 24 1 14
2008 1 24 2 13
2008 1 24 3 14
2008 1 24 4 14
2008 1 24 5 14
2008 1 24 6 14
2008 1 24 7 14
2008 1 24 8 14
2008 1 24 9 14
2008 1 24 10 14
2008 1 24 11 14
2008 1 24 12 14
2008 1 24 13 14
2008 1 24 14 14
2008 1 24 15 14
2008 1 24 16 13
2008 1 24 17 13
2008 1 24 18 14
2008 1 24 19 14
2008 1 24 20 14
2008 1 24 21 13
2008 1 24 22 14
2008 1 24 23 14
2008 1 25 0 14
2008 1 25 1 9
2008 1 25 2 14
2008 1 25 3 14
2008 1 25 4 14
2008 1 25 5 14
2008 1 25 6 14
2008 1 25 7 13
2008 1 25 8 13
2008 1 25 9 14
2008 1 25 10 14
2008 1 25 11 10
2008 1 25 12 14
2008 1 25 13 14
2008 1 25 14 14
2008 1 25 15 14
2008 1 25 16 11
2008 1 25 17 11
2008 1 25 18 9
2008 1 25 19 9
2008 1 25 20 9
2008 1 25 21 9
2008 1 25 22 9
2008 1 25 23 9
2008 1 26 0 10
2008 1 26 1 9
2008 1 26 2 9
2008 1 26 3 3
2008 1 26 4 3
2008 1 26 5 3
2008 1 26 6 3
2008 1 26 7 3
2008 1 26 8 3
2008 1 26 9 3
2008 1 26 10 3
2008 1 26 11 3
2008 1 26 12 3
2008 1 26 13 3
2008 1 26 14 3
2008 1 26 15 3
2008 1 26 16 3
2008 1 26 17 3
2008 1 26 18 5
2008 1 26 19 5
2008 1 26 20 6
2008 1 26 21 9
2008 1 26 22 12
2008 1 26 23 10
2008 1 27 0 10
2008 1 27 1 14
2008 1 27 2 14
2008 1 27 3 14
2008 1 27 4 14
2008 1 27 5 14
2008 1 27 6 14
2008 1 27 7 14
2008 1 27 8 14
2008 1 27 9 14
2008 1 27 10 14
2008 1 27 11 13
2008 1 27 12 9
2008 1 27 13 11
2008 1 27 14 10
2008 1 27 15 9
2008 1 27 16 9
2008 1 27 17 9
2008 1 27 18 9
2008 1 27 19 9
2008 1 27 20 9
2008 1 27 21 9
2008 1 27 22 9
2008 1 27 23 9
2008 1 28 0 9
2008 1 28 1 12
2008 1 28 2 13
2008 1 28 3 14
2008 1 28 4 13
2008 1 28 5 13
2008 1 28 6 13
2008 1 28 7 14
2008 1 28 8 14
2008 1 28 9 14
2008 1 28 10 14
2008 1 28 11 14
2008 1 28 12 12
2008 1 28 13 14
2008 1 28 14 14
2008 1 28 15 14
2008 1 28 16 11
2008 1 28 17 9
2008 1 28 18 9
2008 1 28 19 9
2008 1 28 20 9
2008 1 28 21 10
2008 1 28 22 9
2008 1 28 23 9
2008 1 29 0 9
2008 1 29 1 10
2008 1 29 2 10
2008 1 29 3 14
2008 1 29 4 13
2008 1 29 5 10
2008 1 29 6 10
2008 1 29 7 14
2008 1 29 8 14
2008 1 29 9 14
2008 1 29 10 14
2008 1 29 11 14
2008 1 29 12 14
2008 1 29 13 14
2008 1 29 14 13
2008 1 29 15 14
2008 1 29 16 12
2008 1 29 17 9
2008 1 29 18 11
2008 1 29 19 11
2008 1 29 20 13
2008 1 29 21 13
2008 1 29 22 14
2008 1 29 23 14
2008 1 30 0 14
2008 1 30 1 14
2008 1 30 2 14
2008 1 30 3 14
2008 1 30 4 14
2008 1 30 5 14
2008 1 30 6 14
2008 1 30 7 14
2008 1 30 8 14
2008 1 30 9 14
2008 1 30 10 14
2008 1 30 11 14
2008 1 30 12 14
2008 1 30 13 14
2008 1 30 14 11
2008 1 30 15 13
2008 1 30 16 14
2008 1 30 17 12
2008 1 30 18 13
2008 1 30 19 9
2008 1 30 20 11
2008 1 30 21 11
2008 1 30 22 9
2008 1 30 23 9
2008 1 31 0 12
2008 1 31 1 14
2008 1 31 2 12
2008 1 31 3 12
2008 1 31 4 3
2008 1 31 5 3
2008 1 31 6 6
2008 1 31 7 4
2008 1 31 8 3
2008 1 31 9 3
2008 1 31 10 3
2008 1 31 11 3
2008 1 31 12 6
2008 1 31 13 6
2008 1 31 14 3
2008 1 31 15 6
2008 1 31 16 10
2008 1 31 17 12
2008 1 31 18 12
2008 1 31 19 12
2008 1 31 20 11
2008 1 31 21 12
2008 1 31 22 13
2008 1 31 23 13
