2010 1 1 0 11
2010 1 1 1 11
2010 1 1 2 11
2010 1 1 3 11
2010 1 1 4 11
2010 1 1 5 11
2010 1 1 6 11
2010 1 1 7 11
2010 1 1 8 11
2010 1 1 9 11
2010 1 1 10 11
2010 1 1 11 11
2010 1 1 0 11
2010 1 1 1 11
2010 1 1 2 11
2010 1 1 3 11
2010 1 1 4 11
2010 1 1 5 11
2010 1 1 6 11
2010 1 1 7 11
2010 1 1 8 11
2010 1 1 9 11
2010 1 1 10 11
2010 1 1 11 11
2010 1 1 12 11
2010 1 1 13 11
2010 1 1 14 11
2010 1 1 15 11
2010 1 1 16 11
2010 1 1 17 10
2010 1 1 18 11
2010 1 1 19 11
2010 1 1 20 11
2010 1 1 21 11
2010 1 1 22 11
2010 1 1 23 11
2010 1 2 0 11
2010 1 2 1 11
2010 1 2 2 11
2010 1 2 3 11
2010 1 2 4 11
2010 1 2 5 11
2010 1 2 6 11
2010 1 2 7 11
2010 1 2 8 11
2010 1 2 9 11
2010 1 2 10 11
2010 1 2 11 11
2010 1 2 12 11
2010 1 2 13 11
2010 1 2 14 11
2010 1 2 15 11
2010 1 2 16 11
2010 1 2 17 11
2010 1 2 18 11
2010 1 2 19 11
2010 1 2 20 11
2010 1 2 21 11
2010 1 2 22 11
2010 1 2 23 11
2010 1 3 0 11
2010 1 3 1 11
2010 1 3 2 11
2010 1 3 3 11
2010 1 3 4 11
2010 1 3 5 11
2010 1 3 6 11
2010 1 3 7 11
2010 1 3 8 11
2010 1 3 9 11
2010 1 3 10 11
2010 1 3 11 11
2010 1 3 12 11
2010 1 3 13 11
2010 1 3 14 11
2010 1 3 15 11
2010 1 3 16 11
2010 1 3 17 11
2010 1 3 18 11
2010 1 3 19 11
2010 1 3 20 11
2010 1 3 21 11
2010 1 3 22 11
2010 1 3 23 11
2010 1 4 0 11
2010 1 4 1 11
2010 1 4 2 11
2010 1 4 3 11
2010 1 4 4 11
2010 1 4 5 11
2010 1 4 6 11
2010 1 4 7 11
2010 1 4 8 11
2010 1 4 9 11
2010 1 4 10 11
2010 1 4 11 11
2010 1 4 12 11
2010 1 4 13 11
2010 1 4 14 11
2010 1 4 15 11
2010 1 4 16 10
2010 1 4 17 11
2010 1 4 18 11
2010 1 4 19 10
2010 1 4 20 11
2010 1 4 21 11
2010 1 4 22 11
2010 1 4 23 11
2010 1 5 0 11
2010 1 5 1 9
2010 1 5 2 11
2010 1 5 3 11
2010 1 5 4 11
2010 1 5 5 11
2010 1 5 6 11
2010 1 5 7 11
2010 1 5 8 11
2010 1 5 9 11
2010 1 5 10 11
2010 1 5 11 11
2010 1 5 12 11
2010 1 5 13 11
2010 1 5 14 11
2010 1 5 15 11
2010 1 5 16 11
2010 1 5 17 11
2010 1 5 18 11
2010 1 5 19 11
2010 1 5 20 10
2010 1 5 21 11
2010 1 5 22 11
2010 1 5 23 11
2010 1 6 0 11
2010 1 6 1 11
2010 1 6 2 11
2010 1 6 3 11
2010 1 6 4 11
2010 1 6 5 11
2010 1 6 6 11
2010 1 6 7 10
2010 1 6 8 11
2010 1 6 9 11
2010 1 6 10 11
2010 1 6 11 11
2010 1 6 12 11
2010 1 6 13 11
2010 1 6 14 11
2010 1 6 15 11
2010 1 6 16 10
2010 1 6 17 11
2010 1 6 18 11
2010 1 6 19 11
2010 1 6 20 11
2010 1 6 21 11
2010 1 6 22 11
2010 1 6 23 9
2010 1 7 0 11
2010 1 7 1 9
2010 1 7 2 11
2010 1 7 3 11
2010 1 7 4 11
2010 1 7 5 11
2010 1 7 6 11
2010 1 7 7 11
2010 1 7 8 11
2010 1 7 9 11
2010 1 7 10 11
2010 1 7 11 11
2010 1 7 12 11
2010 1 7 13 11
2010 1 7 14 11
2010 1 7 15 11
2010 1 7 16 11
2010 1 7 17 11
2010 1 7 18 11
2010 1 7 19 11
2010 1 7 20 10
2010 1 7 21 11
2010 1 7 22 11
2010 1 7 23 11
2010 1 8 0 11
2010 1 8 1 11
2010 1 8 2 11
2010 1 8 3 11
2010 1 8 4 11
2010 1 8 5 11
2010 1 8 6 11
2010 1 8 7 11
2010 1 8 8 11
2010 1 8 9 11
2010 1 8 10 11
2010 1 8 11 11
2010 1 8 12 11
2010 1 8 13 11
2010 1 8 14 11
2010 1 8 15 11
2010 1 8 16 11
2010 1 8 17 11
2010 1 8 18 11
2010 1 8 19 11
2010 1 8 20 11
2010 1 8 21 11
2010 1 8 22 11
2010 1 8 23 11
2010 1 9 0 11
2010 1 9 1 11
2010 1 9 2 11
2010 1 9 3 11
2010 1 9 4 11
2010 1 9 5 11
2010 1 9 6 11
2010 1 9 7 9
2010 1 9 8 11
2010 1 9 9 11
2010 1 9 10 11
2010 1 9 11 11
2010 1 9 12 11
2010 1 9 13 11
2010 1 9 14 11
2010 1 9 15 11
2010 1 9 16 11
2010 1 9 17 11
2010 1 9 18 11
2010 1 9 19 11
2010 1 9 20 11
2010 1 9 21 11
2010 1 9 22 11
2010 1 9 23 11
2010 1 10 0 11
2010 1 10 1 11
2010 1 10 2 11
2010 1 10 3 11
2010 1 10 4 11
2010 1 10 5 11
2010 1 10 6 11
2010 1 10 7 11
2010 1 10 8 11
2010 1 10 9 11
2010 1 10 10 11
2010 1 10 11 11
2010 1 10 12 9
2010 1 10 13 11
2010 1 10 14 11
2010 1 10 15 11
2010 1 10 16 11
2010 1 10 17 11
2010 1 10 18 11
2010 1 10 19 11
2010 1 10 20 11
2010 1 10 21 11
2010 1 10 22 11
2010 1 10 23 11
2010 1 11 0 11
2010 1 11 1 11
2010 1 11 2 11
2010 1 11 3 11
2010 1 11 4 11
2010 1 11 5 11
2010 1 11 6 11
2010 1 11 7 11
2010 1 11 8 11
2010 1 11 9 11
2010 1 11 10 11
2010 1 11 11 11
2010 1 11 12 11
2010 1 11 13 11
2010 1 11 14 11
2010 1 11 15 11
2010 1 11 16 11
2010 1 11 17 11
2010 1 11 18 11
2010 1 11 19 11
2010 1 11 20 11
2010 1 11 21 11
2010 1 11 22 11
2010 1 11 23 11
2010 1 12 0 11
2010 1 12 1 11
2010 1 12 2 11
2010 1 12 3 11
2010 1 12 4 11
2010 1 12 5 11
2010 1 12 6 11
2010 1 12 7 11
2010 1 12 8 11
2010 1 12 9 11
2010 1 12 10 11
2010 1 12 11 11
2010 1 12 12 11
2010 1 12 13 11
2010 1 12 14 11
2010 1 12 15 11
2010 1 12 16 11
2010 1 12 17 11
2010 1 12 18 11
2010 1 12 19 11
2010 1 12 20 11
2010 1 12 21 11
2010 1 12 22 11
2010 1 12 23 11
2010 1 13 0 11
2010 1 13 1 11
2010 1 13 2 11
2010 1 13 3 11
2010 1 13 4 11
2010 1 13 5 11
2010 1 13 6 11
2010 1 13 7 11
2010 1 13 8 11
2010 1 13 9 11
2010 1 13 10 11
2010 1 13 11 11
2010 1 13 0 11
2010 1 13 1 11
2010 1 13 2 11
2010 1 13 3 11
2010 1 13 4 11
2010 1 13 5 11
2010 1 13 6 11
2010 1 13 7 11
2010 1 13 8 11
2010 1 13 9 11
2010 1 13 10 11
2010 1 13 11 11
2010 1 13 12 11
2010 1 13 13 11
2010 1 13 14 11
2010 1 13 15 11
2010 1 13 16 11
2010 1 13 17 11
2010 1 13 18 11
2010 1 13 19 11
2010 1 13 20 11
2010 1 13 21 11
2010 1 13 22 11
2010 1 13 23 11
2010 1 14 0 11
2010 1 14 1 11
2010 1 14 2 11
2010 1 14 3 11
2010 1 14 4 11
2010 1 14 5 11
2010 1 14 6 11
2010 1 14 7 11
2010 1 14 8 11
2010 1 14 9 11
2010 1 14 10 11
2010 1 14 11 11
2010 1 14 12 11
2010 1 14 13 11
2010 1 14 14 11
2010 1 14 15 11
2010 1 14 16 11
2010 1 14 17 11
2010 1 14 18 9
2010 1 14 19 11
2010 1 14 20 11
2010 1 14 21 11
2010 1 14 22 11
2010 1 14 23 11
2010 1 15 0 11
2010 1 15 1 11
2010 1 15 2 11
2010 1 15 3 11
2010 1 15 4 11
2010 1 15 5 11
2010 1 15 6 11
2010 1 15 7 11
2010 1 15 8 11
2010 1 15 9 11
2010 1 15 10 11
2010 1 15 11 11
2010 1 15 0 11
2010 1 15 1 11
2010 1 15 2 11
2010 1 15 3 11
2010 1 15 4 11
2010 1 15 5 11
2010 1 15 6 11
2010 1 15 7 11
2010 1 15 8 11
2010 1 15 9 11
2010 1 15 10 11
2010 1 15 11 11
2010 1 15 12 11
2010 1 15 13 11
2010 1 15 14 11
2010 1 15 15 11
2010 1 15 16 11
2010 1 15 17 11
2010 1 15 18 11
2010 1 15 19 11
2010 1 15 20 11
2010 1 15 21 11
2010 1 15 22 11
2010 1 15 23 11
2010 1 16 0 11
2010 1 16 1 11
2010 1 16 2 11
2010 1 16 3 11
2010 1 16 4 11
2010 1 16 5 11
2010 1 16 6 11
2010 1 16 7 11
2010 1 16 8 11
2010 1 16 9 11
2010 1 16 10 11
2010 1 16 11 11
2010 1 16 12 11
2010 1 16 13 11
2010 1 16 14 11
2010 1 16 15 11
2010 1 16 16 11
2010 1 16 17 11
2010 1 16 18 11
2010 1 16 19 11
2010 1 16 20 11
2010 1 16 21 11
2010 1 16 22 11
2010 1 16 23 11
2010 1 17 0 11
2010 1 17 1 11
2010 1 17 2 11
2010 1 17 3 11
2010 1 17 4 11
2010 1 17 5 11
2010 1 17 6 11
2010 1 17 7 11
2010 1 17 8 11
2010 1 17 9 11
2010 1 17 10 11
2010 1 17 11 11
2010 1 17 12 11
2010 1 17 13 11
2010 1 17 14 11
2010 1 17 15 11
2010 1 17 16 11
2010 1 17 17 11
2010 1 17 18 11
2010 1 17 19 11
2010 1 17 20 11
2010 1 17 21 11
2010 1 17 22 11
2010 1 17 23 11
2010 1 18 0 11
2010 1 18 1 11
2010 1 18 2 11
2010 1 18 3 11
2010 1 18 4 11
2010 1 18 5 11
2010 1 18 6 11
2010 1 18 7 11
2010 1 18 8 11
2010 1 18 9 11
2010 1 18 10 11
2010 1 18 11 11
2010 1 18 12 11
2010 1 18 13 11
2010 1 18 14 11
2010 1 18 15 11
2010 1 18 16 11
2010 1 18 17 9
2010 1 18 18 9
2010 1 18 19 9
2010 1 18 20 9
2010 1 18 21 9
2010 1 18 22 9
2010 1 18 23 9
2010 1 19 0 9
2010 1 19 1 9
2010 1 19 2 9
2010 1 19 3 8
2010 1 19 4 8
2010 1 19 5 8
2010 1 19 6 9
2010 1 19 7 11
2010 1 19 8 9
2010 1 19 9 9
2010 1 19 10 11
2010 1 19 11 9
2010 1 19 12 9
2010 1 19 13 9
2010 1 19 14 6
2010 1 19 15 6
2010 1 19 16 6
2010 1 19 17 7
2010 1 19 18 7
2010 1 19 19 7
2010 1 19 20 5
2010 1 19 21 5
2010 1 19 22 11
2010 1 19 23 5
2010 1 20 0 4
2010 1 20 1 4
2010 1 20 2 4
2010 1 20 3 4
2010 1 20 4 4
2010 1 20 5 9
2010 1 20 6 9
2010 1 20 7 9
2010 1 20 8 10
2010 1 20 9 11
2010 1 20 10 11
2010 1 20 11 11
2010 1 20 12 11
2010 1 20 13 10
2010 1 20 14 11
2010 1 20 15 11
2010 1 20 16 8
2010 1 20 17 8
2010 1 20 18 9
2010 1 20 19 11
2010 1 20 20 10
2010 1 20 21 10
2010 1 20 22 9
2010 1 20 23 9
2010 1 21 0 11
2010 1 21 1 11
2010 1 21 2 9
2010 1 21 3 9
2010 1 21 4 9
2010 1 21 5 11
2010 1 21 6 11
2010 1 21 7 11
2010 1 21 8 9
2010 1 21 9 9
2010 1 21 10 9
2010 1 21 11 11
2010 1 21 12 11
2010 1 21 13 11
2010 1 21 14 11
2010 1 21 15 11
2010 1 21 16 11
2010 1 21 17 11
2010 1 21 18 11
2010 1 21 19 9
2010 1 21 20 9
2010 1 21 21 9
2010 1 21 22 9
2010 1 21 23 10
2010 1 22 0 11
2010 1 22 1 11
2010 1 22 2 11
2010 1 22 3 11
2010 1 22 4 11
2010 1 22 5 11
2010 1 22 6 11
2010 1 22 7 11
2010 1 22 8 11
2010 1 22 9 11
2010 1 22 10 11
2010 1 22 11 9
2010 1 22 12 10
2010 1 22 13 11
2010 1 22 14 9
2010 1 22 15 11
2010 1 22 16 11
2010 1 22 17 11
2010 1 22 18 11
2010 1 22 19 11
2010 1 22 20 11
2010 1 22 21 11
2010 1 22 22 8
2010 1 22 23 8
2010 1 23 0 8
2010 1 23 1 8
2010 1 23 2 8
2010 1 23 3 8
2010 1 23 4 8
2010 1 23 5 8
2010 1 23 6 8
2010 1 23 7 8
2010 1 23 8 8
2010 1 23 9 8
2010 1 23 10 6
2010 1 23 11 6
2010 1 23 12 8
2010 1 23 13 8
2010 1 23 14 8
2010 1 23 15 8
2010 1 23 16 8
2010 1 23 17 8
2010 1 23 18 8
2010 1 23 19 8
2010 1 23 20 8
2010 1 23 21 8
2010 1 23 22 8
2010 1 23 23 8
2010 1 24 0 8
2010 1 24 1 8
2010 1 24 2 8
2010 1 24 3 8
2010 1 24 4 8
2010 1 24 5 8
2010 1 24 6 8
2010 1 24 7 8
2010 1 24 8 8
2010 1 24 9 8
2010 1 24 10 8
2010 1 24 11 8
2010 1 24 12 8
2010 1 24 13 7
2010 1 24 14 8
2010 1 24 15 8
2010 1 24 16 8
2010 1 24 17 8
2010 1 24 18 6
2010 1 24 19 6
2010 1 24 20 8
2010 1 24 21 7
2010 1 24 22 7
2010 1 24 23 6
2010 1 25 0 6
2010 1 25 1 6
2010 1 25 2 6
2010 1 25 3 6
2010 1 25 4 6
2010 1 25 5 6
2010 1 25 6 6
2010 1 25 7 6
2010 1 25 8 6
2010 1 25 9 6
2010 1 25 10 6
2010 1 25 11 6
2010 1 25 12 8
2010 1 25 13 8
2010 1 25 14 8
2010 1 25 15 8
2010 1 25 16 8
2010 1 25 17 8
2010 1 25 18 8
2010 1 25 19 8
2010 1 25 20 8
2010 1 25 21 8
2010 1 25 22 8
2010 1 25 23 8
2010 1 26 0 8
2010 1 26 1 8
2010 1 26 2 8
2010 1 26 3 8
2010 1 26 4 8
2010 1 26 5 8
2010 1 26 6 8
2010 1 26 7 6
2010 1 26 8 6
2010 1 26 9 6
2010 1 26 10 6
2010 1 26 11 6
2010 1 26 12 6
2010 1 26 13 6
2010 1 26 14 6
2010 1 26 15 6
2010 1 26 16 6
2010 1 26 17 7
2010 1 26 18 8
2010 1 26 19 6
2010 1 26 20 8
2010 1 26 21 8
2010 1 26 22 8
2010 1 26 23 8
2010 1 27 0 8
2010 1 27 1 8
2010 1 27 2 8
2010 1 27 3 8
2010 1 27 4 8
2010 1 27 5 8
2010 1 27 6 8
2010 1 27 7 8
2010 1 27 8 8
2010 1 27 9 8
2010 1 27 10 8
2010 1 27 11 8
2010 1 27 12 8
2010 1 27 13 8
2010 1 27 14 8
2010 1 27 15 8
2010 1 27 16 8
2010 1 27 17 8
2010 1 27 18 8
2010 1 27 19 6
2010 1 27 20 6
2010 1 27 21 8
2010 1 27 22 8
2010 1 27 23 8
2010 1 28 0 8
2010 1 28 1 8
2010 1 28 2 8
2010 1 28 3 8
2010 1 28 4 8
2010 1 28 5 8
2010 1 28 6 8
2010 1 28 7 8
2010 1 28 8 6
2010 1 28 9 6
2010 1 28 10 6
2010 1 28 11 6
2010 1 28 12 6
2010 1 28 13 6
2010 1 28 14 6
2010 1 28 15 6
2010 1 28 16 6
2010 1 28 17 3
2010 1 28 18 6
2010 1 28 19 6
2010 1 28 20 6
2010 1 28 21 6
2010 1 28 22 6
2010 1 28 23 6
2010 1 29 0 6
2010 1 29 1 6
2010 1 29 2 6
2010 1 29 3 6
2010 1 29 4 6
2010 1 29 5 6
2010 1 29 6 6
2010 1 29 7 6
2010 1 29 8 6
2010 1 29 9 6
2010 1 29 10 6
2010 1 29 11 6
2010 1 29 12 6
2010 1 29 13 6
2010 1 29 14 6
2010 1 29 15 6
2010 1 29 16 6
2010 1 29 17 6
2010 1 29 18 6
2010 1 29 19 6
2010 1 29 20 6
2010 1 29 21 6
2010 1 29 22 6
2010 1 29 23 6
2010 1 30 0 6
2010 1 30 1 6
2010 1 30 2 6
2010 1 30 3 6
2010 1 30 4 6
2010 1 30 5 6
2010 1 30 6 6
2010 1 30 7 6
2010 1 30 8 6
2010 1 30 9 6
2010 1 30 10 6
2010 1 30 11 6
2010 1 30 12 6
2010 1 30 13 6
2010 1 30 14 6
2010 1 30 15 6
2010 1 30 16 6
2010 1 30 17 6
2010 1 30 18 6
2010 1 30 19 6
2010 1 30 20 6
2010 1 30 21 6
2010 1 30 22 6
2010 1 30 23 6
2010 1 31 0 6
2010 1 31 1 6
2010 1 31 2 6
2010 1 31 3 6
2010 1 31 4 6
2010 1 31 5 6
2010 1 31 6 6
2010 1 31 7 6
2010 1 31 8 6
2010 1 31 9 6
2010 1 31 10 6
2010 1 31 11 6
2010 1 31 12 6
2010 1 31 13 6
2010 1 31 14 6
2010 1 31 15 6
2010 1 31 16 6
2010 1 31 17 6
2010 1 31 18 6
2010 1 31 19 6
2010 1 31 20 6
2010 1 31 21 6
2010 1 31 22 6
2010 1 31 23 6
2008 1 1 0 11
2008 1 1 1 11
2008 1 1 2 11
2008 1 1 3 11
2008 1 1 4 11
2008 1 1 5 11
2008 1 1 6 11
2008 1 1 7 11
2008 1 1 8 11
2008 1 1 9 11
2008 1 1 10 11
2008 1 1 11 11
2008 1 1 12 11
2008 1 1 13 11
2008 1 1 14 11
2008 1 1 15 11
2008 1 1 16 11
2008 1 1 17 11
2008 1 1 18 11
2008 1 1 19 11
2008 1 1 20 11
2008 1 1 21 11
2008 1 1 22 11
2008 1 1 23 11
2008 1 2 0 11
2008 1 2 1 11
2008 1 2 2 11
2008 1 2 3 11
2008 1 2 4 11
2008 1 2 5 11
2008 1 2 6 11
2008 1 2 7 11
2008 1 2 8 11
2008 1 2 9 10
2008 1 2 10 11
2008 1 2 11 9
2008 1 2 12 11
2008 1 2 13 11
2008 1 2 14 11
2008 1 2 15 11
2008 1 2 16 11
2008 1 2 17 11
2008 1 2 18 11
2008 1 2 19 11
2008 1 2 20 11
2008 1 2 21 11
2008 1 2 22 11
2008 1 2 23 11
2008 1 3 0 11
2008 1 3 1 11
2008 1 3 2 11
2008 1 3 3 11
2008 1 3 4 11
2008 1 3 5 11
2008 1 3 6 11
2008 1 3 7 11
2008 1 3 8 11
2008 1 3 9 11
2008 1 3 10 11
2008 1 3 11 11
2008 1 3 12 11
2008 1 3 13 11
2008 1 3 14 10
2008 1 3 15 9
2008 1 3 16 9
2008 1 3 17 9
2008 1 3 18 9
2008 1 3 19 9
2008 1 3 20 9
2008 1 3 21 11
2008 1 3 22 11
2008 1 3 23 11
2008 1 4 0 11
2008 1 4 1 11
2008 1 4 2 10
2008 1 4 3 9
2008 1 4 4 11
2008 1 4 5 11
2008 1 4 6 11
2008 1 4 7 11
2008 1 4 8 11
2008 1 4 9 11
2008 1 4 10 11
2008 1 4 11 11
2008 1 4 12 11
2008 1 4 13 10
2008 1 4 14 9
2008 1 4 15 9
2008 1 4 16 9
2008 1 4 17 9
2008 1 4 18 9
2008 1 4 19 9
2008 1 4 20 9
2008 1 4 21 9
2008 1 4 22 9
2008 1 4 23 9
2008 1 5 0 11
2008 1 5 1 11
2008 1 5 2 9
2008 1 5 3 9
2008 1 5 4 11
2008 1 5 5 11
2008 1 5 6 11
2008 1 5 7 11
2008 1 5 8 11
2008 1 5 9 11
2008 1 5 10 8
2008 1 5 11 11
2008 1 5 12 11
2008 1 5 13 11
2008 1 5 14 11
2008 1 5 15 11
2008 1 5 16 9
2008 1 5 17 11
2008 1 5 18 10
2008 1 5 19 11
2008 1 5 20 9
2008 1 5 21 11
2008 1 5 22 11
2008 1 5 23 11
2008 1 6 0 11
2008 1 6 1 9
2008 1 6 2 9
2008 1 6 3 11
2008 1 6 4 10
2008 1 6 5 11
2008 1 6 6 11
2008 1 6 7 9
2008 1 6 8 9
2008 1 6 9 11
2008 1 6 10 11
2008 1 6 11 11
2008 1 6 12 9
2008 1 6 13 11
2008 1 6 14 10
2008 1 6 15 11
2008 1 6 16 11
2008 1 6 17 11
2008 1 6 18 9
2008 1 6 19 11
2008 1 6 20 11
2008 1 6 21 9
2008 1 6 22 9
2008 1 6 23 9
2008 1 7 0 9
2008 1 7 1 11
2008 1 7 2 11
2008 1 7 3 10
2008 1 7 4 9
2008 1 7 5 9
2008 1 7 6 9
2008 1 7 7 9
2008 1 7 8 9
2008 1 7 9 11
2008 1 7 10 9
2008 1 7 11 9
2008 1 7 12 9
2008 1 7 13 9
2008 1 7 14 9
2008 1 7 15 9
2008 1 7 16 9
2008 1 7 17 9
2008 1 7 18 9
2008 1 7 19 9
2008 1 7 20 10
2008 1 7 21 11
2008 1 7 22 11
2008 1 7 23 11
2008 1 8 0 11
2008 1 8 1 11
2008 1 8 2 11
2008 1 8 3 11
2008 1 8 4 11
2008 1 8 5 11
2008 1 8 6 9
2008 1 8 7 9
2008 1 8 8 9
2008 1 8 9 9
2008 1 8 10 3
2008 1 8 11 3
2008 1 8 12 6
2008 1 8 13 9
2008 1 8 14 9
2008 1 8 15 9
2008 1 8 16 9
2008 1 8 17 9
2008 1 8 18 9
2008 1 8 19 9
2008 1 8 20 9
2008 1 8 21 9
2008 1 8 22 9
2008 1 8 23 9
2008 1 9 0 9
2008 1 9 1 9
2008 1 9 2 9
2008 1 9 3 9
2008 1 9 4 9
2008 1 9 5 8
2008 1 9 6 4
2008 1 9 7 9
2008 1 9 8 10
2008 1 9 9 9
2008 1 9 10 9
2008 1 9 11 9
2008 1 9 12 9
2008 1 9 13 9
2008 1 9 14 9
2008 1 9 15 9
2008 1 9 16 9
2008 1 9 17 9
2008 1 9 18 9
2008 1 9 19 11
2008 1 9 20 9
2008 1 9 21 10
2008 1 9 22 10
2008 1 9 23 11
2008 1 10 0 9
2008 1 10 1 9
2008 1 10 2 9
2008 1 10 3 9
2008 1 10 4 9
2008 1 10 5 10
2008 1 10 6 9
2008 1 10 7 11
2008 1 10 8 11
2008 1 10 9 11
2008 1 10 10 9
2008 1 10 11 11
2008 1 10 12 11
2008 1 10 13 11
2008 1 10 14 11
2008 1 10 15 11
2008 1 10 16 11
2008 1 10 17 11
2008 1 10 18 11
2008 1 10 19 10
2008 1 10 20 11
2008 1 10 21 11
2008 1 10 22 11
2008 1 10 23 11
2008 1 11 0 11
2008 1 11 1 11
2008 1 11 2 9
2008 1 11 3 10
2008 1 11 4 10
2008 1 11 5 10
2008 1 11 6 10
2008 1 11 7 10
2008 1 11 8 10
2008 1 11 9 10
2008 1 11 10 10
2008 1 11 11 10
2008 1 11 12 11
2008 1 11 13 11
2008 1 11 14 11
2008 1 11 15 11
2008 1 11 16 11
2008 1 11 17 10
2008 1 11 18 10
2008 1 11 19 11
2008 1 11 20 11
2008 1 11 21 11
2008 1 11 22 11
2008 1 11 23 11
2008 1 12 0 11
2008 1 12 1 10
2008 1 12 2 9
2008 1 12 3 9
2008 1 12 4 9
2008 1 12 5 11
2008 1 12 6 11
2008 1 12 7 11
2008 1 12 8 11
2008 1 12 9 11
2008 1 12 10 11
2008 1 12 11 11
2008 1 12 12 11
2008 1 12 13 9
2008 1 12 14 10
2008 1 12 15 10
2008 1 12 16 11
2008 1 12 17 11
2008 1 12 18 11
2008 1 12 19 11
2008 1 12 20 11
2008 1 12 21 11
2008 1 12 22 11
2008 1 12 23 11
2008 1 13 0 11
2008 1 13 1 11
2008 1 13 2 11
2008 1 13 3 10
2008 1 13 4 11
2008 1 13 5 10
2008 1 13 6 11
2008 1 13 7 11
2008 1 13 8 11
2008 1 13 9 11
2008 1 13 10 11
2008 1 13 11 11
2008 1 13 12 11
2008 1 13 13 11
2008 1 13 14 11
2008 1 13 15 11
2008 1 13 16 11
2008 1 13 17 10
2008 1 13 18 11
2008 1 13 19 11
2008 1 13 20 11
2008 1 13 21 11
2008 1 13 22 11
2008 1 13 23 11
2008 1 14 0 11
2008 1 14 1 11
2008 1 14 2 11
2008 1 14 3 11
2008 1 14 4 11
2008 1 14 5 11
2008 1 14 6 11
2008 1 14 7 11
2008 1 14 8 11
2008 1 14 9 11
2008 1 14 10 11
2008 1 14 11 11
2008 1 14 12 11
2008 1 14 13 11
2008 1 14 14 11
2008 1 14 15 10
2008 1 14 16 11
2008 1 14 17 11
2008 1 14 18 11
2008 1 14 19 11
2008 1 14 20 9
2008 1 14 21 10
2008 1 14 22 11
2008 1 14 23 11
2008 1 15 0 11
2008 1 15 1 11
2008 1 15 2 9
2008 1 15 3 11
2008 1 15 4 11
2008 1 15 5 10
2008 1 15 6 11
2008 1 15 7 11
2008 1 15 8 11
2008 1 15 9 11
2008 1 15 10 11
2008 1 15 11 11
2008 1 15 12 11
2008 1 15 13 11
2008 1 15 14 11
2008 1 15 15 11
2008 1 15 16 11
2008 1 15 17 11
2008 1 15 18 11
2008 1 15 19 9
2008 1 15 20 11
2008 1 15 21 11
2008 1 15 22 11
2008 1 15 23 11
2008 1 16 0 11
2008 1 16 1 11
2008 1 16 2 11
2008 1 16 3 11
2008 1 16 4 11
2008 1 16 5 11
2008 1 16 6 11
2008 1 16 7 11
2008 1 16 8 11
2008 1 16 9 11
2008 1 16 10 11
2008 1 16 11 11
2008 1 16 12 11
2008 1 16 13 11
2008 1 16 14 11
2008 1 16 15 11
2008 1 16 16 10
2008 1 16 17 10
2008 1 16 18 11
2008 1 16 19 11
2008 1 16 20 11
2008 1 16 21 11
2008 1 16 22 11
2008 1 16 23 11
2008 1 17 0 11
2008 1 17 1 11
2008 1 17 2 11
2008 1 17 3 11
2008 1 17 4 11
2008 1 17 5 11
2008 1 17 6 11
2008 1 17 7 11
2008 1 17 8 11
2008 1 17 9 11
2008 1 17 10 11
2008 1 17 11 11
2008 1 17 12 11
2008 1 17 13 11
2008 1 17 14 11
2008 1 17 15 11
2008 1 17 16 11
2008 1 17 17 11
2008 1 17 18 11
2008 1 17 19 11
2008 1 17 20 11
2008 1 17 21 11
2008 1 17 22 9
2008 1 17 23 11
2008 1 18 0 11
2008 1 18 1 11
2008 1 18 2 11
2008 1 18 3 11
2008 1 18 4 11
2008 1 18 5 11
2008 1 18 6 11
2008 1 18 7 11
2008 1 18 8 11
2008 1 18 9 11
2008 1 18 10 11
2008 1 18 11 11
2008 1 18 12 11
2008 1 18 13 11
2008 1 18 14 10
2008 1 18 15 11
2008 1 18 16 9
2008 1 18 17 10
2008 1 18 18 9
2008 1 18 19 11
2008 1 18 20 11
2008 1 18 21 11
2008 1 18 22 11
2008 1 18 23 11
2008 1 19 0 11
2008 1 19 1 11
2008 1 19 2 11
2008 1 19 3 11
2008 1 19 4 11
2008 1 19 5 11
2008 1 19 6 11
2008 1 19 7 11
2008 1 19 8 11
2008 1 19 9 11
2008 1 19 10 11
2008 1 19 11 11
2008 1 19 12 11
2008 1 19 13 11
2008 1 19 14 11
2008 1 19 15 11
2008 1 19 16 11
2008 1 19 17 11
2008 1 19 18 11
2008 1 19 19 11
2008 1 19 20 11
2008 1 19 21 11
2008 1 19 22 11
2008 1 19 23 11
2008 1 20 0 11
2008 1 20 1 11
2008 1 20 2 10
2008 1 20 3 10
2008 1 20 4 9
2008 1 20 5 10
2008 1 20 6 11
2008 1 20 7 11
2008 1 20 8 11
2008 1 20 9 11
2008 1 20 10 11
2008 1 20 11 11
2008 1 20 12 11
2008 1 20 13 11
2008 1 20 14 11
2008 1 20 15 11
2008 1 20 16 11
2008 1 20 17 11
2008 1 20 18 11
2008 1 20 19 11
2008 1 20 20 11
2008 1 20 21 11
2008 1 20 22 11
2008 1 20 23 11
2008 1 21 0 11
2008 1 21 1 11
2008 1 21 2 11
2008 1 21 3 11
2008 1 21 4 9
2008 1 21 5 11
2008 1 21 6 11
2008 1 21 7 11
2008 1 21 8 11
2008 1 21 9 11
2008 1 21 10 11
2008 1 21 11 11
2008 1 21 12 11
2008 1 21 13 11
2008 1 21 14 11
2008 1 21 15 11
2008 1 21 16 11
2008 1 21 17 11
2008 1 21 18 11
2008 1 21 19 11
2008 1 21 20 11
2008 1 21 21 11
2008 1 21 22 11
2008 1 21 23 11
2008 1 22 0 11
2008 1 22 1 11
2008 1 22 2 9
2008 1 22 3 11
2008 1 22 4 11
2008 1 22 5 11
2008 1 22 6 11
2008 1 22 7 11
2008 1 22 8 11
2008 1 22 9 11
2008 1 22 10 11
2008 1 22 11 11
2008 1 22 12 11
2008 1 22 13 11
2008 1 22 14 11
2008 1 22 15 11
2008 1 22 16 11
2008 1 22 17 11
2008 1 22 18 11
2008 1 22 19 11
2008 1 22 20 11
2008 1 22 21 11
2008 1 22 22 11
2008 1 22 23 11
2008 1 23 0 11
2008 1 23 1 11
2008 1 23 2 11
2008 1 23 3 11
2008 1 23 4 11
2008 1 23 5 11
2008 1 23 6 11
2008 1 23 7 11
2008 1 23 8 11
2008 1 23 9 11
2008 1 23 10 11
2008 1 23 11 11
2008 1 23 12 11
2008 1 23 13 11
2008 1 23 14 11
2008 1 23 15 11
2008 1 23 16 10
2008 1 23 17 11
2008 1 23 18 10
2008 1 23 19 11
2008 1 23 20 11
2008 1 23 21 11
2008 1 23 22 11
2008 1 23 23 11
2008 1 24 0 11
2008 1 24 1 11
2008 1 24 2 11
2008 1 24 3 11
2008 1 24 4 11
2008 1 24 5 11
2008 1 24 6 11
2008 1 24 7 11
2008 1 24 8 11
2008 1 24 9 11
2008 1 24 10 11
2008 1 24 11 11
2008 1 24 12 11
2008 1 24 13 11
2008 1 24 14 11
2008 1 24 15 11
2008 1 24 16 11
2008 1 24 17 11
2008 1 24 18 11
2008 1 24 19 11
2008 1 24 20 11
2008 1 24 21 11
2008 1 24 22 11
2008 1 24 23 11
2008 1 25 0 11
2008 1 25 1 8
2008 1 25 2 11
2008 1 25 3 11
2008 1 25 4 11
2008 1 25 5 11
2008 1 25 6 11
2008 1 25 7 11
2008 1 25 8 11
2008 1 25 9 11
2008 1 25 10 11
2008 1 25 11 10
2008 1 25 12 11
2008 1 25 13 11
2008 1 25 14 11
2008 1 25 15 11
2008 1 25 16 11
2008 1 25 17 10
2008 1 25 18 9
2008 1 25 19 9
2008 1 25 20 9
2008 1 25 21 9
2008 1 25 22 9
2008 1 25 23 9
2008 1 26 0 10
2008 1 26 1 9
2008 1 26 2 9
2008 1 26 3 9
2008 1 26 4 9
2008 1 26 5 9
2008 1 26 6 9
2008 1 26 7 9
2008 1 26 8 9
2008 1 26 9 9
2008 1 26 10 9
2008 1 26 11 9
2008 1 26 12 9
2008 1 26 13 9
2008 1 26 14 9
2008 1 26 15 9
2008 1 26 16 9
2008 1 26 17 9
2008 1 26 18 9
2008 1 26 19 9
2008 1 26 20 9
2008 1 26 21 9
2008 1 26 22 9
2008 1 26 23 11
2008 1 27 0 9
2008 1 27 1 11
2008 1 27 2 11
2008 1 27 3 11
2008 1 27 4 11
2008 1 27 5 11
2008 1 27 6 11
2008 1 27 7 11
2008 1 27 8 11
2008 1 27 9 11
2008 1 27 10 11
2008 1 27 11 11
2008 1 27 12 9
2008 1 27 13 11
2008 1 27 14 11
2008 1 27 15 9
2008 1 27 16 9
2008 1 27 17 9
2008 1 27 18 9
2008 1 27 19 9
2008 1 27 20 9
2008 1 27 21 9
2008 1 27 22 9
2008 1 27 23 9
2008 1 28 0 9
2008 1 28 1 11
2008 1 28 2 10
2008 1 28 3 11
2008 1 28 4 11
2008 1 28 5 11
2008 1 28 6 11
2008 1 28 7 11
2008 1 28 8 11
2008 1 28 9 10
2008 1 28 10 11
2008 1 28 11 11
2008 1 28 12 11
2008 1 28 13 11
2008 1 28 14 11
2008 1 28 15 10
2008 1 28 16 11
2008 1 28 17 9
2008 1 28 18 9
2008 1 28 19 9
2008 1 28 20 9
2008 1 28 21 9
2008 1 28 22 9
2008 1 28 23 10
2008 1 29 0 9
2008 1 29 1 9
2008 1 29 2 11
2008 1 29 3 11
2008 1 29 4 11
2008 1 29 5 11
2008 1 29 6 9
2008 1 29 7 11
2008 1 29 8 11
2008 1 29 9 11
2008 1 29 10 11
2008 1 29 11 11
2008 1 29 12 11
2008 1 29 13 11
2008 1 29 14 9
2008 1 29 15 10
2008 1 29 16 9
2008 1 29 17 9
2008 1 29 18 9
2008 1 29 19 10
2008 1 29 20 11
2008 1 29 21 11
2008 1 29 22 11
2008 1 29 23 11
2008 1 30 0 11
2008 1 30 1 11
2008 1 30 2 11
2008 1 30 3 11
2008 1 30 4 10
2008 1 30 5 11
2008 1 30 6 11
2008 1 30 7 11
2008 1 30 8 11
2008 1 30 9 11
2008 1 30 10 11
2008 1 30 11 11
2008 1 30 12 11
2008 1 30 13 11
2008 1 30 14 9
2008 1 30 15 9
2008 1 30 16 10
2008 1 30 17 10
2008 1 30 18 11
2008 1 30 19 9
2008 1 30 20 9
2008 1 30 21 9
2008 1 30 22 9
2008 1 30 23 9
2008 1 31 0 10
2008 1 31 1 11
2008 1 31 2 10
2008 1 31 3 9
2008 1 31 4 9
2008 1 31 5 9
2008 1 31 6 9
2008 1 31 7 9
2008 1 31 8 9
2008 1 31 9 9
2008 1 31 10 9
2008 1 31 11 9
2008 1 31 12 9
2008 1 31 13 9
2008 1 31 14 9
2008 1 31 15 9
2008 1 31 16 9
2008 1 31 17 9
2008 1 31 18 9
2008 1 31 19 9
2008 1 31 20 9
2008 1 31 21 9
2008 1 31 22 11
2008 1 31 23 9
