2010 1 1 0 20
2010 1 1 1 20
2010 1 1 2 20
2010 1 1 3 20
2010 1 1 4 20
2010 1 1 5 20
2010 1 1 6 20
2010 1 1 7 20
2010 1 1 8 20
2010 1 1 9 20
2010 1 1 10 20
2010 1 1 11 20
2010 1 1 12 18
2010 1 1 13 20
2010 1 1 14 20
2010 1 1 15 19
2010 1 1 16 20
2010 1 1 17 19
2010 1 1 18 20
2010 1 1 19 20
2010 1 1 20 20
2010 1 1 21 20
2010 1 1 22 20
2010 1 1 23 20
2010 1 2 0 20
2010 1 2 1 20
2010 1 2 2 20
2010 1 2 3 20
2010 1 2 4 20
2010 1 2 5 20
2010 1 2 6 20
2010 1 2 7 20
2010 1 2 8 20
2010 1 2 9 20
2010 1 2 10 20
2010 1 2 11 18
2010 1 2 12 20
2010 1 2 13 20
2010 1 2 14 20
2010 1 2 15 20
2010 1 2 16 20
2010 1 2 17 20
2010 1 2 18 17
2010 1 2 19 17
2010 1 2 20 17
2010 1 2 21 17
2010 1 2 22 17
2010 1 2 23 17
2010 1 3 0 17
2010 1 3 1 17
2010 1 3 2 17
2010 1 3 3 17
2010 1 3 4 17
2010 1 3 5 17
2010 1 3 6 17
2010 1 3 7 17
2010 1 3 8 17
2010 1 3 9 17
2010 1 3 10 17
2010 1 3 11 17
2010 1 3 12 17
2010 1 3 13 17
2010 1 3 14 17
2010 1 3 15 17
2010 1 3 16 17
2010 1 3 17 17
2010 1 3 18 17
2010 1 3 19 17
2010 1 3 20 17
2010 1 3 21 17
2010 1 3 22 17
2010 1 3 23 17
2010 1 4 0 17
2010 1 4 1 17
2010 1 4 2 17
2010 1 4 3 17
2010 1 4 4 17
2010 1 4 5 17
2010 1 4 6 17
2010 1 4 7 17
2010 1 4 8 17
2010 1 4 9 17
2010 1 4 10 17
2010 1 4 11 17
2010 1 4 12 20
2010 1 4 13 20
2010 1 4 14 20
2010 1 4 15 20
2010 1 4 16 20
2010 1 4 17 20
2010 1 4 18 20
2010 1 4 19 20
2010 1 4 20 20
2010 1 4 21 20
2010 1 4 22 20
2010 1 4 23 20
2010 1 5 0 20
2010 1 5 1 15
2010 1 5 2 20
2010 1 5 3 20
2010 1 5 4 20
2010 1 5 5 20
2010 1 5 6 20
2010 1 5 7 20
2010 1 5 8 20
2010 1 5 9 20
2010 1 5 10 20
2010 1 5 11 20
2010 1 5 12 20
2010 1 5 13 20
2010 1 5 14 20
2010 1 5 15 20
2010 1 5 16 20
2010 1 5 17 20
2010 1 5 18 20
2010 1 5 19 20
2010 1 5 20 20
2010 1 5 21 20
2010 1 5 22 20
2010 1 5 23 20
2010 1 6 0 20
2010 1 6 1 20
2010 1 6 2 20
2010 1 6 3 20
2010 1 6 4 20
2010 1 6 5 20
2010 1 6 6 20
2010 1 6 7 20
2010 1 6 8 20
2010 1 6 9 20
2010 1 6 10 20
2010 1 6 11 20
2010 1 6 12 20
2010 1 6 13 20
2010 1 6 14 20
2010 1 6 15 20
2010 1 6 16 20
2010 1 6 17 20
2010 1 6 18 18
2010 1 6 19 20
2010 1 6 20 20
2010 1 6 21 17
2010 1 6 22 17
2010 1 6 23 16
2010 1 7 0 17
2010 1 7 1 19
2010 1 7 2 20
2010 1 7 3 20
2010 1 7 4 20
2010 1 7 5 20
2010 1 7 6 20
2010 1 7 7 20
2010 1 7 8 20
2010 1 7 9 20
2010 1 7 10 20
2010 1 7 11 20
2010 1 7 12 20
2010 1 7 13 20
2010 1 7 14 20
2010 1 7 15 20
2010 1 7 16 20
2010 1 7 17 20
2010 1 7 18 20
2010 1 7 19 20
2010 1 7 20 20
2010 1 7 21 20
2010 1 7 22 20
2010 1 7 23 20
2010 1 8 0 20
2010 1 8 1 20
2010 1 8 2 20
2010 1 8 3 20
2010 1 8 4 20
2010 1 8 5 20
2010 1 8 6 20
2010 1 8 7 20
2010 1 8 8 20
2010 1 8 9 20
2010 1 8 10 20
2010 1 8 11 20
2010 1 8 12 20
2010 1 8 13 20
2010 1 8 14 20
2010 1 8 15 20
2010 1 8 16 20
2010 1 8 17 20
2010 1 8 18 20
2010 1 8 19 20
2010 1 8 20 20
2010 1 8 21 20
2010 1 8 22 20
2010 1 8 23 20
2010 1 9 0 20
2010 1 9 1 20
2010 1 9 2 20
2010 1 9 3 20
2010 1 9 4 20
2010 1 9 5 20
2010 1 9 6 20
2010 1 9 7 19
2010 1 9 8 20
2010 1 9 9 20
2010 1 9 10 18
2010 1 9 11 18
2010 1 9 12 20
2010 1 9 13 20
2010 1 9 14 20
2010 1 9 15 20
2010 1 9 16 20
2010 1 9 17 20
2010 1 9 18 20
2010 1 9 19 20
2010 1 9 20 20
2010 1 9 21 20
2010 1 9 22 20
2010 1 9 23 20
2010 1 10 0 20
2010 1 10 1 20
2010 1 10 2 20
2010 1 10 3 20
2010 1 10 4 20
2010 1 10 5 20
2010 1 10 6 20
2010 1 10 7 20
2010 1 10 8 20
2010 1 10 9 20
2010 1 10 10 20
2010 1 10 11 20
2010 1 10 12 19
2010 1 10 13 20
2010 1 10 14 20
2010 1 10 15 20
2010 1 10 16 20
2010 1 10 17 20
2010 1 10 18 20
2010 1 10 19 20
2010 1 10 20 20
2010 1 10 21 20
2010 1 10 22 20
2010 1 10 23 20
2010 1 11 0 20
2010 1 11 1 20
2010 1 11 2 20
2010 1 11 3 20
2010 1 11 4 20
2010 1 11 5 20
2010 1 11 6 20
2010 1 11 7 20
2010 1 11 8 20
2010 1 11 9 20
2010 1 11 10 20
2010 1 11 11 20
2010 1 11 12 20
2010 1 11 13 20
2010 1 11 14 20
2010 1 11 15 20
2010 1 11 16 20
2010 1 11 17 20
2010 1 11 18 20
2010 1 11 19 20
2010 1 11 20 20
2010 1 11 21 19
2010 1 11 22 19
2010 1 11 23 20
2010 1 12 0 20
2010 1 12 1 20
2010 1 12 2 20
2010 1 12 3 19
2010 1 12 4 19
2010 1 12 5 20
2010 1 12 6 20
2010 1 12 7 19
2010 1 12 8 20
2010 1 12 9 20
2010 1 12 10 18
2010 1 12 11 20
2010 1 12 12 20
2010 1 12 13 20
2010 1 12 14 20
2010 1 12 15 20
2010 1 12 16 20
2010 1 12 17 20
2010 1 12 18 20
2010 1 12 19 20
2010 1 12 20 20
2010 1 12 21 20
2010 1 12 22 20
2010 1 12 23 18
2010 1 13 0 20
2010 1 13 1 18
2010 1 13 2 18
2010 1 13 3 16
2010 1 13 4 16
2010 1 13 5 16
2010 1 13 6 19
2010 1 13 7 20
2010 1 13 8 20
2010 1 13 9 20
2010 1 13 10 18
2010 1 13 11 18
2010 1 13 12 20
2010 1 13 13 20
2010 1 13 14 20
2010 1 13 15 20
2010 1 13 16 20
2010 1 13 17 20
2010 1 13 18 20
2010 1 13 19 20
2010 1 13 20 20
2010 1 13 21 20
2010 1 13 22 20
2010 1 13 23 20
2010 1 14 0 20
2010 1 14 1 20
2010 1 14 2 20
2010 1 14 3 20
2010 1 14 4 20
2010 1 14 5 20
2010 1 14 6 20
2010 1 14 7 20
2010 1 14 8 20
2010 1 14 9 20
2010 1 14 10 20
2010 1 14 11 20
2010 1 14 12 20
2010 1 14 13 20
2010 1 14 14 20
2010 1 14 15 20
2010 1 14 16 20
2010 1 14 17 20
2010 1 14 18 15
2010 1 14 19 20
2010 1 14 20 20
2010 1 14 21 20
2010 1 14 22 20
2010 1 14 23 20
2010 1 15 0 20
2010 1 15 1 20
2010 1 15 2 20
2010 1 15 3 20
2010 1 15 4 20
2010 1 15 5 20
2010 1 15 6 20
2010 1 15 7 20
2010 1 15 8 20
2010 1 15 9 20
2010 1 15 10 20
2010 1 15 11 20
2010 1 15 0 20
2010 1 15 1 20
2010 1 15 2 20
2010 1 15 3 20
2010 1 15 4 20
2010 1 15 5 20
2010 1 15 6 20
2010 1 15 7 20
2010 1 15 8 20
2010 1 15 9 20
2010 1 15 10 20
2010 1 15 11 20
2010 1 15 12 20
2010 1 15 13 20
2010 1 15 14 20
2010 1 15 15 20
2010 1 15 16 20
2010 1 15 17 20
2010 1 15 18 20
2010 1 15 19 20
2010 1 15 20 20
2010 1 15 21 20
2010 1 15 22 20
2010 1 15 23 20
2010 1 16 0 20
2010 1 16 1 20
2010 1 16 2 20
2010 1 16 3 20
2010 1 16 4 20
2010 1 16 5 20
2010 1 16 6 20
2010 1 16 7 20
2010 1 16 8 20
2010 1 16 9 20
2010 1 16 10 18
2010 1 16 11 20
2010 1 16 12 20
2010 1 16 13 20
2010 1 16 14 20
2010 1 16 15 20
2010 1 16 16 20
2010 1 16 17 20
2010 1 16 18 20
2010 1 16 19 20
2010 1 16 20 20
2010 1 16 21 20
2010 1 16 22 20
2010 1 16 23 20
2010 1 17 0 20
2010 1 17 1 20
2010 1 17 2 20
2010 1 17 3 20
2010 1 17 4 20
2010 1 17 5 20
2010 1 17 6 20
2010 1 17 7 20
2010 1 17 8 20
2010 1 17 9 20
2010 1 17 10 20
2010 1 17 11 20
2010 1 17 12 20
2010 1 17 13 20
2010 1 17 14 20
2010 1 17 15 20
2010 1 17 16 20
2010 1 17 17 20
2010 1 17 18 18
2010 1 17 19 20
2010 1 17 20 18
2010 1 17 21 18
2010 1 17 22 18
2010 1 17 23 16
2010 1 18 0 16
2010 1 18 1 17
2010 1 18 2 18
2010 1 18 3 18
2010 1 18 4 20
2010 1 18 5 19
2010 1 18 6 19
2010 1 18 7 18
2010 1 18 8 18
2010 1 18 9 18
2010 1 18 10 18
2010 1 18 11 18
2010 1 18 12 18
2010 1 18 13 18
2010 1 18 14 18
2010 1 18 15 18
2010 1 18 16 16
2010 1 18 17 15
2010 1 18 18 9
2010 1 18 19 9
2010 1 18 20 9
2010 1 18 21 9
2010 1 18 22 9
2010 1 18 23 9
2010 1 19 0 9
2010 1 19 1 9
2010 1 19 2 10
2010 1 19 3 14
2010 1 19 4 15
2010 1 19 5 17
2010 1 19 6 17
2010 1 19 7 18
2010 1 19 8 18
2010 1 19 9 16
2010 1 19 10 16
2010 1 19 11 10
2010 1 19 12 9
2010 1 19 13 9
2010 1 19 14 9
2010 1 19 15 9
2010 1 19 16 9
2010 1 19 17 9
2010 1 19 18 14
2010 1 19 19 10
2010 1 19 20 15
2010 1 19 21 15
2010 1 19 22 15
2010 1 19 23 8
2010 1 20 0 10
2010 1 20 1 12
2010 1 20 2 12
2010 1 20 3 15
2010 1 20 4 15
2010 1 20 5 18
2010 1 20 6 18
2010 1 20 7 18
2010 1 20 8 18
2010 1 20 9 18
2010 1 20 10 16
2010 1 20 11 16
2010 1 20 12 16
2010 1 20 13 16
2010 1 20 14 16
2010 1 20 15 16
2010 1 20 16 15
2010 1 20 17 15
2010 1 20 18 15
2010 1 20 19 16
2010 1 20 20 15
2010 1 20 21 16
2010 1 20 22 15
2010 1 20 23 15
2010 1 21 0 16
2010 1 21 1 16
2010 1 21 2 12
2010 1 21 3 14
2010 1 21 4 15
2010 1 21 5 16
2010 1 21 6 16
2010 1 21 7 16
2010 1 21 8 16
2010 1 21 9 17
2010 1 21 10 17
2010 1 21 11 18
2010 1 21 12 18
2010 1 21 13 18
2010 1 21 14 18
2010 1 21 15 18
2010 1 21 16 18
2010 1 21 17 18
2010 1 21 18 18
2010 1 21 19 15
2010 1 21 20 15
2010 1 21 21 15
2010 1 21 22 17
2010 1 21 23 18
2010 1 22 0 18
2010 1 22 1 20
2010 1 22 2 18
2010 1 22 3 20
2010 1 22 4 20
2010 1 22 5 20
2010 1 22 6 20
2010 1 22 7 20
2010 1 22 8 20
2010 1 22 9 20
2010 1 22 10 20
2010 1 22 11 19
2010 1 22 12 19
2010 1 22 13 20
2010 1 22 14 15
2010 1 22 15 20
2010 1 22 16 18
2010 1 22 17 19
2010 1 22 18 18
2010 1 22 19 20
2010 1 22 20 20
2010 1 22 21 20
2010 1 22 22 20
2010 1 22 23 20
2010 1 23 0 18
2010 1 23 1 18
2010 1 23 2 20
2010 1 23 3 20
2010 1 23 4 20
2010 1 23 5 20
2010 1 23 6 20
2010 1 23 7 18
2010 1 23 8 18
2010 1 23 9 20
2010 1 23 10 19
2010 1 23 11 17
2010 1 23 12 18
2010 1 23 13 18
2010 1 23 14 20
2010 1 23 15 20
2010 1 23 16 20
2010 1 23 17 20
2010 1 23 18 20
2010 1 23 19 20
2010 1 23 20 20
2010 1 23 21 20
2010 1 23 22 20
2010 1 23 23 19
2010 1 24 0 20
2010 1 24 1 20
2010 1 24 2 20
2010 1 24 3 20
2010 1 24 4 20
2010 1 24 5 20
2010 1 24 6 20
2010 1 24 7 20
2010 1 24 8 20
2010 1 24 9 20
2010 1 24 10 20
2010 1 24 11 20
2010 1 24 12 20
2010 1 24 13 19
2010 1 24 14 18
2010 1 24 15 18
2010 1 24 16 18
2010 1 24 17 18
2010 1 24 18 17
2010 1 24 19 17
2010 1 24 20 15
2010 1 24 21 18
2010 1 24 22 17
2010 1 24 23 11
2010 1 25 0 11
2010 1 25 1 10
2010 1 25 2 11
2010 1 25 3 11
2010 1 25 4 11
2010 1 25 5 11
2010 1 25 6 11
2010 1 25 7 11
2010 1 25 8 14
2010 1 25 9 14
2010 1 25 10 14
2010 1 25 11 14
2010 1 25 12 15
2010 1 25 13 15
2010 1 25 14 17
2010 1 25 15 17
2010 1 25 16 17
2010 1 25 17 17
2010 1 25 18 17
2010 1 25 19 15
2010 1 25 20 14
2010 1 25 21 15
2010 1 25 22 14
2010 1 25 23 15
2010 1 26 0 15
2010 1 26 1 15
2010 1 26 2 17
2010 1 26 3 17
2010 1 26 4 17
2010 1 26 5 17
2010 1 26 6 17
2010 1 26 7 16
2010 1 26 8 11
2010 1 26 9 11
2010 1 26 10 13
2010 1 26 11 15
2010 1 26 12 16
2010 1 26 13 16
2010 1 26 14 16
2010 1 26 15 16
2010 1 26 16 16
2010 1 26 17 16
2010 1 26 18 17
2010 1 26 19 12
2010 1 26 20 17
2010 1 26 21 20
2010 1 26 22 20
2010 1 26 23 20
2010 1 27 0 20
2010 1 27 1 20
2010 1 27 2 20
2010 1 27 3 20
2010 1 27 4 20
2010 1 27 5 20
2010 1 27 6 20
2010 1 27 7 20
2010 1 27 8 20
2010 1 27 9 20
2010 1 27 10 20
2010 1 27 11 20
2010 1 27 12 20
2010 1 27 13 20
2010 1 27 14 20
2010 1 27 15 20
2010 1 27 16 20
2010 1 27 17 20
2010 1 27 18 20
2010 1 27 19 15
2010 1 27 20 15
2010 1 27 21 20
2010 1 27 22 20
2010 1 27 23 20
2010 1 28 0 20
2010 1 28 1 20
2010 1 28 2 20
2010 1 28 3 20
2010 1 28 4 20
2010 1 28 5 20
2010 1 28 6 20
2010 1 28 7 20
2010 1 28 8 13
2010 1 28 9 13
2010 1 28 10 13
2010 1 28 11 13
2010 1 28 12 13
2010 1 28 13 13
2010 1 28 14 13
2010 1 28 15 13
2010 1 28 16 13
2010 1 28 17 9
2010 1 28 18 13
2010 1 28 19 13
2010 1 28 20 13
2010 1 28 21 13
2010 1 28 22 13
2010 1 28 23 13
2010 1 29 0 13
2010 1 29 1 13
2010 1 29 2 13
2010 1 29 3 13
2010 1 29 4 13
2010 1 29 5 13
2010 1 29 6 13
2010 1 29 7 13
2010 1 29 8 13
2010 1 29 9 13
2010 1 29 10 13
2010 1 29 11 13
2010 1 29 12 13
2010 1 29 13 13
2010 1 29 14 13
2010 1 29 15 13
2010 1 29 16 13
2010 1 29 17 13
2010 1 29 18 13
2010 1 29 19 13
2010 1 29 20 13
2010 1 29 21 13
2010 1 29 22 13
2010 1 29 23 13
2010 1 30 0 13
2010 1 30 1 13
2010 1 30 2 13
2010 1 30 3 13
2010 1 30 4 13
2010 1 30 5 13
2010 1 30 6 13
2010 1 30 7 13
2010 1 30 8 13
2010 1 30 9 13
2010 1 30 10 13
2010 1 30 11 13
2010 1 30 12 13
2010 1 30 13 13
2010 1 30 14 13
2010 1 30 15 13
2010 1 30 16 13
2010 1 30 17 13
2010 1 30 18 13
2010 1 30 19 13
2010 1 30 20 13
2010 1 30 21 13
2010 1 30 22 13
2010 1 30 23 13
2010 1 31 0 13
2010 1 31 1 13
2010 1 31 2 13
2010 1 31 3 13
2010 1 31 4 13
2010 1 31 5 13
2010 1 31 6 13
2010 1 31 7 13
2010 1 31 8 13
2010 1 31 9 13
2010 1 31 10 13
2010 1 31 11 13
2010 1 31 12 13
2010 1 31 13 13
2010 1 31 14 13
2010 1 31 15 13
2010 1 31 16 13
2010 1 31 17 13
2010 1 31 18 13
2010 1 31 19 13
2010 1 31 20 13
2010 1 31 21 13
2010 1 31 22 13
2010 1 31 23 13
2008 1 1 0 17
2008 1 1 1 17
2008 1 1 2 17
2008 1 1 3 17
2008 1 1 4 17
2008 1 1 5 17
2008 1 1 6 17
2008 1 1 7 17
2008 1 1 8 17
2008 1 1 9 17
2008 1 1 10 17
2008 1 1 11 17
2008 1 1 12 17
2008 1 1 13 17
2008 1 1 14 16
2008 1 1 15 17
2008 1 1 16 17
2008 1 1 17 17
2008 1 1 18 17
2008 1 1 19 17
2008 1 1 20 17
2008 1 1 21 17
2008 1 1 22 17
2008 1 1 23 17
2008 1 2 0 17
2008 1 2 1 17
2008 1 2 2 17
2008 1 2 3 17
2008 1 2 4 17
2008 1 2 5 17
2008 1 2 6 17
2008 1 2 7 17
2008 1 2 8 17
2008 1 2 9 17
2008 1 2 10 17
2008 1 2 11 12
2008 1 2 12 17
2008 1 2 13 16
2008 1 2 14 16
2008 1 2 15 17
2008 1 2 16 17
2008 1 2 17 17
2008 1 2 18 17
2008 1 2 19 17
2008 1 2 20 17
2008 1 2 21 17
2008 1 2 22 17
2008 1 2 23 17
2008 1 3 0 17
2008 1 3 1 17
2008 1 3 2 17
2008 1 3 3 17
2008 1 3 4 16
2008 1 3 5 17
2008 1 3 6 15
2008 1 3 7 15
2008 1 3 8 15
2008 1 3 9 15
2008 1 3 10 15
2008 1 3 11 15
2008 1 3 12 15
2008 1 3 13 15
2008 1 3 14 15
2008 1 3 15 8
2008 1 3 16 9
2008 1 3 17 8
2008 1 3 18 9
2008 1 3 19 12
2008 1 3 20 13
2008 1 3 21 15
2008 1 3 22 15
2008 1 3 23 14
2008 1 4 0 14
2008 1 4 1 13
2008 1 4 2 13
2008 1 4 3 12
2008 1 4 4 13
2008 1 4 5 13
2008 1 4 6 13
2008 1 4 7 13
2008 1 4 8 13
2008 1 4 9 13
2008 1 4 10 13
2008 1 4 11 13
2008 1 4 12 13
2008 1 4 13 13
2008 1 4 14 12
2008 1 4 15 12
2008 1 4 16 12
2008 1 4 17 12
2008 1 4 18 12
2008 1 4 19 12
2008 1 4 20 12
2008 1 4 21 12
2008 1 4 22 12
2008 1 4 23 12
2008 1 5 0 13
2008 1 5 1 14
2008 1 5 2 14
2008 1 5 3 13
2008 1 5 4 15
2008 1 5 5 15
2008 1 5 6 15
2008 1 5 7 17
2008 1 5 8 17
2008 1 5 9 17
2008 1 5 10 17
2008 1 5 11 17
2008 1 5 12 17
2008 1 5 13 17
2008 1 5 14 17
2008 1 5 15 17
2008 1 5 16 16
2008 1 5 17 17
2008 1 5 18 16
2008 1 5 19 17
2008 1 5 20 13
2008 1 5 21 17
2008 1 5 22 15
2008 1 5 23 15
2008 1 6 0 15
2008 1 6 1 16
2008 1 6 2 16
2008 1 6 3 17
2008 1 6 4 16
2008 1 6 5 17
2008 1 6 6 17
2008 1 6 7 16
2008 1 6 8 16
2008 1 6 9 17
2008 1 6 10 17
2008 1 6 11 17
2008 1 6 12 16
2008 1 6 13 17
2008 1 6 14 16
2008 1 6 15 17
2008 1 6 16 17
2008 1 6 17 15
2008 1 6 18 12
2008 1 6 19 17
2008 1 6 20 17
2008 1 6 21 16
2008 1 6 22 16
2008 1 6 23 16
2008 1 7 0 16
2008 1 7 1 17
2008 1 7 2 17
2008 1 7 3 16
2008 1 7 4 16
2008 1 7 5 16
2008 1 7 6 16
2008 1 7 7 16
2008 1 7 8 16
2008 1 7 9 17
2008 1 7 10 14
2008 1 7 11 16
2008 1 7 12 16
2008 1 7 13 16
2008 1 7 14 16
2008 1 7 15 16
2008 1 7 16 14
2008 1 7 17 12
2008 1 7 18 15
2008 1 7 19 16
2008 1 7 20 16
2008 1 7 21 17
2008 1 7 22 17
2008 1 7 23 17
2008 1 8 0 17
2008 1 8 1 17
2008 1 8 2 17
2008 1 8 3 17
2008 1 8 4 17
2008 1 8 5 16
2008 1 8 6 15
2008 1 8 7 10
2008 1 8 8 13
2008 1 8 9 16
2008 1 8 10 8
2008 1 8 11 8
2008 1 8 12 8
2008 1 8 13 8
2008 1 8 14 8
2008 1 8 15 9
2008 1 8 16 6
2008 1 8 17 8
2008 1 8 18 8
2008 1 8 19 8
2008 1 8 20 8
2008 1 8 21 8
2008 1 8 22 8
2008 1 8 23 9
2008 1 9 0 8
2008 1 9 1 10
2008 1 9 2 11
2008 1 9 3 16
2008 1 9 4 16
2008 1 9 5 16
2008 1 9 6 16
2008 1 9 7 16
2008 1 9 8 14
2008 1 9 9 14
2008 1 9 10 16
2008 1 9 11 16
2008 1 9 12 14
2008 1 9 13 14
2008 1 9 14 14
2008 1 9 15 14
2008 1 9 16 14
2008 1 9 17 14
2008 1 9 18 16
2008 1 9 19 15
2008 1 9 20 12
2008 1 9 21 14
2008 1 9 22 15
2008 1 9 23 15
2008 1 10 0 9
2008 1 10 1 9
2008 1 10 2 11
2008 1 10 3 12
2008 1 10 4 12
2008 1 10 5 13
2008 1 10 6 12
2008 1 10 7 13
2008 1 10 8 13
2008 1 10 9 13
2008 1 10 10 12
2008 1 10 11 13
2008 1 10 12 13
2008 1 10 13 13
2008 1 10 14 13
2008 1 10 15 13
2008 1 10 16 15
2008 1 10 17 17
2008 1 10 18 16
2008 1 10 19 17
2008 1 10 20 17
2008 1 10 21 16
2008 1 10 22 17
2008 1 10 23 17
2008 1 11 0 17
2008 1 11 1 15
2008 1 11 2 12
2008 1 11 3 15
2008 1 11 4 15
2008 1 11 5 15
2008 1 11 6 15
2008 1 11 7 15
2008 1 11 8 15
2008 1 11 9 15
2008 1 11 10 15
2008 1 11 11 15
2008 1 11 12 15
2008 1 11 13 15
2008 1 11 14 15
2008 1 11 15 15
2008 1 11 16 15
2008 1 11 17 15
2008 1 11 18 15
2008 1 11 19 15
2008 1 11 20 15
2008 1 11 21 13
2008 1 11 22 15
2008 1 11 23 15
2008 1 12 0 15
2008 1 12 1 15
2008 1 12 2 15
2008 1 12 3 15
2008 1 12 4 15
2008 1 12 5 15
2008 1 12 6 15
2008 1 12 7 15
2008 1 12 8 15
2008 1 12 9 15
2008 1 12 10 13
2008 1 12 11 15
2008 1 12 12 13
2008 1 12 13 13
2008 1 12 14 15
2008 1 12 15 15
2008 1 12 16 15
2008 1 12 17 15
2008 1 12 18 15
2008 1 12 19 15
2008 1 12 20 15
2008 1 12 21 15
2008 1 12 22 15
2008 1 12 23 15
2008 1 13 0 15
2008 1 13 1 15
2008 1 13 2 15
2008 1 13 3 15
2008 1 13 4 15
2008 1 13 5 15
2008 1 13 6 15
2008 1 13 7 15
2008 1 13 8 15
2008 1 13 9 15
2008 1 13 10 15
2008 1 13 11 15
2008 1 13 12 15
2008 1 13 13 15
2008 1 13 14 15
2008 1 13 15 15
2008 1 13 16 15
2008 1 13 17 14
2008 1 13 18 15
2008 1 13 19 15
2008 1 13 20 15
2008 1 13 21 15
2008 1 13 22 15
2008 1 13 23 15
2008 1 14 0 15
2008 1 14 1 15
2008 1 14 2 13
2008 1 14 3 15
2008 1 14 4 15
2008 1 14 5 15
2008 1 14 6 15
2008 1 14 7 15
2008 1 14 8 15
2008 1 14 9 15
2008 1 14 10 15
2008 1 14 11 15
2008 1 14 12 15
2008 1 14 13 15
2008 1 14 14 15
2008 1 14 15 15
2008 1 14 16 15
2008 1 14 17 15
2008 1 14 18 15
2008 1 14 19 15
2008 1 14 20 14
2008 1 14 21 14
2008 1 14 22 15
2008 1 14 23 15
2008 1 15 0 15
2008 1 15 1 15
2008 1 15 2 15
2008 1 15 3 15
2008 1 15 4 15
2008 1 15 5 15
2008 1 15 6 15
2008 1 15 7 15
2008 1 15 8 15
2008 1 15 9 15
2008 1 15 10 15
2008 1 15 11 15
2008 1 15 12 14
2008 1 15 13 14
2008 1 15 14 14
2008 1 15 15 14
2008 1 15 16 15
2008 1 15 17 15
2008 1 15 18 15
2008 1 15 19 12
2008 1 15 20 13
2008 1 15 21 13
2008 1 15 22 15
2008 1 15 23 15
2008 1 16 0 15
2008 1 16 1 15
2008 1 16 2 15
2008 1 16 3 13
2008 1 16 4 13
2008 1 16 5 13
2008 1 16 6 15
2008 1 16 7 15
2008 1 16 8 15
2008 1 16 9 15
2008 1 16 10 15
2008 1 16 11 15
2008 1 16 12 15
2008 1 16 13 15
2008 1 16 14 15
2008 1 16 15 15
2008 1 16 16 15
2008 1 16 17 14
2008 1 16 18 15
2008 1 16 19 15
2008 1 16 20 15
2008 1 16 21 15
2008 1 16 22 15
2008 1 16 23 15
2008 1 17 0 15
2008 1 17 1 15
2008 1 17 2 15
2008 1 17 3 15
2008 1 17 4 15
2008 1 17 5 15
2008 1 17 6 15
2008 1 17 7 15
2008 1 17 8 15
2008 1 17 9 15
2008 1 17 10 15
2008 1 17 11 15
2008 1 17 12 15
2008 1 17 13 15
2008 1 17 14 15
2008 1 17 15 15
2008 1 17 16 15
2008 1 17 17 15
2008 1 17 18 15
2008 1 17 19 15
2008 1 17 20 15
2008 1 17 21 15
2008 1 17 22 12
2008 1 17 23 17
2008 1 18 0 17
2008 1 18 1 15
2008 1 18 2 15
2008 1 18 3 15
2008 1 18 4 17
2008 1 18 5 17
2008 1 18 6 17
2008 1 18 7 17
2008 1 18 8 17
2008 1 18 9 17
2008 1 18 10 17
2008 1 18 11 17
2008 1 18 12 17
2008 1 18 13 17
2008 1 18 14 17
2008 1 18 15 17
2008 1 18 16 12
2008 1 18 17 16
2008 1 18 18 12
2008 1 18 19 17
2008 1 18 20 17
2008 1 18 21 17
2008 1 18 22 17
2008 1 18 23 17
2008 1 19 0 17
2008 1 19 1 17
2008 1 19 2 17
2008 1 19 3 17
2008 1 19 4 17
2008 1 19 5 17
2008 1 19 6 17
2008 1 19 7 17
2008 1 19 8 17
2008 1 19 9 17
2008 1 19 10 17
2008 1 19 11 17
2008 1 19 12 17
2008 1 19 13 17
2008 1 19 14 17
2008 1 19 15 17
2008 1 19 16 17
2008 1 19 17 17
2008 1 19 18 17
2008 1 19 19 17
2008 1 19 20 17
2008 1 19 21 17
2008 1 19 22 17
2008 1 19 23 17
2008 1 20 0 17
2008 1 20 1 17
2008 1 20 2 15
2008 1 20 3 14
2008 1 20 4 13
2008 1 20 5 15
2008 1 20 6 17
2008 1 20 7 17
2008 1 20 8 17
2008 1 20 9 17
2008 1 20 10 17
2008 1 20 11 17
2008 1 20 12 17
2008 1 20 13 17
2008 1 20 14 17
2008 1 20 15 17
2008 1 20 16 17
2008 1 20 17 17
2008 1 20 18 15
2008 1 20 19 17
2008 1 20 20 17
2008 1 20 21 17
2008 1 20 22 17
2008 1 20 23 17
2008 1 21 0 17
2008 1 21 1 17
2008 1 21 2 17
2008 1 21 3 17
2008 1 21 4 17
2008 1 21 5 17
2008 1 21 6 17
2008 1 21 7 17
2008 1 21 8 17
2008 1 21 9 17
2008 1 21 10 17
2008 1 21 11 17
2008 1 21 12 17
2008 1 21 13 17
2008 1 21 14 17
2008 1 21 15 15
2008 1 21 16 15
2008 1 21 17 17
2008 1 21 18 17
2008 1 21 19 17
2008 1 21 20 15
2008 1 21 21 17
2008 1 21 22 17
2008 1 21 23 17
2008 1 22 0 17
2008 1 22 1 17
2008 1 22 2 17
2008 1 22 3 17
2008 1 22 4 17
2008 1 22 5 17
2008 1 22 6 17
2008 1 22 7 17
2008 1 22 8 17
2008 1 22 9 17
2008 1 22 10 17
2008 1 22 11 17
2008 1 22 12 15
2008 1 22 13 17
2008 1 22 14 17
2008 1 22 15 17
2008 1 22 16 17
2008 1 22 17 17
2008 1 22 18 17
2008 1 22 19 17
2008 1 22 20 17
2008 1 22 21 16
2008 1 22 22 17
2008 1 22 23 17
2008 1 23 0 17
2008 1 23 1 17
2008 1 23 2 17
2008 1 23 3 17
2008 1 23 4 17
2008 1 23 5 17
2008 1 23 6 17
2008 1 23 7 17
2008 1 23 8 17
2008 1 23 9 17
2008 1 23 10 17
2008 1 23 11 17
2008 1 23 12 17
2008 1 23 13 17
2008 1 23 14 17
2008 1 23 15 17
2008 1 23 16 16
2008 1 23 17 17
2008 1 23 18 16
2008 1 23 19 17
2008 1 23 20 16
2008 1 23 21 17
2008 1 23 22 17
2008 1 23 23 17
2008 1 24 0 17
2008 1 24 1 17
2008 1 24 2 16
2008 1 24 3 17
2008 1 24 4 17
2008 1 24 5 17
2008 1 24 6 17
2008 1 24 7 17
2008 1 24 8 17
2008 1 24 9 17
2008 1 24 10 17
2008 1 24 11 17
2008 1 24 12 17
2008 1 24 13 17
2008 1 24 14 17
2008 1 24 15 17
2008 1 24 16 17
2008 1 24 17 16
2008 1 24 18 17
2008 1 24 19 17
2008 1 24 20 17
2008 1 24 21 15
2008 1 24 22 17
2008 1 24 23 17
2008 1 25 0 17
2008 1 25 1 12
2008 1 25 2 17
2008 1 25 3 17
2008 1 25 4 17
2008 1 25 5 17
2008 1 25 6 17
2008 1 25 7 16
2008 1 25 8 16
2008 1 25 9 17
2008 1 25 10 17
2008 1 25 11 13
2008 1 25 12 17
2008 1 25 13 17
2008 1 25 14 17
2008 1 25 15 17
2008 1 25 16 15
2008 1 25 17 14
2008 1 25 18 12
2008 1 25 19 12
2008 1 25 20 12
2008 1 25 21 12
2008 1 25 22 12
2008 1 25 23 12
2008 1 26 0 13
2008 1 26 1 12
2008 1 26 2 12
2008 1 26 3 6
2008 1 26 4 6
2008 1 26 5 6
2008 1 26 6 6
2008 1 26 7 6
2008 1 26 8 6
2008 1 26 9 6
2008 1 26 10 6
2008 1 26 11 6
2008 1 26 12 6
2008 1 26 13 6
2008 1 26 14 6
2008 1 26 15 6
2008 1 26 16 6
2008 1 26 17 6
2008 1 26 18 8
2008 1 26 19 8
2008 1 26 20 9
2008 1 26 21 12
2008 1 26 22 14
2008 1 26 23 13
2008 1 27 0 14
2008 1 27 1 17
2008 1 27 2 17
2008 1 27 3 17
2008 1 27 4 17
2008 1 27 5 17
2008 1 27 6 17
2008 1 27 7 17
2008 1 27 8 17
2008 1 27 9 17
2008 1 27 10 17
2008 1 27 11 16
2008 1 27 12 12
2008 1 27 13 15
2008 1 27 14 13
2008 1 27 15 12
2008 1 27 16 12
2008 1 27 17 12
2008 1 27 18 12
2008 1 27 19 12
2008 1 27 20 12
2008 1 27 21 12
2008 1 27 22 12
2008 1 27 23 12
2008 1 28 0 12
2008 1 28 1 16
2008 1 28 2 16
2008 1 28 3 17
2008 1 28 4 16
2008 1 28 5 16
2008 1 28 6 17
2008 1 28 7 17
2008 1 28 8 17
2008 1 28 9 17
2008 1 28 10 17
2008 1 28 11 17
2008 1 28 12 16
2008 1 28 13 17
2008 1 28 14 17
2008 1 28 15 17
2008 1 28 16 11
2008 1 28 17 9
2008 1 28 18 9
2008 1 28 19 9
2008 1 28 20 9
2008 1 28 21 10
2008 1 28 22 9
2008 1 28 23 9
2008 1 29 0 9
2008 1 29 1 11
2008 1 29 2 10
2008 1 29 3 14
2008 1 29 4 13
2008 1 29 5 11
2008 1 29 6 11
2008 1 29 7 14
2008 1 29 8 14
2008 1 29 9 14
2008 1 29 10 14
2008 1 29 11 14
2008 1 29 12 14
2008 1 29 13 14
2008 1 29 14 13
2008 1 29 15 14
2008 1 29 16 11
2008 1 29 17 9
2008 1 29 18 10
2008 1 29 19 10
2008 1 29 20 12
2008 1 29 21 13
2008 1 29 22 14
2008 1 29 23 14
2008 1 30 0 14
2008 1 30 1 14
2008 1 30 2 14
2008 1 30 3 14
2008 1 30 4 14
2008 1 30 5 14
2008 1 30 6 14
2008 1 30 7 14
2008 1 30 8 14
2008 1 30 9 14
2008 1 30 10 14
2008 1 30 11 14
2008 1 30 12 14
2008 1 30 13 14
2008 1 30 14 11
2008 1 30 15 13
2008 1 30 16 14
2008 1 30 17 13
2008 1 30 18 12
2008 1 30 19 9
2008 1 30 20 11
2008 1 30 21 11
2008 1 30 22 9
2008 1 30 23 9
2008 1 31 0 11
2008 1 31 1 14
2008 1 31 2 11
2008 1 31 3 11
2008 1 31 4 3
2008 1 31 5 3
2008 1 31 6 5
2008 1 31 7 3
2008 1 31 8 3
2008 1 31 9 3
2008 1 31 10 3
2008 1 31 11 3
2008 1 31 12 5
2008 1 31 13 5
2008 1 31 14 3
2008 1 31 15 5
2008 1 31 16 9
2008 1 31 17 11
2008 1 31 18 11
2008 1 31 19 11
2008 1 31 20 10
2008 1 31 21 11
2008 1 31 22 12
2008 1 31 23 12
