2010 1 1 0 29
2010 1 1 1 30
2010 1 1 2 31
2010 1 1 3 31
2010 1 1 4 30
2010 1 1 5 31
2010 1 1 6 31
2010 1 1 7 31
2010 1 1 8 31
2010 1 1 9 30
2010 1 1 10 30
2010 1 1 11 30
2010 1 1 0 29
2010 1 1 1 30
2010 1 1 2 31
2010 1 1 3 31
2010 1 1 4 30
2010 1 1 5 31
2010 1 1 6 31
2010 1 1 7 31
2010 1 1 8 31
2010 1 1 9 30
2010 1 1 10 30
2010 1 1 11 30
2010 1 1 12 30
2010 1 1 13 30
2010 1 1 14 30
2010 1 1 15 30
2010 1 1 16 30
2010 1 1 17 29
2010 1 1 18 30
2010 1 1 19 31
2010 1 1 20 31
2010 1 1 21 31
2010 1 1 22 31
2010 1 1 23 31
2010 1 2 0 31
2010 1 2 1 31
2010 1 2 2 31
2010 1 2 3 31
2010 1 2 4 31
2010 1 2 5 31
2010 1 2 6 31
2010 1 2 7 31
2010 1 2 8 31
2010 1 2 9 31
2010 1 2 10 31
2010 1 2 11 30
2010 1 2 12 30
2010 1 2 13 31
2010 1 2 14 31
2010 1 2 15 31
2010 1 2 16 31
2010 1 2 17 31
2010 1 2 18 28
2010 1 2 19 28
2010 1 2 20 28
2010 1 2 21 28
2010 1 2 22 28
2010 1 2 23 28
2010 1 3 0 28
2010 1 3 1 28
2010 1 3 2 28
2010 1 3 3 28
2010 1 3 4 28
2010 1 3 5 28
2010 1 3 6 28
2010 1 3 7 28
2010 1 3 8 28
2010 1 3 9 28
2010 1 3 10 28
2010 1 3 11 28
2010 1 3 12 28
2010 1 3 13 28
2010 1 3 14 28
2010 1 3 15 28
2010 1 3 16 28
2010 1 3 17 28
2010 1 3 18 28
2010 1 3 19 28
2010 1 3 20 28
2010 1 3 21 28
2010 1 3 22 28
2010 1 3 23 28
2010 1 4 0 28
2010 1 4 1 28
2010 1 4 2 28
2010 1 4 3 28
2010 1 4 4 28
2010 1 4 5 28
2010 1 4 6 28
2010 1 4 7 28
2010 1 4 8 28
2010 1 4 9 28
2010 1 4 10 28
2010 1 4 11 28
2010 1 4 12 31
2010 1 4 13 31
2010 1 4 14 31
2010 1 4 15 31
2010 1 4 16 31
2010 1 4 17 31
2010 1 4 18 31
2010 1 4 19 31
2010 1 4 20 31
2010 1 4 21 31
2010 1 4 22 31
2010 1 4 23 31
2010 1 5 0 31
2010 1 5 1 21
2010 1 5 2 31
2010 1 5 3 31
2010 1 5 4 31
2010 1 5 5 31
2010 1 5 6 31
2010 1 5 7 31
2010 1 5 8 31
2010 1 5 9 31
2010 1 5 10 31
2010 1 5 11 30
2010 1 5 12 31
2010 1 5 13 31
2010 1 5 14 31
2010 1 5 15 31
2010 1 5 16 31
2010 1 5 17 31
2010 1 5 18 31
2010 1 5 19 31
2010 1 5 20 30
2010 1 5 21 30
2010 1 5 22 31
2010 1 5 23 31
2010 1 6 0 31
2010 1 6 1 31
2010 1 6 2 31
2010 1 6 3 31
2010 1 6 4 31
2010 1 6 5 31
2010 1 6 6 31
2010 1 6 7 31
2010 1 6 8 31
2010 1 6 9 31
2010 1 6 10 31
2010 1 6 11 31
2010 1 6 12 31
2010 1 6 13 31
2010 1 6 14 31
2010 1 6 15 31
2010 1 6 16 31
2010 1 6 17 31
2010 1 6 18 31
2010 1 6 19 31
2010 1 6 20 31
2010 1 6 21 25
2010 1 6 22 25
2010 1 6 23 24
2010 1 7 0 25
2010 1 7 1 30
2010 1 7 2 31
2010 1 7 3 31
2010 1 7 4 31
2010 1 7 5 31
2010 1 7 6 31
2010 1 7 7 31
2010 1 7 8 31
2010 1 7 9 31
2010 1 7 10 31
2010 1 7 11 30
2010 1 7 12 31
2010 1 7 13 31
2010 1 7 14 31
2010 1 7 15 31
2010 1 7 16 31
2010 1 7 17 31
2010 1 7 18 31
2010 1 7 19 31
2010 1 7 20 31
2010 1 7 21 31
2010 1 7 22 31
2010 1 7 23 31
2010 1 8 0 31
2010 1 8 1 31
2010 1 8 2 31
2010 1 8 3 31
2010 1 8 4 31
2010 1 8 5 31
2010 1 8 6 31
2010 1 8 7 31
2010 1 8 8 31
2010 1 8 9 31
2010 1 8 10 31
2010 1 8 11 31
2010 1 8 12 31
2010 1 8 13 31
2010 1 8 14 31
2010 1 8 15 31
2010 1 8 16 31
2010 1 8 17 31
2010 1 8 18 31
2010 1 8 19 31
2010 1 8 20 31
2010 1 8 21 31
2010 1 8 22 31
2010 1 8 23 31
2010 1 9 0 31
2010 1 9 1 31
2010 1 9 2 31
2010 1 9 3 31
2010 1 9 4 31
2010 1 9 5 31
2010 1 9 6 31
2010 1 9 7 30
2010 1 9 8 31
2010 1 9 9 31
2010 1 9 10 30
2010 1 9 11 30
2010 1 9 12 31
2010 1 9 13 31
2010 1 9 14 31
2010 1 9 15 31
2010 1 9 16 31
2010 1 9 17 31
2010 1 9 18 31
2010 1 9 19 31
2010 1 9 20 31
2010 1 9 21 31
2010 1 9 22 31
2010 1 9 23 31
2010 1 10 0 31
2010 1 10 1 31
2010 1 10 2 31
2010 1 10 3 31
2010 1 10 4 31
2010 1 10 5 31
2010 1 10 6 31
2010 1 10 7 31
2010 1 10 8 31
2010 1 10 9 31
2010 1 10 10 31
2010 1 10 11 31
2010 1 10 12 30
2010 1 10 13 31
2010 1 10 14 31
2010 1 10 15 31
2010 1 10 16 31
2010 1 10 17 31
2010 1 10 18 31
2010 1 10 19 31
2010 1 10 20 31
2010 1 10 21 31
2010 1 10 22 31
2010 1 10 23 31
2010 1 11 0 31
2010 1 11 1 31
2010 1 11 2 31
2010 1 11 3 31
2010 1 11 4 31
2010 1 11 5 31
2010 1 11 6 31
2010 1 11 7 31
2010 1 11 8 31
2010 1 11 9 31
2010 1 11 10 31
2010 1 11 11 31
2010 1 11 12 31
2010 1 11 13 31
2010 1 11 14 31
2010 1 11 15 31
2010 1 11 16 31
2010 1 11 17 31
2010 1 11 18 31
2010 1 11 19 31
2010 1 11 20 31
2010 1 11 21 31
2010 1 11 22 31
2010 1 11 23 31
2010 1 12 0 31
2010 1 12 1 31
2010 1 12 2 31
2010 1 12 3 31
2010 1 12 4 31
2010 1 12 5 31
2010 1 12 6 31
2010 1 12 7 31
2010 1 12 8 31
2010 1 12 9 31
2010 1 12 10 31
2010 1 12 11 31
2010 1 12 12 31
2010 1 12 13 31
2010 1 12 14 31
2010 1 12 15 31
2010 1 12 16 30
2010 1 12 17 30
2010 1 12 18 30
2010 1 12 19 30
2010 1 12 20 30
2010 1 12 21 31
2010 1 12 22 31
2010 1 12 23 31
2010 1 13 0 28
2010 1 13 1 25
2010 1 13 2 31
2010 1 13 3 24
2010 1 13 4 25
2010 1 13 5 24
2010 1 13 6 31
2010 1 13 7 30
2010 1 13 8 31
2010 1 13 9 31
2010 1 13 10 30
2010 1 13 11 30
2010 1 13 0 28
2010 1 13 1 25
2010 1 13 2 31
2010 1 13 3 24
2010 1 13 4 25
2010 1 13 5 24
2010 1 13 6 31
2010 1 13 7 30
2010 1 13 8 31
2010 1 13 9 31
2010 1 13 10 30
2010 1 13 11 30
2010 1 13 12 31
2010 1 13 13 31
2010 1 13 14 31
2010 1 13 15 31
2010 1 13 16 31
2010 1 13 17 31
2010 1 13 18 31
2010 1 13 19 31
2010 1 13 20 31
2010 1 13 21 31
2010 1 13 22 31
2010 1 13 23 31
2010 1 14 0 31
2010 1 14 1 31
2010 1 14 2 31
2010 1 14 3 31
2010 1 14 4 31
2010 1 14 5 31
2010 1 14 6 31
2010 1 14 7 31
2010 1 14 8 31
2010 1 14 9 31
2010 1 14 10 31
2010 1 14 11 31
2010 1 14 12 31
2010 1 14 13 31
2010 1 14 14 31
2010 1 14 15 31
2010 1 14 16 31
2010 1 14 17 31
2010 1 14 18 21
2010 1 14 19 31
2010 1 14 20 31
2010 1 14 21 31
2010 1 14 22 31
2010 1 14 23 31
2010 1 15 0 31
2010 1 15 1 31
2010 1 15 2 31
2010 1 15 3 31
2010 1 15 4 31
2010 1 15 5 31
2010 1 15 6 31
2010 1 15 7 31
2010 1 15 8 31
2010 1 15 9 31
2010 1 15 10 31
2010 1 15 11 31
2010 1 15 0 31
2010 1 15 1 31
2010 1 15 2 31
2010 1 15 3 31
2010 1 15 4 31
2010 1 15 5 31
2010 1 15 6 31
2010 1 15 7 31
2010 1 15 8 31
2010 1 15 9 31
2010 1 15 10 31
2010 1 15 11 31
2010 1 15 12 31
2010 1 15 13 31
2010 1 15 14 31
2010 1 15 15 31
2010 1 15 16 31
2010 1 15 17 31
2010 1 15 18 31
2010 1 15 19 31
2010 1 15 20 31
2010 1 15 21 31
2010 1 15 22 31
2010 1 15 23 31
2010 1 16 0 31
2010 1 16 1 31
2010 1 16 2 31
2010 1 16 3 31
2010 1 16 4 31
2010 1 16 5 31
2010 1 16 6 31
2010 1 16 7 31
2010 1 16 8 31
2010 1 16 9 31
2010 1 16 10 30
2010 1 16 11 30
2010 1 16 12 31
2010 1 16 13 31
2010 1 16 14 31
2010 1 16 15 31
2010 1 16 16 31
2010 1 16 17 31
2010 1 16 18 31
2010 1 16 19 31
2010 1 16 20 30
2010 1 16 21 31
2010 1 16 22 31
2010 1 16 23 31
2010 1 17 0 31
2010 1 17 1 31
2010 1 17 2 31
2010 1 17 3 31
2010 1 17 4 31
2010 1 17 5 31
2010 1 17 6 31
2010 1 17 7 31
2010 1 17 8 31
2010 1 17 9 31
2010 1 17 10 31
2010 1 17 11 31
2010 1 17 12 31
2010 1 17 13 31
2010 1 17 14 31
2010 1 17 15 31
2010 1 17 16 31
2010 1 17 17 31
2010 1 17 18 25
2010 1 17 19 29
2010 1 17 20 27
2010 1 17 21 26
2010 1 17 22 30
2010 1 17 23 24
2010 1 18 0 24
2010 1 18 1 24
2010 1 18 2 23
2010 1 18 3 23
2010 1 18 4 28
2010 1 18 5 31
2010 1 18 6 29
2010 1 18 7 23
2010 1 18 8 23
2010 1 18 9 23
2010 1 18 10 24
2010 1 18 11 24
2010 1 18 12 24
2010 1 18 13 24
2010 1 18 14 24
2010 1 18 15 24
2010 1 18 16 24
2010 1 18 17 22
2010 1 18 18 16
2010 1 18 19 16
2010 1 18 20 15
2010 1 18 21 16
2010 1 18 22 16
2010 1 18 23 16
2010 1 19 0 16
2010 1 19 1 17
2010 1 19 2 18
2010 1 19 3 26
2010 1 19 4 23
2010 1 19 5 23
2010 1 19 6 25
2010 1 19 7 29
2010 1 19 8 30
2010 1 19 9 22
2010 1 19 10 24
2010 1 19 11 18
2010 1 19 12 17
2010 1 19 13 17
2010 1 19 14 17
2010 1 19 15 17
2010 1 19 16 16
2010 1 19 17 15
2010 1 19 18 18
2010 1 19 19 16
2010 1 19 20 20
2010 1 19 21 20
2010 1 19 22 22
2010 1 19 23 17
2010 1 20 0 17
2010 1 20 1 19
2010 1 20 2 19
2010 1 20 3 22
2010 1 20 4 22
2010 1 20 5 23
2010 1 20 6 23
2010 1 20 7 23
2010 1 20 8 23
2010 1 20 9 25
2010 1 20 10 22
2010 1 20 11 23
2010 1 20 12 23
2010 1 20 13 23
2010 1 20 14 22
2010 1 20 15 22
2010 1 20 16 21
2010 1 20 17 21
2010 1 20 18 21
2010 1 20 19 22
2010 1 20 20 22
2010 1 20 21 23
2010 1 20 22 21
2010 1 20 23 21
2010 1 21 0 23
2010 1 21 1 23
2010 1 21 2 20
2010 1 21 3 26
2010 1 21 4 23
2010 1 21 5 23
2010 1 21 6 23
2010 1 21 7 23
2010 1 21 8 23
2010 1 21 9 23
2010 1 21 10 22
2010 1 21 11 23
2010 1 21 12 23
2010 1 21 13 23
2010 1 21 14 23
2010 1 21 15 23
2010 1 21 16 23
2010 1 21 17 23
2010 1 21 18 23
2010 1 21 19 21
2010 1 21 20 21
2010 1 21 21 21
2010 1 21 22 23
2010 1 21 23 26
2010 1 22 0 25
2010 1 22 1 31
2010 1 22 2 25
2010 1 22 3 31
2010 1 22 4 31
2010 1 22 5 31
2010 1 22 6 31
2010 1 22 7 31
2010 1 22 8 31
2010 1 22 9 30
2010 1 22 10 30
2010 1 22 11 29
2010 1 22 12 29
2010 1 22 13 31
2010 1 22 14 21
2010 1 22 15 31
2010 1 22 16 30
2010 1 22 17 29
2010 1 22 18 24
2010 1 22 19 31
2010 1 22 20 30
2010 1 22 21 31
2010 1 22 22 31
2010 1 22 23 31
2010 1 23 0 31
2010 1 23 1 31
2010 1 23 2 31
2010 1 23 3 31
2010 1 23 4 31
2010 1 23 5 31
2010 1 23 6 31
2010 1 23 7 30
2010 1 23 8 30
2010 1 23 9 30
2010 1 23 10 29
2010 1 23 11 30
2010 1 23 12 31
2010 1 23 13 31
2010 1 23 14 31
2010 1 23 15 31
2010 1 23 16 31
2010 1 23 17 31
2010 1 23 18 31
2010 1 23 19 31
2010 1 23 20 31
2010 1 23 21 31
2010 1 23 22 31
2010 1 23 23 31
2010 1 24 0 31
2010 1 24 1 31
2010 1 24 2 31
2010 1 24 3 31
2010 1 24 4 31
2010 1 24 5 31
2010 1 24 6 31
2010 1 24 7 31
2010 1 24 8 31
2010 1 24 9 31
2010 1 24 10 31
2010 1 24 11 31
2010 1 24 12 31
2010 1 24 13 30
2010 1 24 14 24
2010 1 24 15 25
2010 1 24 16 25
2010 1 24 17 25
2010 1 24 18 24
2010 1 24 19 22
2010 1 24 20 19
2010 1 24 21 21
2010 1 24 22 20
2010 1 24 23 17
2010 1 25 0 17
2010 1 25 1 17
2010 1 25 2 17
2010 1 25 3 17
2010 1 25 4 17
2010 1 25 5 17
2010 1 25 6 17
2010 1 25 7 17
2010 1 25 8 20
2010 1 25 9 19
2010 1 25 10 20
2010 1 25 11 20
2010 1 25 12 22
2010 1 25 13 24
2010 1 25 14 28
2010 1 25 15 28
2010 1 25 16 28
2010 1 25 17 28
2010 1 25 18 28
2010 1 25 19 21
2010 1 25 20 21
2010 1 25 21 20
2010 1 25 22 20
2010 1 25 23 20
2010 1 26 0 20
2010 1 26 1 21
2010 1 26 2 27
2010 1 26 3 27
2010 1 26 4 28
2010 1 26 5 28
2010 1 26 6 28
2010 1 26 7 27
2010 1 26 8 17
2010 1 26 9 17
2010 1 26 10 24
2010 1 26 11 26
2010 1 26 12 26
2010 1 26 13 26
2010 1 26 14 26
2010 1 26 15 27
2010 1 26 16 27
2010 1 26 17 27
2010 1 26 18 28
2010 1 26 19 18
2010 1 26 20 28
2010 1 26 21 31
2010 1 26 22 31
2010 1 26 23 31
2010 1 27 0 31
2010 1 27 1 31
2010 1 27 2 31
2010 1 27 3 31
2010 1 27 4 31
2010 1 27 5 31
2010 1 27 6 31
2010 1 27 7 31
2010 1 27 8 31
2010 1 27 9 31
2010 1 27 10 31
2010 1 27 11 31
2010 1 27 12 31
2010 1 27 13 31
2010 1 27 14 28
2010 1 27 15 31
2010 1 27 16 31
2010 1 27 17 31
2010 1 27 18 31
2010 1 27 19 21
2010 1 27 20 21
2010 1 27 21 31
2010 1 27 22 31
2010 1 27 23 31
2010 1 28 0 31
2010 1 28 1 31
2010 1 28 2 31
2010 1 28 3 31
2010 1 28 4 31
2010 1 28 5 31
2010 1 28 6 31
2010 1 28 7 31
2010 1 28 8 24
2010 1 28 9 24
2010 1 28 10 24
2010 1 28 11 24
2010 1 28 12 24
2010 1 28 13 24
2010 1 28 14 24
2010 1 28 15 24
2010 1 28 16 24
2010 1 28 17 15
2010 1 28 18 24
2010 1 28 19 24
2010 1 28 20 24
2010 1 28 21 24
2010 1 28 22 24
2010 1 28 23 24
2010 1 29 0 24
2010 1 29 1 24
2010 1 29 2 24
2010 1 29 3 24
2010 1 29 4 24
2010 1 29 5 24
2010 1 29 6 24
2010 1 29 7 24
2010 1 29 8 24
2010 1 29 9 24
2010 1 29 10 24
2010 1 29 11 24
2010 1 29 12 24
2010 1 29 13 24
2010 1 29 14 24
2010 1 29 15 24
2010 1 29 16 24
2010 1 29 17 24
2010 1 29 18 24
2010 1 29 19 24
2010 1 29 20 24
2010 1 29 21 24
2010 1 29 22 24
2010 1 29 23 24
2010 1 30 0 24
2010 1 30 1 24
2010 1 30 2 24
2010 1 30 3 24
2010 1 30 4 24
2010 1 30 5 24
2010 1 30 6 24
2010 1 30 7 24
2010 1 30 8 24
2010 1 30 9 24
2010 1 30 10 24
2010 1 30 11 24
2010 1 30 12 24
2010 1 30 13 24
2010 1 30 14 24
2010 1 30 15 24
2010 1 30 16 24
2010 1 30 17 24
2010 1 30 18 24
2010 1 30 19 24
2010 1 30 20 24
2010 1 30 21 24
2010 1 30 22 24
2010 1 30 23 24
2010 1 31 0 24
2010 1 31 1 24
2010 1 31 2 24
2010 1 31 3 24
2010 1 31 4 24
2010 1 31 5 24
2010 1 31 6 24
2010 1 31 7 24
2010 1 31 8 24
2010 1 31 9 24
2010 1 31 10 24
2010 1 31 11 24
2010 1 31 12 24
2010 1 31 13 24
2010 1 31 14 24
2010 1 31 15 23
2010 1 31 16 24
2010 1 31 17 24
2010 1 31 18 24
2010 1 31 19 24
2010 1 31 20 24
2010 1 31 21 24
2010 1 31 22 24
2010 1 31 23 24
2008 1 1 0 28
2008 1 1 1 28
2008 1 1 2 28
2008 1 1 3 28
2008 1 1 4 28
2008 1 1 5 28
2008 1 1 6 28
2008 1 1 7 28
2008 1 1 8 28
2008 1 1 9 28
2008 1 1 10 28
2008 1 1 11 28
2008 1 1 12 28
2008 1 1 13 28
2008 1 1 14 28
2008 1 1 15 28
2008 1 1 16 28
2008 1 1 17 28
2008 1 1 18 28
2008 1 1 19 28
2008 1 1 20 28
2008 1 1 21 28
2008 1 1 22 28
2008 1 1 23 27
2008 1 2 0 28
2008 1 2 1 28
2008 1 2 2 28
2008 1 2 3 28
2008 1 2 4 28
2008 1 2 5 28
2008 1 2 6 28
2008 1 2 7 28
2008 1 2 8 28
2008 1 2 9 27
2008 1 2 10 28
2008 1 2 11 18
2008 1 2 12 28
2008 1 2 13 27
2008 1 2 14 27
2008 1 2 15 28
2008 1 2 16 28
2008 1 2 17 28
2008 1 2 18 28
2008 1 2 19 28
2008 1 2 20 28
2008 1 2 21 28
2008 1 2 22 28
2008 1 2 23 28
2008 1 3 0 28
2008 1 3 1 28
2008 1 3 2 28
2008 1 3 3 28
2008 1 3 4 28
2008 1 3 5 28
2008 1 3 6 28
2008 1 3 7 28
2008 1 3 8 28
2008 1 3 9 28
2008 1 3 10 27
2008 1 3 11 28
2008 1 3 12 27
2008 1 3 13 28
2008 1 3 14 28
2008 1 3 15 21
2008 1 3 16 22
2008 1 3 17 19
2008 1 3 18 15
2008 1 3 19 19
2008 1 3 20 19
2008 1 3 21 24
2008 1 3 22 26
2008 1 3 23 24
2008 1 4 0 21
2008 1 4 1 20
2008 1 4 2 20
2008 1 4 3 18
2008 1 4 4 20
2008 1 4 5 20
2008 1 4 6 19
2008 1 4 7 19
2008 1 4 8 20
2008 1 4 9 20
2008 1 4 10 20
2008 1 4 11 20
2008 1 4 12 20
2008 1 4 13 19
2008 1 4 14 18
2008 1 4 15 18
2008 1 4 16 18
2008 1 4 17 18
2008 1 4 18 18
2008 1 4 19 18
2008 1 4 20 22
2008 1 4 21 18
2008 1 4 22 18
2008 1 4 23 19
2008 1 5 0 19
2008 1 5 1 24
2008 1 5 2 19
2008 1 5 3 18
2008 1 5 4 19
2008 1 5 5 20
2008 1 5 6 20
2008 1 5 7 27
2008 1 5 8 27
2008 1 5 9 28
2008 1 5 10 28
2008 1 5 11 28
2008 1 5 12 28
2008 1 5 13 28
2008 1 5 14 28
2008 1 5 15 28
2008 1 5 16 26
2008 1 5 17 28
2008 1 5 18 27
2008 1 5 19 26
2008 1 5 20 19
2008 1 5 21 28
2008 1 5 22 20
2008 1 5 23 20
2008 1 6 0 27
2008 1 6 1 27
2008 1 6 2 26
2008 1 6 3 25
2008 1 6 4 25
2008 1 6 5 27
2008 1 6 6 26
2008 1 6 7 26
2008 1 6 8 26
2008 1 6 9 27
2008 1 6 10 27
2008 1 6 11 27
2008 1 6 12 26
2008 1 6 13 27
2008 1 6 14 26
2008 1 6 15 27
2008 1 6 16 27
2008 1 6 17 27
2008 1 6 18 19
2008 1 6 19 27
2008 1 6 20 27
2008 1 6 21 26
2008 1 6 22 27
2008 1 6 23 27
2008 1 7 0 27
2008 1 7 1 28
2008 1 7 2 28
2008 1 7 3 26
2008 1 7 4 26
2008 1 7 5 26
2008 1 7 6 26
2008 1 7 7 26
2008 1 7 8 25
2008 1 7 9 26
2008 1 7 10 22
2008 1 7 11 25
2008 1 7 12 25
2008 1 7 13 25
2008 1 7 14 25
2008 1 7 15 25
2008 1 7 16 25
2008 1 7 17 18
2008 1 7 18 22
2008 1 7 19 26
2008 1 7 20 26
2008 1 7 21 28
2008 1 7 22 28
2008 1 7 23 28
2008 1 8 0 28
2008 1 8 1 28
2008 1 8 2 28
2008 1 8 3 28
2008 1 8 4 28
2008 1 8 5 28
2008 1 8 6 26
2008 1 8 7 21
2008 1 8 8 24
2008 1 8 9 27
2008 1 8 10 21
2008 1 8 11 19
2008 1 8 12 21
2008 1 8 13 21
2008 1 8 14 19
2008 1 8 15 16
2008 1 8 16 12
2008 1 8 17 21
2008 1 8 18 20
2008 1 8 19 20
2008 1 8 20 21
2008 1 8 21 21
2008 1 8 22 21
2008 1 8 23 20
2008 1 9 0 20
2008 1 9 1 21
2008 1 9 2 23
2008 1 9 3 27
2008 1 9 4 27
2008 1 9 5 26
2008 1 9 6 26
2008 1 9 7 26
2008 1 9 8 19
2008 1 9 9 19
2008 1 9 10 26
2008 1 9 11 24
2008 1 9 12 19
2008 1 9 13 19
2008 1 9 14 19
2008 1 9 15 19
2008 1 9 16 19
2008 1 9 17 21
2008 1 9 18 26
2008 1 9 19 23
2008 1 9 20 18
2008 1 9 21 23
2008 1 9 22 22
2008 1 9 23 27
2008 1 10 0 21
2008 1 10 1 21
2008 1 10 2 23
2008 1 10 3 18
2008 1 10 4 19
2008 1 10 5 20
2008 1 10 6 19
2008 1 10 7 20
2008 1 10 8 20
2008 1 10 9 20
2008 1 10 10 19
2008 1 10 11 19
2008 1 10 12 20
2008 1 10 13 20
2008 1 10 14 21
2008 1 10 15 20
2008 1 10 16 23
2008 1 10 17 27
2008 1 10 18 22
2008 1 10 19 26
2008 1 10 20 27
2008 1 10 21 23
2008 1 10 22 27
2008 1 10 23 27
2008 1 11 0 27
2008 1 11 1 20
2008 1 11 2 19
2008 1 11 3 21
2008 1 11 4 21
2008 1 11 5 21
2008 1 11 6 21
2008 1 11 7 21
2008 1 11 8 21
2008 1 11 9 21
2008 1 11 10 21
2008 1 11 11 21
2008 1 11 12 21
2008 1 11 13 21
2008 1 11 14 20
2008 1 11 15 21
2008 1 11 16 21
2008 1 11 17 21
2008 1 11 18 21
2008 1 11 19 21
2008 1 11 20 21
2008 1 11 21 21
2008 1 11 22 21
2008 1 11 23 21
2008 1 12 0 21
2008 1 12 1 21
2008 1 12 2 21
2008 1 12 3 21
2008 1 12 4 21
2008 1 12 5 21
2008 1 12 6 21
2008 1 12 7 21
2008 1 12 8 21
2008 1 12 9 21
2008 1 12 10 21
2008 1 12 11 21
2008 1 12 12 21
2008 1 12 13 20
2008 1 12 14 21
2008 1 12 15 20
2008 1 12 16 20
2008 1 12 17 20
2008 1 12 18 20
2008 1 12 19 20
2008 1 12 20 20
2008 1 12 21 20
2008 1 12 22 21
2008 1 12 23 21
2008 1 13 0 20
2008 1 13 1 21
2008 1 13 2 21
2008 1 13 3 21
2008 1 13 4 21
2008 1 13 5 21
2008 1 13 6 21
2008 1 13 7 21
2008 1 13 8 21
2008 1 13 9 21
2008 1 13 10 21
2008 1 13 11 21
2008 1 13 12 21
2008 1 13 13 21
2008 1 13 14 21
2008 1 13 15 21
2008 1 13 16 21
2008 1 13 17 19
2008 1 13 18 21
2008 1 13 19 21
2008 1 13 20 21
2008 1 13 21 21
2008 1 13 22 21
2008 1 13 23 21
2008 1 14 0 20
2008 1 14 1 20
2008 1 14 2 20
2008 1 14 3 21
2008 1 14 4 21
2008 1 14 5 21
2008 1 14 6 21
2008 1 14 7 21
2008 1 14 8 21
2008 1 14 9 21
2008 1 14 10 21
2008 1 14 11 21
2008 1 14 12 21
2008 1 14 13 21
2008 1 14 14 21
2008 1 14 15 21
2008 1 14 16 21
2008 1 14 17 21
2008 1 14 18 21
2008 1 14 19 21
2008 1 14 20 20
2008 1 14 21 20
2008 1 14 22 21
2008 1 14 23 21
2008 1 15 0 21
2008 1 15 1 21
2008 1 15 2 21
2008 1 15 3 21
2008 1 15 4 21
2008 1 15 5 21
2008 1 15 6 21
2008 1 15 7 20
2008 1 15 8 21
2008 1 15 9 21
2008 1 15 10 21
2008 1 15 11 21
2008 1 15 12 20
2008 1 15 13 20
2008 1 15 14 20
2008 1 15 15 20
2008 1 15 16 21
2008 1 15 17 21
2008 1 15 18 21
2008 1 15 19 12
2008 1 15 20 14
2008 1 15 21 14
2008 1 15 22 21
2008 1 15 23 21
2008 1 16 0 21
2008 1 16 1 21
2008 1 16 2 21
2008 1 16 3 20
2008 1 16 4 20
2008 1 16 5 20
2008 1 16 6 21
2008 1 16 7 21
2008 1 16 8 21
2008 1 16 9 21
2008 1 16 10 21
2008 1 16 11 21
2008 1 16 12 20
2008 1 16 13 21
2008 1 16 14 21
2008 1 16 15 21
2008 1 16 16 21
2008 1 16 17 20
2008 1 16 18 21
2008 1 16 19 21
2008 1 16 20 21
2008 1 16 21 21
2008 1 16 22 21
2008 1 16 23 21
2008 1 17 0 20
2008 1 17 1 21
2008 1 17 2 21
2008 1 17 3 21
2008 1 17 4 21
2008 1 17 5 21
2008 1 17 6 21
2008 1 17 7 21
2008 1 17 8 21
2008 1 17 9 21
2008 1 17 10 21
2008 1 17 11 21
2008 1 17 12 21
2008 1 17 13 21
2008 1 17 14 21
2008 1 17 15 21
2008 1 17 16 21
2008 1 17 17 21
2008 1 17 18 21
2008 1 17 19 21
2008 1 17 20 21
2008 1 17 21 20
2008 1 17 22 18
2008 1 17 23 28
2008 1 18 0 28
2008 1 18 1 22
2008 1 18 2 22
2008 1 18 3 24
2008 1 18 4 28
2008 1 18 5 28
2008 1 18 6 28
2008 1 18 7 28
2008 1 18 8 28
2008 1 18 9 28
2008 1 18 10 28
2008 1 18 11 28
2008 1 18 12 28
2008 1 18 13 28
2008 1 18 14 28
2008 1 18 15 28
2008 1 18 16 18
2008 1 18 17 27
2008 1 18 18 18
2008 1 18 19 28
2008 1 18 20 28
2008 1 18 21 28
2008 1 18 22 28
2008 1 18 23 28
2008 1 19 0 28
2008 1 19 1 28
2008 1 19 2 27
2008 1 19 3 28
2008 1 19 4 27
2008 1 19 5 28
2008 1 19 6 28
2008 1 19 7 28
2008 1 19 8 28
2008 1 19 9 28
2008 1 19 10 28
2008 1 19 11 27
2008 1 19 12 28
2008 1 19 13 28
2008 1 19 14 28
2008 1 19 15 28
2008 1 19 16 28
2008 1 19 17 28
2008 1 19 18 28
2008 1 19 19 28
2008 1 19 20 28
2008 1 19 21 27
2008 1 19 22 28
2008 1 19 23 28
2008 1 20 0 28
2008 1 20 1 28
2008 1 20 2 24
2008 1 20 3 20
2008 1 20 4 18
2008 1 20 5 20
2008 1 20 6 28
2008 1 20 7 28
2008 1 20 8 28
2008 1 20 9 28
2008 1 20 10 28
2008 1 20 11 28
2008 1 20 12 28
2008 1 20 13 28
2008 1 20 14 28
2008 1 20 15 28
2008 1 20 16 28
2008 1 20 17 28
2008 1 20 18 28
2008 1 20 19 28
2008 1 20 20 28
2008 1 20 21 28
2008 1 20 22 28
2008 1 20 23 28
2008 1 21 0 28
2008 1 21 1 28
2008 1 21 2 28
2008 1 21 3 28
2008 1 21 4 28
2008 1 21 5 28
2008 1 21 6 28
2008 1 21 7 28
2008 1 21 8 28
2008 1 21 9 28
2008 1 21 10 28
2008 1 21 11 28
2008 1 21 12 28
2008 1 21 13 28
2008 1 21 14 28
2008 1 21 15 27
2008 1 21 16 28
2008 1 21 17 28
2008 1 21 18 28
2008 1 21 19 28
2008 1 21 20 21
2008 1 21 21 28
2008 1 21 22 28
2008 1 21 23 28
2008 1 22 0 27
2008 1 22 1 28
2008 1 22 2 28
2008 1 22 3 28
2008 1 22 4 28
2008 1 22 5 28
2008 1 22 6 28
2008 1 22 7 28
2008 1 22 8 28
2008 1 22 9 28
2008 1 22 10 28
2008 1 22 11 28
2008 1 22 12 27
2008 1 22 13 27
2008 1 22 14 28
2008 1 22 15 27
2008 1 22 16 28
2008 1 22 17 27
2008 1 22 18 28
2008 1 22 19 28
2008 1 22 20 28
2008 1 22 21 27
2008 1 22 22 28
2008 1 22 23 27
2008 1 23 0 28
2008 1 23 1 28
2008 1 23 2 28
2008 1 23 3 28
2008 1 23 4 28
2008 1 23 5 28
2008 1 23 6 28
2008 1 23 7 27
2008 1 23 8 27
2008 1 23 9 27
2008 1 23 10 27
2008 1 23 11 27
2008 1 23 12 27
2008 1 23 13 28
2008 1 23 14 27
2008 1 23 15 27
2008 1 23 16 26
2008 1 23 17 26
2008 1 23 18 26
2008 1 23 19 26
2008 1 23 20 27
2008 1 23 21 27
2008 1 23 22 27
2008 1 23 23 27
2008 1 24 0 27
2008 1 24 1 27
2008 1 24 2 27
2008 1 24 3 27
2008 1 24 4 27
2008 1 24 5 27
2008 1 24 6 27
2008 1 24 7 27
2008 1 24 8 27
2008 1 24 9 27
2008 1 24 10 27
2008 1 24 11 27
2008 1 24 12 26
2008 1 24 13 26
2008 1 24 14 27
2008 1 24 15 27
2008 1 24 16 27
2008 1 24 17 25
2008 1 24 18 24
2008 1 24 19 27
2008 1 24 20 27
2008 1 24 21 27
2008 1 24 22 27
2008 1 24 23 27
2008 1 25 0 27
2008 1 25 1 18
2008 1 25 2 27
2008 1 25 3 27
2008 1 25 4 27
2008 1 25 5 27
2008 1 25 6 27
2008 1 25 7 27
2008 1 25 8 27
2008 1 25 9 27
2008 1 25 10 27
2008 1 25 11 20
2008 1 25 12 27
2008 1 25 13 28
2008 1 25 14 27
2008 1 25 15 27
2008 1 25 16 20
2008 1 25 17 20
2008 1 25 18 18
2008 1 25 19 18
2008 1 25 20 18
2008 1 25 21 18
2008 1 25 22 18
2008 1 25 23 18
2008 1 26 0 19
2008 1 26 1 18
2008 1 26 2 18
2008 1 26 3 12
2008 1 26 4 12
2008 1 26 5 12
2008 1 26 6 12
2008 1 26 7 12
2008 1 26 8 12
2008 1 26 9 12
2008 1 26 10 12
2008 1 26 11 12
2008 1 26 12 12
2008 1 26 13 12
2008 1 26 14 12
2008 1 26 15 12
2008 1 26 16 13
2008 1 26 17 12
2008 1 26 18 15
2008 1 26 19 14
2008 1 26 20 17
2008 1 26 21 19
2008 1 26 22 25
2008 1 26 23 21
2008 1 27 0 20
2008 1 27 1 28
2008 1 27 2 28
2008 1 27 3 28
2008 1 27 4 27
2008 1 27 5 28
2008 1 27 6 27
2008 1 27 7 27
2008 1 27 8 27
2008 1 27 9 27
2008 1 27 10 26
2008 1 27 11 22
2008 1 27 12 18
2008 1 27 13 19
2008 1 27 14 19
2008 1 27 15 18
2008 1 27 16 18
2008 1 27 17 18
2008 1 27 18 18
2008 1 27 19 18
2008 1 27 20 18
2008 1 27 21 18
2008 1 27 22 18
2008 1 27 23 18
2008 1 28 0 19
2008 1 28 1 22
2008 1 28 2 25
2008 1 28 3 26
2008 1 28 4 23
2008 1 28 5 24
2008 1 28 6 27
2008 1 28 7 27
2008 1 28 8 27
2008 1 28 9 27
2008 1 28 10 27
2008 1 28 11 27
2008 1 28 12 21
2008 1 28 13 27
2008 1 28 14 27
2008 1 28 15 27
2008 1 28 16 21
2008 1 28 17 18
2008 1 28 18 18
2008 1 28 19 18
2008 1 28 20 18
2008 1 28 21 21
2008 1 28 22 19
2008 1 28 23 19
2008 1 29 0 19
2008 1 29 1 19
2008 1 29 2 20
2008 1 29 3 26
2008 1 29 4 27
2008 1 29 5 22
2008 1 29 6 19
2008 1 29 7 28
2008 1 29 8 28
2008 1 29 9 28
2008 1 29 10 28
2008 1 29 11 28
2008 1 29 12 28
2008 1 29 13 28
2008 1 29 14 27
2008 1 29 15 28
2008 1 29 16 27
2008 1 29 17 20
2008 1 29 18 24
2008 1 29 19 23
2008 1 29 20 28
2008 1 29 21 28
2008 1 29 22 28
2008 1 29 23 28
2008 1 30 0 28
2008 1 30 1 28
2008 1 30 2 28
2008 1 30 3 28
2008 1 30 4 28
2008 1 30 5 28
2008 1 30 6 28
2008 1 30 7 28
2008 1 30 8 27
2008 1 30 9 27
2008 1 30 10 28
2008 1 30 11 28
2008 1 30 12 27
2008 1 30 13 28
2008 1 30 14 25
2008 1 30 15 27
2008 1 30 16 27
2008 1 30 17 26
2008 1 30 18 28
2008 1 30 19 18
2008 1 30 20 21
2008 1 30 21 20
2008 1 30 22 19
2008 1 30 23 20
2008 1 31 0 26
2008 1 31 1 28
2008 1 31 2 27
2008 1 31 3 27
2008 1 31 4 13
2008 1 31 5 14
2008 1 31 6 21
2008 1 31 7 15
2008 1 31 8 12
2008 1 31 9 13
2008 1 31 10 13
2008 1 31 11 13
2008 1 31 12 21
2008 1 31 13 21
2008 1 31 14 15
2008 1 31 15 18
2008 1 31 16 22
2008 1 31 17 17
2008 1 31 18 23
2008 1 31 19 24
2008 1 31 20 22
2008 1 31 21 24
2008 1 31 22 25
2008 1 31 23 24
