2010 1 1 0 16
2010 1 1 1 16
2010 1 1 2 16
2010 1 1 3 16
2010 1 1 4 16
2010 1 1 5 16
2010 1 1 6 16
2010 1 1 7 16
2010 1 1 8 16
2010 1 1 9 16
2010 1 1 10 16
2010 1 1 11 16
2010 1 1 0 16
2010 1 1 1 16
2010 1 1 2 16
2010 1 1 3 16
2010 1 1 4 16
2010 1 1 5 16
2010 1 1 6 16
2010 1 1 7 16
2010 1 1 8 16
2010 1 1 9 16
2010 1 1 10 16
2010 1 1 11 16
2010 1 1 12 16
2010 1 1 13 16
2010 1 1 14 16
2010 1 1 15 16
2010 1 1 16 16
2010 1 1 17 15
2010 1 1 18 16
2010 1 1 19 16
2010 1 1 20 16
2010 1 1 21 16
2010 1 1 22 16
2010 1 1 23 16
2010 1 2 0 16
2010 1 2 1 16
2010 1 2 2 16
2010 1 2 3 16
2010 1 2 4 16
2010 1 2 5 16
2010 1 2 6 16
2010 1 2 7 16
2010 1 2 8 16
2010 1 2 9 16
2010 1 2 10 16
2010 1 2 11 15
2010 1 2 12 15
2010 1 2 13 16
2010 1 2 14 16
2010 1 2 15 16
2010 1 2 16 16
2010 1 2 17 16
2010 1 2 18 16
2010 1 2 19 16
2010 1 2 20 16
2010 1 2 21 16
2010 1 2 22 16
2010 1 2 23 16
2010 1 3 0 16
2010 1 3 1 16
2010 1 3 2 16
2010 1 3 3 16
2010 1 3 4 16
2010 1 3 5 16
2010 1 3 6 16
2010 1 3 7 16
2010 1 3 8 16
2010 1 3 9 16
2010 1 3 10 16
2010 1 3 11 16
2010 1 3 12 16
2010 1 3 13 16
2010 1 3 14 16
2010 1 3 15 16
2010 1 3 16 16
2010 1 3 17 16
2010 1 3 18 16
2010 1 3 19 16
2010 1 3 20 16
2010 1 3 21 16
2010 1 3 22 16
2010 1 3 23 16
2010 1 4 0 16
2010 1 4 1 16
2010 1 4 2 16
2010 1 4 3 16
2010 1 4 4 16
2010 1 4 5 16
2010 1 4 6 16
2010 1 4 7 16
2010 1 4 8 16
2010 1 4 9 16
2010 1 4 10 16
2010 1 4 11 16
2010 1 4 12 16
2010 1 4 13 16
2010 1 4 14 16
2010 1 4 15 16
2010 1 4 16 15
2010 1 4 17 16
2010 1 4 18 16
2010 1 4 19 15
2010 1 4 20 16
2010 1 4 21 16
2010 1 4 22 16
2010 1 4 23 16
2010 1 5 0 16
2010 1 5 1 12
2010 1 5 2 16
2010 1 5 3 16
2010 1 5 4 16
2010 1 5 5 16
2010 1 5 6 16
2010 1 5 7 16
2010 1 5 8 16
2010 1 5 9 16
2010 1 5 10 16
2010 1 5 11 15
2010 1 5 12 16
2010 1 5 13 16
2010 1 5 14 16
2010 1 5 15 16
2010 1 5 16 16
2010 1 5 17 16
2010 1 5 18 16
2010 1 5 19 16
2010 1 5 20 15
2010 1 5 21 16
2010 1 5 22 16
2010 1 5 23 16
2010 1 6 0 16
2010 1 6 1 16
2010 1 6 2 16
2010 1 6 3 16
2010 1 6 4 16
2010 1 6 5 16
2010 1 6 6 16
2010 1 6 7 15
2010 1 6 8 16
2010 1 6 9 16
2010 1 6 10 16
2010 1 6 11 16
2010 1 6 12 16
2010 1 6 13 16
2010 1 6 14 16
2010 1 6 15 16
2010 1 6 16 15
2010 1 6 17 16
2010 1 6 18 16
2010 1 6 19 16
2010 1 6 20 16
2010 1 6 21 13
2010 1 6 22 13
2010 1 6 23 11
2010 1 7 0 13
2010 1 7 1 14
2010 1 7 2 16
2010 1 7 3 16
2010 1 7 4 16
2010 1 7 5 16
2010 1 7 6 16
2010 1 7 7 16
2010 1 7 8 16
2010 1 7 9 16
2010 1 7 10 16
2010 1 7 11 15
2010 1 7 12 16
2010 1 7 13 16
2010 1 7 14 16
2010 1 7 15 16
2010 1 7 16 16
2010 1 7 17 16
2010 1 7 18 16
2010 1 7 19 16
2010 1 7 20 15
2010 1 7 21 16
2010 1 7 22 16
2010 1 7 23 16
2010 1 8 0 16
2010 1 8 1 16
2010 1 8 2 16
2010 1 8 3 16
2010 1 8 4 16
2010 1 8 5 16
2010 1 8 6 16
2010 1 8 7 16
2010 1 8 8 16
2010 1 8 9 16
2010 1 8 10 16
2010 1 8 11 16
2010 1 8 12 16
2010 1 8 13 16
2010 1 8 14 16
2010 1 8 15 16
2010 1 8 16 16
2010 1 8 17 16
2010 1 8 18 16
2010 1 8 19 16
2010 1 8 20 16
2010 1 8 21 16
2010 1 8 22 16
2010 1 8 23 16
2010 1 9 0 16
2010 1 9 1 16
2010 1 9 2 16
2010 1 9 3 16
2010 1 9 4 16
2010 1 9 5 16
2010 1 9 6 16
2010 1 9 7 14
2010 1 9 8 16
2010 1 9 9 16
2010 1 9 10 15
2010 1 9 11 15
2010 1 9 12 16
2010 1 9 13 16
2010 1 9 14 16
2010 1 9 15 16
2010 1 9 16 16
2010 1 9 17 16
2010 1 9 18 16
2010 1 9 19 16
2010 1 9 20 16
2010 1 9 21 16
2010 1 9 22 16
2010 1 9 23 16
2010 1 10 0 16
2010 1 10 1 16
2010 1 10 2 16
2010 1 10 3 16
2010 1 10 4 16
2010 1 10 5 16
2010 1 10 6 16
2010 1 10 7 16
2010 1 10 8 16
2010 1 10 9 16
2010 1 10 10 16
2010 1 10 11 16
2010 1 10 12 14
2010 1 10 13 16
2010 1 10 14 16
2010 1 10 15 16
2010 1 10 16 16
2010 1 10 17 16
2010 1 10 18 16
2010 1 10 19 16
2010 1 10 20 16
2010 1 10 21 16
2010 1 10 22 16
2010 1 10 23 16
2010 1 11 0 16
2010 1 11 1 16
2010 1 11 2 16
2010 1 11 3 16
2010 1 11 4 16
2010 1 11 5 16
2010 1 11 6 16
2010 1 11 7 16
2010 1 11 8 16
2010 1 11 9 16
2010 1 11 10 16
2010 1 11 11 16
2010 1 11 12 16
2010 1 11 13 16
2010 1 11 14 16
2010 1 11 15 16
2010 1 11 16 16
2010 1 11 17 16
2010 1 11 18 16
2010 1 11 19 16
2010 1 11 20 16
2010 1 11 21 16
2010 1 11 22 16
2010 1 11 23 16
2010 1 12 0 16
2010 1 12 1 16
2010 1 12 2 16
2010 1 12 3 16
2010 1 12 4 16
2010 1 12 5 16
2010 1 12 6 16
2010 1 12 7 16
2010 1 12 8 16
2010 1 12 9 16
2010 1 12 10 16
2010 1 12 11 16
2010 1 12 12 16
2010 1 12 13 16
2010 1 12 14 16
2010 1 12 15 16
2010 1 12 16 16
2010 1 12 17 16
2010 1 12 18 16
2010 1 12 19 16
2010 1 12 20 16
2010 1 12 21 16
2010 1 12 22 16
2010 1 12 23 16
2010 1 13 0 15
2010 1 13 1 15
2010 1 13 2 16
2010 1 13 3 15
2010 1 13 4 15
2010 1 13 5 15
2010 1 13 6 16
2010 1 13 7 16
2010 1 13 8 16
2010 1 13 9 16
2010 1 13 10 15
2010 1 13 11 15
2010 1 13 0 15
2010 1 13 1 15
2010 1 13 2 16
2010 1 13 3 15
2010 1 13 4 15
2010 1 13 5 15
2010 1 13 6 16
2010 1 13 7 16
2010 1 13 8 16
2010 1 13 9 16
2010 1 13 10 15
2010 1 13 11 15
2010 1 13 12 16
2010 1 13 13 16
2010 1 13 14 16
2010 1 13 15 16
2010 1 13 16 16
2010 1 13 17 16
2010 1 13 18 16
2010 1 13 19 16
2010 1 13 20 16
2010 1 13 21 16
2010 1 13 22 16
2010 1 13 23 16
2010 1 14 0 16
2010 1 14 1 16
2010 1 14 2 16
2010 1 14 3 16
2010 1 14 4 16
2010 1 14 5 16
2010 1 14 6 16
2010 1 14 7 16
2010 1 14 8 16
2010 1 14 9 16
2010 1 14 10 16
2010 1 14 11 16
2010 1 14 12 16
2010 1 14 13 16
2010 1 14 14 16
2010 1 14 15 16
2010 1 14 16 16
2010 1 14 17 16
2010 1 14 18 12
2010 1 14 19 16
2010 1 14 20 16
2010 1 14 21 16
2010 1 14 22 16
2010 1 14 23 16
2010 1 15 0 16
2010 1 15 1 16
2010 1 15 2 16
2010 1 15 3 16
2010 1 15 4 16
2010 1 15 5 16
2010 1 15 6 16
2010 1 15 7 16
2010 1 15 8 16
2010 1 15 9 16
2010 1 15 10 16
2010 1 15 11 16
2010 1 15 0 16
2010 1 15 1 16
2010 1 15 2 16
2010 1 15 3 16
2010 1 15 4 16
2010 1 15 5 16
2010 1 15 6 16
2010 1 15 7 16
2010 1 15 8 16
2010 1 15 9 16
2010 1 15 10 16
2010 1 15 11 16
2010 1 15 12 16
2010 1 15 13 16
2010 1 15 14 16
2010 1 15 15 16
2010 1 15 16 16
2010 1 15 17 16
2010 1 15 18 16
2010 1 15 19 16
2010 1 15 20 16
2010 1 15 21 16
2010 1 15 22 16
2010 1 15 23 16
2010 1 16 0 16
2010 1 16 1 16
2010 1 16 2 16
2010 1 16 3 16
2010 1 16 4 16
2010 1 16 5 16
2010 1 16 6 16
2010 1 16 7 16
2010 1 16 8 16
2010 1 16 9 16
2010 1 16 10 15
2010 1 16 11 15
2010 1 16 12 16
2010 1 16 13 16
2010 1 16 14 16
2010 1 16 15 16
2010 1 16 16 16
2010 1 16 17 16
2010 1 16 18 16
2010 1 16 19 16
2010 1 16 20 15
2010 1 16 21 16
2010 1 16 22 16
2010 1 16 23 16
2010 1 17 0 16
2010 1 17 1 16
2010 1 17 2 16
2010 1 17 3 16
2010 1 17 4 16
2010 1 17 5 16
2010 1 17 6 16
2010 1 17 7 16
2010 1 17 8 16
2010 1 17 9 16
2010 1 17 10 16
2010 1 17 11 16
2010 1 17 12 16
2010 1 17 13 16
2010 1 17 14 16
2010 1 17 15 16
2010 1 17 16 16
2010 1 17 17 16
2010 1 17 18 15
2010 1 17 19 14
2010 1 17 20 16
2010 1 17 21 14
2010 1 17 22 15
2010 1 17 23 15
2010 1 18 0 15
2010 1 18 1 15
2010 1 18 2 15
2010 1 18 3 15
2010 1 18 4 15
2010 1 18 5 16
2010 1 18 6 16
2010 1 18 7 15
2010 1 18 8 15
2010 1 18 9 15
2010 1 18 10 15
2010 1 18 11 15
2010 1 18 12 15
2010 1 18 13 15
2010 1 18 14 15
2010 1 18 15 15
2010 1 18 16 15
2010 1 18 17 12
2010 1 18 18 12
2010 1 18 19 12
2010 1 18 20 12
2010 1 18 21 13
2010 1 18 22 13
2010 1 18 23 13
2010 1 19 0 13
2010 1 19 1 13
2010 1 19 2 13
2010 1 19 3 13
2010 1 19 4 12
2010 1 19 5 12
2010 1 19 6 13
2010 1 19 7 15
2010 1 19 8 14
2010 1 19 9 13
2010 1 19 10 15
2010 1 19 11 13
2010 1 19 12 13
2010 1 19 13 13
2010 1 19 14 10
2010 1 19 15 10
2010 1 19 16 10
2010 1 19 17 10
2010 1 19 18 10
2010 1 19 19 10
2010 1 19 20 9
2010 1 19 21 9
2010 1 19 22 15
2010 1 19 23 7
2010 1 20 0 8
2010 1 20 1 8
2010 1 20 2 8
2010 1 20 3 8
2010 1 20 4 8
2010 1 20 5 13
2010 1 20 6 13
2010 1 20 7 13
2010 1 20 8 14
2010 1 20 9 15
2010 1 20 10 14
2010 1 20 11 15
2010 1 20 12 15
2010 1 20 13 14
2010 1 20 14 14
2010 1 20 15 14
2010 1 20 16 11
2010 1 20 17 11
2010 1 20 18 12
2010 1 20 19 14
2010 1 20 20 14
2010 1 20 21 14
2010 1 20 22 12
2010 1 20 23 12
2010 1 21 0 15
2010 1 21 1 15
2010 1 21 2 13
2010 1 21 3 14
2010 1 21 4 13
2010 1 21 5 15
2010 1 21 6 15
2010 1 21 7 15
2010 1 21 8 13
2010 1 21 9 13
2010 1 21 10 13
2010 1 21 11 15
2010 1 21 12 15
2010 1 21 13 15
2010 1 21 14 15
2010 1 21 15 15
2010 1 21 16 15
2010 1 21 17 15
2010 1 21 18 15
2010 1 21 19 12
2010 1 21 20 12
2010 1 21 21 12
2010 1 21 22 13
2010 1 21 23 15
2010 1 22 0 15
2010 1 22 1 16
2010 1 22 2 15
2010 1 22 3 16
2010 1 22 4 16
2010 1 22 5 16
2010 1 22 6 16
2010 1 22 7 16
2010 1 22 8 16
2010 1 22 9 15
2010 1 22 10 15
2010 1 22 11 13
2010 1 22 12 14
2010 1 22 13 16
2010 1 22 14 12
2010 1 22 15 16
2010 1 22 16 15
2010 1 22 17 15
2010 1 22 18 15
2010 1 22 19 16
2010 1 22 20 15
2010 1 22 21 16
2010 1 22 22 13
2010 1 22 23 13
2010 1 23 0 13
2010 1 23 1 13
2010 1 23 2 13
2010 1 23 3 13
2010 1 23 4 13
2010 1 23 5 13
2010 1 23 6 13
2010 1 23 7 12
2010 1 23 8 12
2010 1 23 9 12
2010 1 23 10 10
2010 1 23 11 11
2010 1 23 12 13
2010 1 23 13 13
2010 1 23 14 13
2010 1 23 15 13
2010 1 23 16 13
2010 1 23 17 13
2010 1 23 18 13
2010 1 23 19 13
2010 1 23 20 13
2010 1 23 21 13
2010 1 23 22 13
2010 1 23 23 13
2010 1 24 0 13
2010 1 24 1 13
2010 1 24 2 13
2010 1 24 3 13
2010 1 24 4 13
2010 1 24 5 13
2010 1 24 6 13
2010 1 24 7 13
2010 1 24 8 13
2010 1 24 9 13
2010 1 24 10 13
2010 1 24 11 13
2010 1 24 12 13
2010 1 24 13 12
2010 1 24 14 12
2010 1 24 15 12
2010 1 24 16 12
2010 1 24 17 12
2010 1 24 18 10
2010 1 24 19 10
2010 1 24 20 9
2010 1 24 21 8
2010 1 24 22 7
2010 1 24 23 10
2010 1 25 0 10
2010 1 25 1 10
2010 1 25 2 10
2010 1 25 3 10
2010 1 25 4 10
2010 1 25 5 10
2010 1 25 6 10
2010 1 25 7 10
2010 1 25 8 10
2010 1 25 9 9
2010 1 25 10 10
2010 1 25 11 10
2010 1 25 12 12
2010 1 25 13 12
2010 1 25 14 13
2010 1 25 15 13
2010 1 25 16 13
2010 1 25 17 13
2010 1 25 18 13
2010 1 25 19 12
2010 1 25 20 12
2010 1 25 21 12
2010 1 25 22 12
2010 1 25 23 12
2010 1 26 0 12
2010 1 26 1 12
2010 1 26 2 13
2010 1 26 3 13
2010 1 26 4 13
2010 1 26 5 13
2010 1 26 6 13
2010 1 26 7 11
2010 1 26 8 10
2010 1 26 9 10
2010 1 26 10 11
2010 1 26 11 11
2010 1 26 12 11
2010 1 26 13 11
2010 1 26 14 11
2010 1 26 15 11
2010 1 26 16 11
2010 1 26 17 12
2010 1 26 18 13
2010 1 26 19 9
2010 1 26 20 13
2010 1 26 21 13
2010 1 26 22 13
2010 1 26 23 13
2010 1 27 0 13
2010 1 27 1 13
2010 1 27 2 13
2010 1 27 3 13
2010 1 27 4 13
2010 1 27 5 13
2010 1 27 6 13
2010 1 27 7 13
2010 1 27 8 13
2010 1 27 9 13
2010 1 27 10 13
2010 1 27 11 13
2010 1 27 12 13
2010 1 27 13 13
2010 1 27 14 10
2010 1 27 15 13
2010 1 27 16 13
2010 1 27 17 13
2010 1 27 18 13
2010 1 27 19 9
2010 1 27 20 9
2010 1 27 21 13
2010 1 27 22 13
2010 1 27 23 13
2010 1 28 0 13
2010 1 28 1 13
2010 1 28 2 13
2010 1 28 3 13
2010 1 28 4 13
2010 1 28 5 13
2010 1 28 6 13
2010 1 28 7 13
2010 1 28 8 11
2010 1 28 9 11
2010 1 28 10 11
2010 1 28 11 11
2010 1 28 12 11
2010 1 28 13 11
2010 1 28 14 11
2010 1 28 15 11
2010 1 28 16 11
2010 1 28 17 6
2010 1 28 18 11
2010 1 28 19 11
2010 1 28 20 11
2010 1 28 21 11
2010 1 28 22 11
2010 1 28 23 11
2010 1 29 0 11
2010 1 29 1 11
2010 1 29 2 11
2010 1 29 3 11
2010 1 29 4 11
2010 1 29 5 11
2010 1 29 6 11
2010 1 29 7 11
2010 1 29 8 11
2010 1 29 9 11
2010 1 29 10 11
2010 1 29 11 11
2010 1 29 12 11
2010 1 29 13 11
2010 1 29 14 11
2010 1 29 15 11
2010 1 29 16 11
2010 1 29 17 11
2010 1 29 18 11
2010 1 29 19 11
2010 1 29 20 11
2010 1 29 21 11
2010 1 29 22 11
2010 1 29 23 11
2010 1 30 0 11
2010 1 30 1 11
2010 1 30 2 11
2010 1 30 3 11
2010 1 30 4 11
2010 1 30 5 11
2010 1 30 6 11
2010 1 30 7 11
2010 1 30 8 11
2010 1 30 9 11
2010 1 30 10 11
2010 1 30 11 11
2010 1 30 12 11
2010 1 30 13 11
2010 1 30 14 11
2010 1 30 15 11
2010 1 30 16 11
2010 1 30 17 11
2010 1 30 18 11
2010 1 30 19 11
2010 1 30 20 11
2010 1 30 21 11
2010 1 30 22 11
2010 1 30 23 11
2010 1 31 0 11
2010 1 31 1 11
2010 1 31 2 11
2010 1 31 3 11
2010 1 31 4 11
2010 1 31 5 11
2010 1 31 6 11
2010 1 31 7 11
2010 1 31 8 11
2010 1 31 9 11
2010 1 31 10 11
2010 1 31 11 11
2010 1 31 12 11
2010 1 31 13 11
2010 1 31 14 11
2010 1 31 15 10
2010 1 31 16 11
2010 1 31 17 11
2010 1 31 18 11
2010 1 31 19 11
2010 1 31 20 11
2010 1 31 21 11
2010 1 31 22 11
2010 1 31 23 11
2008 1 1 0 16
2008 1 1 1 16
2008 1 1 2 16
2008 1 1 3 16
2008 1 1 4 16
2008 1 1 5 16
2008 1 1 6 16
2008 1 1 7 16
2008 1 1 8 16
2008 1 1 9 16
2008 1 1 10 16
2008 1 1 11 16
2008 1 1 12 16
2008 1 1 13 16
2008 1 1 14 16
2008 1 1 15 16
2008 1 1 16 16
2008 1 1 17 16
2008 1 1 18 16
2008 1 1 19 16
2008 1 1 20 16
2008 1 1 21 16
2008 1 1 22 16
2008 1 1 23 16
2008 1 2 0 16
2008 1 2 1 16
2008 1 2 2 16
2008 1 2 3 16
2008 1 2 4 16
2008 1 2 5 16
2008 1 2 6 16
2008 1 2 7 16
2008 1 2 8 16
2008 1 2 9 14
2008 1 2 10 16
2008 1 2 11 12
2008 1 2 12 16
2008 1 2 13 16
2008 1 2 14 16
2008 1 2 15 16
2008 1 2 16 16
2008 1 2 17 16
2008 1 2 18 16
2008 1 2 19 16
2008 1 2 20 16
2008 1 2 21 16
2008 1 2 22 16
2008 1 2 23 16
2008 1 3 0 16
2008 1 3 1 16
2008 1 3 2 16
2008 1 3 3 16
2008 1 3 4 16
2008 1 3 5 16
2008 1 3 6 16
2008 1 3 7 16
2008 1 3 8 16
2008 1 3 9 16
2008 1 3 10 15
2008 1 3 11 16
2008 1 3 12 15
2008 1 3 13 16
2008 1 3 14 15
2008 1 3 15 14
2008 1 3 16 14
2008 1 3 17 14
2008 1 3 18 12
2008 1 3 19 13
2008 1 3 20 12
2008 1 3 21 16
2008 1 3 22 16
2008 1 3 23 16
2008 1 4 0 15
2008 1 4 1 15
2008 1 4 2 14
2008 1 4 3 12
2008 1 4 4 15
2008 1 4 5 15
2008 1 4 6 14
2008 1 4 7 14
2008 1 4 8 15
2008 1 4 9 15
2008 1 4 10 15
2008 1 4 11 15
2008 1 4 12 15
2008 1 4 13 13
2008 1 4 14 12
2008 1 4 15 12
2008 1 4 16 12
2008 1 4 17 12
2008 1 4 18 12
2008 1 4 19 12
2008 1 4 20 13
2008 1 4 21 12
2008 1 4 22 12
2008 1 4 23 12
2008 1 5 0 14
2008 1 5 1 15
2008 1 5 2 12
2008 1 5 3 12
2008 1 5 4 14
2008 1 5 5 14
2008 1 5 6 14
2008 1 5 7 15
2008 1 5 8 15
2008 1 5 9 16
2008 1 5 10 13
2008 1 5 11 16
2008 1 5 12 16
2008 1 5 13 16
2008 1 5 14 16
2008 1 5 15 16
2008 1 5 16 14
2008 1 5 17 16
2008 1 5 18 15
2008 1 5 19 16
2008 1 5 20 13
2008 1 5 21 16
2008 1 5 22 15
2008 1 5 23 15
2008 1 6 0 16
2008 1 6 1 14
2008 1 6 2 13
2008 1 6 3 15
2008 1 6 4 14
2008 1 6 5 16
2008 1 6 6 15
2008 1 6 7 14
2008 1 6 8 14
2008 1 6 9 16
2008 1 6 10 16
2008 1 6 11 16
2008 1 6 12 14
2008 1 6 13 16
2008 1 6 14 15
2008 1 6 15 16
2008 1 6 16 16
2008 1 6 17 16
2008 1 6 18 12
2008 1 6 19 16
2008 1 6 20 16
2008 1 6 21 14
2008 1 6 22 14
2008 1 6 23 14
2008 1 7 0 14
2008 1 7 1 16
2008 1 7 2 16
2008 1 7 3 14
2008 1 7 4 13
2008 1 7 5 13
2008 1 7 6 13
2008 1 7 7 13
2008 1 7 8 13
2008 1 7 9 15
2008 1 7 10 12
2008 1 7 11 13
2008 1 7 12 13
2008 1 7 13 13
2008 1 7 14 13
2008 1 7 15 13
2008 1 7 16 13
2008 1 7 17 12
2008 1 7 18 13
2008 1 7 19 14
2008 1 7 20 15
2008 1 7 21 16
2008 1 7 22 16
2008 1 7 23 16
2008 1 8 0 16
2008 1 8 1 16
2008 1 8 2 16
2008 1 8 3 16
2008 1 8 4 16
2008 1 8 5 16
2008 1 8 6 14
2008 1 8 7 14
2008 1 8 8 14
2008 1 8 9 14
2008 1 8 10 8
2008 1 8 11 7
2008 1 8 12 11
2008 1 8 13 14
2008 1 8 14 14
2008 1 8 15 13
2008 1 8 16 12
2008 1 8 17 14
2008 1 8 18 13
2008 1 8 19 14
2008 1 8 20 14
2008 1 8 21 14
2008 1 8 22 14
2008 1 8 23 14
2008 1 9 0 14
2008 1 9 1 14
2008 1 9 2 14
2008 1 9 3 14
2008 1 9 4 14
2008 1 9 5 13
2008 1 9 6 9
2008 1 9 7 14
2008 1 9 8 14
2008 1 9 9 13
2008 1 9 10 14
2008 1 9 11 14
2008 1 9 12 13
2008 1 9 13 13
2008 1 9 14 13
2008 1 9 15 13
2008 1 9 16 13
2008 1 9 17 13
2008 1 9 18 14
2008 1 9 19 15
2008 1 9 20 12
2008 1 9 21 13
2008 1 9 22 13
2008 1 9 23 16
2008 1 10 0 14
2008 1 10 1 14
2008 1 10 2 14
2008 1 10 3 12
2008 1 10 4 13
2008 1 10 5 14
2008 1 10 6 13
2008 1 10 7 15
2008 1 10 8 15
2008 1 10 9 15
2008 1 10 10 13
2008 1 10 11 14
2008 1 10 12 15
2008 1 10 13 15
2008 1 10 14 15
2008 1 10 15 15
2008 1 10 16 15
2008 1 10 17 16
2008 1 10 18 14
2008 1 10 19 14
2008 1 10 20 16
2008 1 10 21 14
2008 1 10 22 16
2008 1 10 23 16
2008 1 11 0 16
2008 1 11 1 15
2008 1 11 2 12
2008 1 11 3 14
2008 1 11 4 14
2008 1 11 5 14
2008 1 11 6 14
2008 1 11 7 14
2008 1 11 8 14
2008 1 11 9 14
2008 1 11 10 14
2008 1 11 11 14
2008 1 11 12 15
2008 1 11 13 15
2008 1 11 14 15
2008 1 11 15 15
2008 1 11 16 15
2008 1 11 17 14
2008 1 11 18 14
2008 1 11 19 15
2008 1 11 20 15
2008 1 11 21 15
2008 1 11 22 15
2008 1 11 23 15
2008 1 12 0 15
2008 1 12 1 14
2008 1 12 2 13
2008 1 12 3 13
2008 1 12 4 13
2008 1 12 5 15
2008 1 12 6 15
2008 1 12 7 15
2008 1 12 8 15
2008 1 12 9 15
2008 1 12 10 15
2008 1 12 11 15
2008 1 12 12 15
2008 1 12 13 13
2008 1 12 14 14
2008 1 12 15 14
2008 1 12 16 15
2008 1 12 17 15
2008 1 12 18 15
2008 1 12 19 15
2008 1 12 20 15
2008 1 12 21 15
2008 1 12 22 15
2008 1 12 23 15
2008 1 13 0 14
2008 1 13 1 15
2008 1 13 2 15
2008 1 13 3 14
2008 1 13 4 15
2008 1 13 5 14
2008 1 13 6 15
2008 1 13 7 15
2008 1 13 8 15
2008 1 13 9 15
2008 1 13 10 15
2008 1 13 11 15
2008 1 13 12 15
2008 1 13 13 15
2008 1 13 14 15
2008 1 13 15 15
2008 1 13 16 15
2008 1 13 17 13
2008 1 13 18 15
2008 1 13 19 15
2008 1 13 20 15
2008 1 13 21 15
2008 1 13 22 15
2008 1 13 23 15
2008 1 14 0 14
2008 1 14 1 14
2008 1 14 2 14
2008 1 14 3 15
2008 1 14 4 15
2008 1 14 5 15
2008 1 14 6 15
2008 1 14 7 15
2008 1 14 8 15
2008 1 14 9 15
2008 1 14 10 15
2008 1 14 11 15
2008 1 14 12 15
2008 1 14 13 15
2008 1 14 14 15
2008 1 14 15 14
2008 1 14 16 15
2008 1 14 17 15
2008 1 14 18 15
2008 1 14 19 15
2008 1 14 20 13
2008 1 14 21 14
2008 1 14 22 15
2008 1 14 23 15
2008 1 15 0 15
2008 1 15 1 15
2008 1 15 2 13
2008 1 15 3 15
2008 1 15 4 15
2008 1 15 5 14
2008 1 15 6 15
2008 1 15 7 14
2008 1 15 8 15
2008 1 15 9 15
2008 1 15 10 15
2008 1 15 11 15
2008 1 15 12 14
2008 1 15 13 14
2008 1 15 14 14
2008 1 15 15 14
2008 1 15 16 15
2008 1 15 17 15
2008 1 15 18 15
2008 1 15 19 9
2008 1 15 20 11
2008 1 15 21 11
2008 1 15 22 15
2008 1 15 23 15
2008 1 16 0 15
2008 1 16 1 15
2008 1 16 2 15
2008 1 16 3 14
2008 1 16 4 14
2008 1 16 5 14
2008 1 16 6 15
2008 1 16 7 15
2008 1 16 8 15
2008 1 16 9 15
2008 1 16 10 15
2008 1 16 11 15
2008 1 16 12 14
2008 1 16 13 15
2008 1 16 14 15
2008 1 16 15 15
2008 1 16 16 14
2008 1 16 17 14
2008 1 16 18 15
2008 1 16 19 15
2008 1 16 20 15
2008 1 16 21 15
2008 1 16 22 15
2008 1 16 23 15
2008 1 17 0 15
2008 1 17 1 15
2008 1 17 2 15
2008 1 17 3 15
2008 1 17 4 15
2008 1 17 5 15
2008 1 17 6 15
2008 1 17 7 15
2008 1 17 8 15
2008 1 17 9 15
2008 1 17 10 15
2008 1 17 11 15
2008 1 17 12 15
2008 1 17 13 15
2008 1 17 14 15
2008 1 17 15 15
2008 1 17 16 15
2008 1 17 17 15
2008 1 17 18 15
2008 1 17 19 15
2008 1 17 20 15
2008 1 17 21 14
2008 1 17 22 12
2008 1 17 23 16
2008 1 18 0 16
2008 1 18 1 15
2008 1 18 2 15
2008 1 18 3 15
2008 1 18 4 16
2008 1 18 5 16
2008 1 18 6 16
2008 1 18 7 16
2008 1 18 8 16
2008 1 18 9 16
2008 1 18 10 16
2008 1 18 11 16
2008 1 18 12 16
2008 1 18 13 16
2008 1 18 14 15
2008 1 18 15 16
2008 1 18 16 12
2008 1 18 17 15
2008 1 18 18 12
2008 1 18 19 16
2008 1 18 20 16
2008 1 18 21 16
2008 1 18 22 16
2008 1 18 23 16
2008 1 19 0 16
2008 1 19 1 16
2008 1 19 2 16
2008 1 19 3 16
2008 1 19 4 16
2008 1 19 5 16
2008 1 19 6 16
2008 1 19 7 16
2008 1 19 8 16
2008 1 19 9 16
2008 1 19 10 16
2008 1 19 11 15
2008 1 19 12 16
2008 1 19 13 16
2008 1 19 14 16
2008 1 19 15 16
2008 1 19 16 16
2008 1 19 17 16
2008 1 19 18 16
2008 1 19 19 16
2008 1 19 20 16
2008 1 19 21 16
2008 1 19 22 16
2008 1 19 23 16
2008 1 20 0 16
2008 1 20 1 16
2008 1 20 2 15
2008 1 20 3 14
2008 1 20 4 12
2008 1 20 5 13
2008 1 20 6 16
2008 1 20 7 16
2008 1 20 8 16
2008 1 20 9 16
2008 1 20 10 16
2008 1 20 11 16
2008 1 20 12 16
2008 1 20 13 16
2008 1 20 14 16
2008 1 20 15 16
2008 1 20 16 16
2008 1 20 17 16
2008 1 20 18 16
2008 1 20 19 16
2008 1 20 20 16
2008 1 20 21 16
2008 1 20 22 16
2008 1 20 23 16
2008 1 21 0 16
2008 1 21 1 16
2008 1 21 2 16
2008 1 21 3 16
2008 1 21 4 14
2008 1 21 5 16
2008 1 21 6 16
2008 1 21 7 16
2008 1 21 8 16
2008 1 21 9 16
2008 1 21 10 16
2008 1 21 11 16
2008 1 21 12 16
2008 1 21 13 16
2008 1 21 14 16
2008 1 21 15 15
2008 1 21 16 16
2008 1 21 17 16
2008 1 21 18 16
2008 1 21 19 16
2008 1 21 20 15
2008 1 21 21 16
2008 1 21 22 16
2008 1 21 23 16
2008 1 22 0 16
2008 1 22 1 16
2008 1 22 2 14
2008 1 22 3 16
2008 1 22 4 16
2008 1 22 5 16
2008 1 22 6 16
2008 1 22 7 16
2008 1 22 8 16
2008 1 22 9 16
2008 1 22 10 16
2008 1 22 11 16
2008 1 22 12 15
2008 1 22 13 15
2008 1 22 14 16
2008 1 22 15 15
2008 1 22 16 16
2008 1 22 17 15
2008 1 22 18 16
2008 1 22 19 16
2008 1 22 20 16
2008 1 22 21 16
2008 1 22 22 16
2008 1 22 23 15
2008 1 23 0 16
2008 1 23 1 16
2008 1 23 2 16
2008 1 23 3 16
2008 1 23 4 16
2008 1 23 5 16
2008 1 23 6 16
2008 1 23 7 15
2008 1 23 8 15
2008 1 23 9 15
2008 1 23 10 15
2008 1 23 11 15
2008 1 23 12 15
2008 1 23 13 16
2008 1 23 14 15
2008 1 23 15 15
2008 1 23 16 14
2008 1 23 17 15
2008 1 23 18 14
2008 1 23 19 14
2008 1 23 20 15
2008 1 23 21 15
2008 1 23 22 15
2008 1 23 23 15
2008 1 24 0 15
2008 1 24 1 15
2008 1 24 2 15
2008 1 24 3 15
2008 1 24 4 15
2008 1 24 5 15
2008 1 24 6 15
2008 1 24 7 15
2008 1 24 8 15
2008 1 24 9 15
2008 1 24 10 15
2008 1 24 11 15
2008 1 24 12 14
2008 1 24 13 14
2008 1 24 14 15
2008 1 24 15 15
2008 1 24 16 15
2008 1 24 17 15
2008 1 24 18 14
2008 1 24 19 15
2008 1 24 20 15
2008 1 24 21 15
2008 1 24 22 15
2008 1 24 23 15
2008 1 25 0 15
2008 1 25 1 11
2008 1 25 2 15
2008 1 25 3 15
2008 1 25 4 15
2008 1 25 5 15
2008 1 25 6 15
2008 1 25 7 15
2008 1 25 8 15
2008 1 25 9 15
2008 1 25 10 15
2008 1 25 11 13
2008 1 25 12 15
2008 1 25 13 16
2008 1 25 14 15
2008 1 25 15 15
2008 1 25 16 14
2008 1 25 17 13
2008 1 25 18 12
2008 1 25 19 12
2008 1 25 20 12
2008 1 25 21 12
2008 1 25 22 12
2008 1 25 23 12
2008 1 26 0 13
2008 1 26 1 12
2008 1 26 2 12
2008 1 26 3 12
2008 1 26 4 12
2008 1 26 5 12
2008 1 26 6 12
2008 1 26 7 12
2008 1 26 8 12
2008 1 26 9 12
2008 1 26 10 12
2008 1 26 11 12
2008 1 26 12 12
2008 1 26 13 12
2008 1 26 14 12
2008 1 26 15 12
2008 1 26 16 13
2008 1 26 17 12
2008 1 26 18 13
2008 1 26 19 12
2008 1 26 20 13
2008 1 26 21 13
2008 1 26 22 13
2008 1 26 23 15
2008 1 27 0 13
2008 1 27 1 16
2008 1 27 2 16
2008 1 27 3 16
2008 1 27 4 15
2008 1 27 5 16
2008 1 27 6 15
2008 1 27 7 15
2008 1 27 8 15
2008 1 27 9 15
2008 1 27 10 14
2008 1 27 11 14
2008 1 27 12 12
2008 1 27 13 14
2008 1 27 14 14
2008 1 27 15 12
2008 1 27 16 12
2008 1 27 17 12
2008 1 27 18 12
2008 1 27 19 12
2008 1 27 20 12
2008 1 27 21 12
2008 1 27 22 12
2008 1 27 23 12
2008 1 28 0 12
2008 1 28 1 14
2008 1 28 2 14
2008 1 28 3 15
2008 1 28 4 14
2008 1 28 5 14
2008 1 28 6 15
2008 1 28 7 15
2008 1 28 8 15
2008 1 28 9 14
2008 1 28 10 15
2008 1 28 11 15
2008 1 28 12 14
2008 1 28 13 15
2008 1 28 14 15
2008 1 28 15 14
2008 1 28 16 15
2008 1 28 17 12
2008 1 28 18 12
2008 1 28 19 12
2008 1 28 20 12
2008 1 28 21 12
2008 1 28 22 12
2008 1 28 23 13
2008 1 29 0 12
2008 1 29 1 12
2008 1 29 2 14
2008 1 29 3 15
2008 1 29 4 16
2008 1 29 5 14
2008 1 29 6 12
2008 1 29 7 16
2008 1 29 8 16
2008 1 29 9 16
2008 1 29 10 16
2008 1 29 11 16
2008 1 29 12 16
2008 1 29 13 16
2008 1 29 14 14
2008 1 29 15 15
2008 1 29 16 14
2008 1 29 17 13
2008 1 29 18 13
2008 1 29 19 14
2008 1 29 20 16
2008 1 29 21 16
2008 1 29 22 16
2008 1 29 23 16
2008 1 30 0 16
2008 1 30 1 16
2008 1 30 2 16
2008 1 30 3 16
2008 1 30 4 15
2008 1 30 5 16
2008 1 30 6 16
2008 1 30 7 16
2008 1 30 8 16
2008 1 30 9 15
2008 1 30 10 16
2008 1 30 11 16
2008 1 30 12 15
2008 1 30 13 16
2008 1 30 14 13
2008 1 30 15 14
2008 1 30 16 14
2008 1 30 17 15
2008 1 30 18 16
2008 1 30 19 12
2008 1 30 20 12
2008 1 30 21 13
2008 1 30 22 12
2008 1 30 23 13
2008 1 31 0 15
2008 1 31 1 16
2008 1 31 2 15
2008 1 31 3 14
2008 1 31 4 12
2008 1 31 5 13
2008 1 31 6 14
2008 1 31 7 13
2008 1 31 8 12
2008 1 31 9 12
2008 1 31 10 12
2008 1 31 11 12
2008 1 31 12 14
2008 1 31 13 14
2008 1 31 14 12
2008 1 31 15 11
2008 1 31 16 11
2008 1 31 17 10
2008 1 31 18 11
2008 1 31 19 11
2008 1 31 20 11
2008 1 31 21 11
2008 1 31 22 13
2008 1 31 23 11
