2010 1 1 0 16
2010 1 1 1 16
2010 1 1 2 17
2010 1 1 3 17
2010 1 1 4 17
2010 1 1 5 17
2010 1 1 6 17
2010 1 1 7 17
2010 1 1 8 16
2010 1 1 9 16
2010 1 1 10 16
2010 1 1 11 16
2010 1 1 0 16
2010 1 1 1 16
2010 1 1 2 17
2010 1 1 3 17
2010 1 1 4 17
2010 1 1 5 17
2010 1 1 6 17
2010 1 1 7 17
2010 1 1 8 16
2010 1 1 9 16
2010 1 1 10 16
2010 1 1 11 16
2010 1 1 12 16
2010 1 1 13 16
2010 1 1 14 16
2010 1 1 15 16
2010 1 1 16 16
2010 1 1 17 15
2010 1 1 18 16
2010 1 1 19 17
2010 1 1 20 17
2010 1 1 21 17
2010 1 1 22 17
2010 1 1 23 17
2010 1 2 0 17
2010 1 2 1 17
2010 1 2 2 17
2010 1 2 3 17
2010 1 2 4 17
2010 1 2 5 17
2010 1 2 6 17
2010 1 2 7 17
2010 1 2 8 17
2010 1 2 9 17
2010 1 2 10 17
2010 1 2 11 17
2010 1 2 12 17
2010 1 2 13 17
2010 1 2 14 17
2010 1 2 15 17
2010 1 2 16 17
2010 1 2 17 17
2010 1 2 18 17
2010 1 2 19 17
2010 1 2 20 17
2010 1 2 21 17
2010 1 2 22 17
2010 1 2 23 17
2010 1 3 0 17
2010 1 3 1 17
2010 1 3 2 17
2010 1 3 3 17
2010 1 3 4 17
2010 1 3 5 17
2010 1 3 6 17
2010 1 3 7 17
2010 1 3 8 17
2010 1 3 9 17
2010 1 3 10 17
2010 1 3 11 17
2010 1 3 12 17
2010 1 3 13 17
2010 1 3 14 17
2010 1 3 15 17
2010 1 3 16 17
2010 1 3 17 17
2010 1 3 18 17
2010 1 3 19 17
2010 1 3 20 17
2010 1 3 21 17
2010 1 3 22 17
2010 1 3 23 17
2010 1 4 0 17
2010 1 4 1 17
2010 1 4 2 17
2010 1 4 3 17
2010 1 4 4 17
2010 1 4 5 17
2010 1 4 6 17
2010 1 4 7 17
2010 1 4 8 17
2010 1 4 9 17
2010 1 4 10 17
2010 1 4 11 17
2010 1 4 12 17
2010 1 4 13 17
2010 1 4 14 17
2010 1 4 15 17
2010 1 4 16 17
2010 1 4 17 17
2010 1 4 18 17
2010 1 4 19 17
2010 1 4 20 17
2010 1 4 21 17
2010 1 4 22 17
2010 1 4 23 17
2010 1 5 0 17
2010 1 5 1 15
2010 1 5 2 17
2010 1 5 3 17
2010 1 5 4 17
2010 1 5 5 17
2010 1 5 6 17
2010 1 5 7 17
2010 1 5 8 17
2010 1 5 9 17
2010 1 5 10 17
2010 1 5 11 17
2010 1 5 12 17
2010 1 5 13 17
2010 1 5 14 17
2010 1 5 15 16
2010 1 5 16 17
2010 1 5 17 17
2010 1 5 18 17
2010 1 5 19 17
2010 1 5 20 16
2010 1 5 21 16
2010 1 5 22 17
2010 1 5 23 17
2010 1 6 0 17
2010 1 6 1 17
2010 1 6 2 17
2010 1 6 3 17
2010 1 6 4 17
2010 1 6 5 17
2010 1 6 6 17
2010 1 6 7 17
2010 1 6 8 17
2010 1 6 9 17
2010 1 6 10 17
2010 1 6 11 17
2010 1 6 12 17
2010 1 6 13 17
2010 1 6 14 17
2010 1 6 15 17
2010 1 6 16 17
2010 1 6 17 17
2010 1 6 18 17
2010 1 6 19 17
2010 1 6 20 17
2010 1 6 21 17
2010 1 6 22 17
2010 1 6 23 16
2010 1 7 0 17
2010 1 7 1 16
2010 1 7 2 17
2010 1 7 3 17
2010 1 7 4 17
2010 1 7 5 17
2010 1 7 6 17
2010 1 7 7 17
2010 1 7 8 17
2010 1 7 9 17
2010 1 7 10 17
2010 1 7 11 17
2010 1 7 12 17
2010 1 7 13 17
2010 1 7 14 17
2010 1 7 15 17
2010 1 7 16 17
2010 1 7 17 17
2010 1 7 18 17
2010 1 7 19 17
2010 1 7 20 17
2010 1 7 21 17
2010 1 7 22 17
2010 1 7 23 17
2010 1 8 0 17
2010 1 8 1 17
2010 1 8 2 17
2010 1 8 3 17
2010 1 8 4 17
2010 1 8 5 17
2010 1 8 6 17
2010 1 8 7 17
2010 1 8 8 17
2010 1 8 9 17
2010 1 8 10 17
2010 1 8 11 17
2010 1 8 12 17
2010 1 8 13 17
2010 1 8 14 17
2010 1 8 15 17
2010 1 8 16 17
2010 1 8 17 17
2010 1 8 18 17
2010 1 8 19 17
2010 1 8 20 17
2010 1 8 21 17
2010 1 8 22 17
2010 1 8 23 17
2010 1 9 0 17
2010 1 9 1 17
2010 1 9 2 17
2010 1 9 3 17
2010 1 9 4 17
2010 1 9 5 17
2010 1 9 6 17
2010 1 9 7 16
2010 1 9 8 17
2010 1 9 9 17
2010 1 9 10 17
2010 1 9 11 17
2010 1 9 12 17
2010 1 9 13 17
2010 1 9 14 17
2010 1 9 15 17
2010 1 9 16 17
2010 1 9 17 17
2010 1 9 18 17
2010 1 9 19 17
2010 1 9 20 17
2010 1 9 21 17
2010 1 9 22 17
2010 1 9 23 17
2010 1 10 0 17
2010 1 10 1 17
2010 1 10 2 17
2010 1 10 3 17
2010 1 10 4 17
2010 1 10 5 17
2010 1 10 6 17
2010 1 10 7 17
2010 1 10 8 17
2010 1 10 9 17
2010 1 10 10 17
2010 1 10 11 17
2010 1 10 12 15
2010 1 10 13 17
2010 1 10 14 17
2010 1 10 15 17
2010 1 10 16 17
2010 1 10 17 17
2010 1 10 18 17
2010 1 10 19 17
2010 1 10 20 17
2010 1 10 21 17
2010 1 10 22 17
2010 1 10 23 17
2010 1 11 0 17
2010 1 11 1 17
2010 1 11 2 17
2010 1 11 3 17
2010 1 11 4 17
2010 1 11 5 17
2010 1 11 6 17
2010 1 11 7 17
2010 1 11 8 17
2010 1 11 9 17
2010 1 11 10 17
2010 1 11 11 17
2010 1 11 12 17
2010 1 11 13 17
2010 1 11 14 17
2010 1 11 15 17
2010 1 11 16 17
2010 1 11 17 17
2010 1 11 18 17
2010 1 11 19 17
2010 1 11 20 17
2010 1 11 21 17
2010 1 11 22 17
2010 1 11 23 17
2010 1 12 0 17
2010 1 12 1 17
2010 1 12 2 17
2010 1 12 3 17
2010 1 12 4 17
2010 1 12 5 17
2010 1 12 6 17
2010 1 12 7 17
2010 1 12 8 17
2010 1 12 9 17
2010 1 12 10 17
2010 1 12 11 17
2010 1 12 12 17
2010 1 12 13 17
2010 1 12 14 17
2010 1 12 15 17
2010 1 12 16 16
2010 1 12 17 16
2010 1 12 18 16
2010 1 12 19 16
2010 1 12 20 16
2010 1 12 21 17
2010 1 12 22 17
2010 1 12 23 17
2010 1 13 0 17
2010 1 13 1 17
2010 1 13 2 17
2010 1 13 3 17
2010 1 13 4 17
2010 1 13 5 17
2010 1 13 6 17
2010 1 13 7 17
2010 1 13 8 17
2010 1 13 9 17
2010 1 13 10 17
2010 1 13 11 17
2010 1 13 0 17
2010 1 13 1 17
2010 1 13 2 17
2010 1 13 3 17
2010 1 13 4 17
2010 1 13 5 17
2010 1 13 6 17
2010 1 13 7 17
2010 1 13 8 17
2010 1 13 9 17
2010 1 13 10 17
2010 1 13 11 17
2010 1 13 12 17
2010 1 13 13 17
2010 1 13 14 17
2010 1 13 15 17
2010 1 13 16 17
2010 1 13 17 17
2010 1 13 18 17
2010 1 13 19 17
2010 1 13 20 17
2010 1 13 21 17
2010 1 13 22 17
2010 1 13 23 17
2010 1 14 0 17
2010 1 14 1 17
2010 1 14 2 17
2010 1 14 3 17
2010 1 14 4 17
2010 1 14 5 17
2010 1 14 6 17
2010 1 14 7 17
2010 1 14 8 17
2010 1 14 9 17
2010 1 14 10 17
2010 1 14 11 17
2010 1 14 12 17
2010 1 14 13 17
2010 1 14 14 17
2010 1 14 15 17
2010 1 14 16 17
2010 1 14 17 17
2010 1 14 18 15
2010 1 14 19 17
2010 1 14 20 17
2010 1 14 21 17
2010 1 14 22 17
2010 1 14 23 17
2010 1 15 0 17
2010 1 15 1 17
2010 1 15 2 17
2010 1 15 3 17
2010 1 15 4 17
2010 1 15 5 17
2010 1 15 6 17
2010 1 15 7 17
2010 1 15 8 17
2010 1 15 9 17
2010 1 15 10 17
2010 1 15 11 17
2010 1 15 0 17
2010 1 15 1 17
2010 1 15 2 17
2010 1 15 3 17
2010 1 15 4 17
2010 1 15 5 17
2010 1 15 6 17
2010 1 15 7 17
2010 1 15 8 17
2010 1 15 9 17
2010 1 15 10 17
2010 1 15 11 17
2010 1 15 12 17
2010 1 15 13 17
2010 1 15 14 17
2010 1 15 15 17
2010 1 15 16 17
2010 1 15 17 17
2010 1 15 18 17
2010 1 15 19 17
2010 1 15 20 17
2010 1 15 21 17
2010 1 15 22 17
2010 1 15 23 17
2010 1 16 0 17
2010 1 16 1 17
2010 1 16 2 17
2010 1 16 3 17
2010 1 16 4 17
2010 1 16 5 17
2010 1 16 6 17
2010 1 16 7 17
2010 1 16 8 17
2010 1 16 9 17
2010 1 16 10 17
2010 1 16 11 17
2010 1 16 12 17
2010 1 16 13 17
2010 1 16 14 17
2010 1 16 15 17
2010 1 16 16 17
2010 1 16 17 17
2010 1 16 18 17
2010 1 16 19 17
2010 1 16 20 17
2010 1 16 21 17
2010 1 16 22 17
2010 1 16 23 17
2010 1 17 0 17
2010 1 17 1 17
2010 1 17 2 17
2010 1 17 3 17
2010 1 17 4 17
2010 1 17 5 17
2010 1 17 6 17
2010 1 17 7 17
2010 1 17 8 17
2010 1 17 9 17
2010 1 17 10 17
2010 1 17 11 17
2010 1 17 12 17
2010 1 17 13 17
2010 1 17 14 17
2010 1 17 15 17
2010 1 17 16 17
2010 1 17 17 17
2010 1 17 18 17
2010 1 17 19 17
2010 1 17 20 17
2010 1 17 21 17
2010 1 17 22 17
2010 1 17 23 17
2010 1 18 0 17
2010 1 18 1 17
2010 1 18 2 16
2010 1 18 3 16
2010 1 18 4 16
2010 1 18 5 17
2010 1 18 6 16
2010 1 18 7 16
2010 1 18 8 16
2010 1 18 9 16
2010 1 18 10 17
2010 1 18 11 17
2010 1 18 12 17
2010 1 18 13 17
2010 1 18 14 17
2010 1 18 15 17
2010 1 18 16 17
2010 1 18 17 16
2010 1 18 18 13
2010 1 18 19 13
2010 1 18 20 12
2010 1 18 21 12
2010 1 18 22 12
2010 1 18 23 12
2010 1 19 0 12
2010 1 19 1 13
2010 1 19 2 13
2010 1 19 3 12
2010 1 19 4 15
2010 1 19 5 15
2010 1 19 6 16
2010 1 19 7 17
2010 1 19 8 16
2010 1 19 9 16
2010 1 19 10 17
2010 1 19 11 13
2010 1 19 12 13
2010 1 19 13 13
2010 1 19 14 10
2010 1 19 15 10
2010 1 19 16 9
2010 1 19 17 10
2010 1 19 18 10
2010 1 19 19 10
2010 1 19 20 11
2010 1 19 21 11
2010 1 19 22 16
2010 1 19 23 8
2010 1 20 0 7
2010 1 20 1 7
2010 1 20 2 7
2010 1 20 3 10
2010 1 20 4 10
2010 1 20 5 14
2010 1 20 6 14
2010 1 20 7 14
2010 1 20 8 15
2010 1 20 9 16
2010 1 20 10 16
2010 1 20 11 16
2010 1 20 12 16
2010 1 20 13 16
2010 1 20 14 16
2010 1 20 15 16
2010 1 20 16 14
2010 1 20 17 14
2010 1 20 18 15
2010 1 20 19 16
2010 1 20 20 15
2010 1 20 21 16
2010 1 20 22 15
2010 1 20 23 15
2010 1 21 0 16
2010 1 21 1 16
2010 1 21 2 12
2010 1 21 3 12
2010 1 21 4 15
2010 1 21 5 16
2010 1 21 6 16
2010 1 21 7 16
2010 1 21 8 15
2010 1 21 9 16
2010 1 21 10 16
2010 1 21 11 16
2010 1 21 12 16
2010 1 21 13 16
2010 1 21 14 16
2010 1 21 15 17
2010 1 21 16 16
2010 1 21 17 16
2010 1 21 18 16
2010 1 21 19 15
2010 1 21 20 15
2010 1 21 21 15
2010 1 21 22 16
2010 1 21 23 17
2010 1 22 0 17
2010 1 22 1 17
2010 1 22 2 17
2010 1 22 3 17
2010 1 22 4 17
2010 1 22 5 17
2010 1 22 6 17
2010 1 22 7 17
2010 1 22 8 17
2010 1 22 9 17
2010 1 22 10 17
2010 1 22 11 16
2010 1 22 12 16
2010 1 22 13 17
2010 1 22 14 15
2010 1 22 15 17
2010 1 22 16 17
2010 1 22 17 17
2010 1 22 18 17
2010 1 22 19 17
2010 1 22 20 17
2010 1 22 21 17
2010 1 22 22 14
2010 1 22 23 14
2010 1 23 0 14
2010 1 23 1 14
2010 1 23 2 14
2010 1 23 3 14
2010 1 23 4 14
2010 1 23 5 14
2010 1 23 6 14
2010 1 23 7 14
2010 1 23 8 14
2010 1 23 9 14
2010 1 23 10 13
2010 1 23 11 13
2010 1 23 12 14
2010 1 23 13 14
2010 1 23 14 14
2010 1 23 15 14
2010 1 23 16 14
2010 1 23 17 14
2010 1 23 18 14
2010 1 23 19 14
2010 1 23 20 14
2010 1 23 21 14
2010 1 23 22 14
2010 1 23 23 14
2010 1 24 0 14
2010 1 24 1 14
2010 1 24 2 14
2010 1 24 3 14
2010 1 24 4 14
2010 1 24 5 14
2010 1 24 6 14
2010 1 24 7 14
2010 1 24 8 14
2010 1 24 9 14
2010 1 24 10 14
2010 1 24 11 14
2010 1 24 12 14
2010 1 24 13 13
2010 1 24 14 14
2010 1 24 15 14
2010 1 24 16 14
2010 1 24 17 14
2010 1 24 18 13
2010 1 24 19 13
2010 1 24 20 13
2010 1 24 21 14
2010 1 24 22 13
2010 1 24 23 10
2010 1 25 0 10
2010 1 25 1 10
2010 1 25 2 10
2010 1 25 3 10
2010 1 25 4 10
2010 1 25 5 10
2010 1 25 6 10
2010 1 25 7 10
2010 1 25 8 10
2010 1 25 9 10
2010 1 25 10 10
2010 1 25 11 10
2010 1 25 12 11
2010 1 25 13 11
2010 1 25 14 11
2010 1 25 15 11
2010 1 25 16 11
2010 1 25 17 11
2010 1 25 18 11
2010 1 25 19 11
2010 1 25 20 11
2010 1 25 21 10
2010 1 25 22 10
2010 1 25 23 10
2010 1 26 0 10
2010 1 26 1 10
2010 1 26 2 10
2010 1 26 3 10
2010 1 26 4 11
2010 1 26 5 11
2010 1 26 6 11
2010 1 26 7 10
2010 1 26 8 10
2010 1 26 9 10
2010 1 26 10 10
2010 1 26 11 9
2010 1 26 12 9
2010 1 26 13 9
2010 1 26 14 9
2010 1 26 15 10
2010 1 26 16 10
2010 1 26 17 10
2010 1 26 18 11
2010 1 26 19 9
2010 1 26 20 11
2010 1 26 21 14
2010 1 26 22 14
2010 1 26 23 14
2010 1 27 0 14
2010 1 27 1 14
2010 1 27 2 14
2010 1 27 3 14
2010 1 27 4 14
2010 1 27 5 14
2010 1 27 6 14
2010 1 27 7 14
2010 1 27 8 14
2010 1 27 9 14
2010 1 27 10 14
2010 1 27 11 14
2010 1 27 12 14
2010 1 27 13 14
2010 1 27 14 14
2010 1 27 15 14
2010 1 27 16 14
2010 1 27 17 14
2010 1 27 18 14
2010 1 27 19 12
2010 1 27 20 12
2010 1 27 21 14
2010 1 27 22 14
2010 1 27 23 14
2010 1 28 0 14
2010 1 28 1 14
2010 1 28 2 14
2010 1 28 3 14
2010 1 28 4 14
2010 1 28 5 14
2010 1 28 6 14
2010 1 28 7 14
2010 1 28 8 10
2010 1 28 9 10
2010 1 28 10 10
2010 1 28 11 10
2010 1 28 12 10
2010 1 28 13 10
2010 1 28 14 10
2010 1 28 15 10
2010 1 28 16 10
2010 1 28 17 6
2010 1 28 18 10
2010 1 28 19 10
2010 1 28 20 10
2010 1 28 21 10
2010 1 28 22 10
2010 1 28 23 10
2010 1 29 0 10
2010 1 29 1 10
2010 1 29 2 10
2010 1 29 3 10
2010 1 29 4 10
2010 1 29 5 10
2010 1 29 6 10
2010 1 29 7 10
2010 1 29 8 10
2010 1 29 9 10
2010 1 29 10 10
2010 1 29 11 10
2010 1 29 12 10
2010 1 29 13 10
2010 1 29 14 10
2010 1 29 15 10
2010 1 29 16 10
2010 1 29 17 10
2010 1 29 18 10
2010 1 29 19 10
2010 1 29 20 10
2010 1 29 21 10
2010 1 29 22 10
2010 1 29 23 10
2010 1 30 0 10
2010 1 30 1 10
2010 1 30 2 10
2010 1 30 3 10
2010 1 30 4 10
2010 1 30 5 10
2010 1 30 6 10
2010 1 30 7 10
2010 1 30 8 10
2010 1 30 9 10
2010 1 30 10 10
2010 1 30 11 10
2010 1 30 12 10
2010 1 30 13 10
2010 1 30 14 10
2010 1 30 15 10
2010 1 30 16 10
2010 1 30 17 10
2010 1 30 18 10
2010 1 30 19 10
2010 1 30 20 10
2010 1 30 21 10
2010 1 30 22 10
2010 1 30 23 10
2010 1 31 0 10
2010 1 31 1 10
2010 1 31 2 10
2010 1 31 3 10
2010 1 31 4 10
2010 1 31 5 10
2010 1 31 6 10
2010 1 31 7 10
2010 1 31 8 10
2010 1 31 9 10
2010 1 31 10 10
2010 1 31 11 10
2010 1 31 12 10
2010 1 31 13 10
2010 1 31 14 10
2010 1 31 15 10
2010 1 31 16 10
2010 1 31 17 10
2010 1 31 18 10
2010 1 31 19 10
2010 1 31 20 10
2010 1 31 21 10
2010 1 31 22 10
2010 1 31 23 10
2008 1 1 0 17
2008 1 1 1 17
2008 1 1 2 17
2008 1 1 3 17
2008 1 1 4 17
2008 1 1 5 17
2008 1 1 6 17
2008 1 1 7 17
2008 1 1 8 17
2008 1 1 9 17
2008 1 1 10 17
2008 1 1 11 17
2008 1 1 12 17
2008 1 1 13 17
2008 1 1 14 17
2008 1 1 15 17
2008 1 1 16 17
2008 1 1 17 17
2008 1 1 18 17
2008 1 1 19 17
2008 1 1 20 17
2008 1 1 21 17
2008 1 1 22 17
2008 1 1 23 17
2008 1 2 0 17
2008 1 2 1 17
2008 1 2 2 17
2008 1 2 3 17
2008 1 2 4 17
2008 1 2 5 17
2008 1 2 6 17
2008 1 2 7 17
2008 1 2 8 17
2008 1 2 9 17
2008 1 2 10 17
2008 1 2 11 15
2008 1 2 12 17
2008 1 2 13 17
2008 1 2 14 17
2008 1 2 15 17
2008 1 2 16 17
2008 1 2 17 17
2008 1 2 18 17
2008 1 2 19 17
2008 1 2 20 17
2008 1 2 21 17
2008 1 2 22 17
2008 1 2 23 17
2008 1 3 0 17
2008 1 3 1 17
2008 1 3 2 17
2008 1 3 3 17
2008 1 3 4 17
2008 1 3 5 17
2008 1 3 6 17
2008 1 3 7 17
2008 1 3 8 17
2008 1 3 9 17
2008 1 3 10 17
2008 1 3 11 17
2008 1 3 12 17
2008 1 3 13 17
2008 1 3 14 17
2008 1 3 15 13
2008 1 3 16 13
2008 1 3 17 13
2008 1 3 18 12
2008 1 3 19 15
2008 1 3 20 15
2008 1 3 21 16
2008 1 3 22 16
2008 1 3 23 16
2008 1 4 0 16
2008 1 4 1 16
2008 1 4 2 16
2008 1 4 3 15
2008 1 4 4 16
2008 1 4 5 16
2008 1 4 6 16
2008 1 4 7 16
2008 1 4 8 16
2008 1 4 9 16
2008 1 4 10 16
2008 1 4 11 16
2008 1 4 12 16
2008 1 4 13 16
2008 1 4 14 15
2008 1 4 15 15
2008 1 4 16 15
2008 1 4 17 15
2008 1 4 18 15
2008 1 4 19 15
2008 1 4 20 15
2008 1 4 21 15
2008 1 4 22 15
2008 1 4 23 15
2008 1 5 0 16
2008 1 5 1 17
2008 1 5 2 16
2008 1 5 3 15
2008 1 5 4 16
2008 1 5 5 16
2008 1 5 6 17
2008 1 5 7 17
2008 1 5 8 17
2008 1 5 9 17
2008 1 5 10 14
2008 1 5 11 17
2008 1 5 12 17
2008 1 5 13 17
2008 1 5 14 17
2008 1 5 15 17
2008 1 5 16 16
2008 1 5 17 17
2008 1 5 18 16
2008 1 5 19 17
2008 1 5 20 15
2008 1 5 21 17
2008 1 5 22 16
2008 1 5 23 16
2008 1 6 0 16
2008 1 6 1 16
2008 1 6 2 16
2008 1 6 3 16
2008 1 6 4 15
2008 1 6 5 16
2008 1 6 6 16
2008 1 6 7 15
2008 1 6 8 15
2008 1 6 9 16
2008 1 6 10 16
2008 1 6 11 16
2008 1 6 12 15
2008 1 6 13 16
2008 1 6 14 15
2008 1 6 15 16
2008 1 6 16 16
2008 1 6 17 16
2008 1 6 18 16
2008 1 6 19 16
2008 1 6 20 16
2008 1 6 21 16
2008 1 6 22 16
2008 1 6 23 16
2008 1 7 0 16
2008 1 7 1 17
2008 1 7 2 17
2008 1 7 3 16
2008 1 7 4 16
2008 1 7 5 16
2008 1 7 6 16
2008 1 7 7 16
2008 1 7 8 16
2008 1 7 9 16
2008 1 7 10 15
2008 1 7 11 15
2008 1 7 12 15
2008 1 7 13 15
2008 1 7 14 15
2008 1 7 15 15
2008 1 7 16 15
2008 1 7 17 15
2008 1 7 18 15
2008 1 7 19 15
2008 1 7 20 15
2008 1 7 21 17
2008 1 7 22 17
2008 1 7 23 17
2008 1 8 0 17
2008 1 8 1 17
2008 1 8 2 17
2008 1 8 3 17
2008 1 8 4 17
2008 1 8 5 17
2008 1 8 6 15
2008 1 8 7 13
2008 1 8 8 16
2008 1 8 9 16
2008 1 8 10 7
2008 1 8 11 7
2008 1 8 12 10
2008 1 8 13 13
2008 1 8 14 15
2008 1 8 15 16
2008 1 8 16 12
2008 1 8 17 13
2008 1 8 18 13
2008 1 8 19 13
2008 1 8 20 12
2008 1 8 21 13
2008 1 8 22 12
2008 1 8 23 12
2008 1 9 0 13
2008 1 9 1 13
2008 1 9 2 16
2008 1 9 3 15
2008 1 9 4 16
2008 1 9 5 14
2008 1 9 6 10
2008 1 9 7 15
2008 1 9 8 15
2008 1 9 9 15
2008 1 9 10 15
2008 1 9 11 15
2008 1 9 12 15
2008 1 9 13 15
2008 1 9 14 15
2008 1 9 15 15
2008 1 9 16 15
2008 1 9 17 15
2008 1 9 18 15
2008 1 9 19 16
2008 1 9 20 15
2008 1 9 21 15
2008 1 9 22 16
2008 1 9 23 16
2008 1 10 0 12
2008 1 10 1 12
2008 1 10 2 12
2008 1 10 3 15
2008 1 10 4 15
2008 1 10 5 16
2008 1 10 6 15
2008 1 10 7 16
2008 1 10 8 16
2008 1 10 9 16
2008 1 10 10 15
2008 1 10 11 16
2008 1 10 12 16
2008 1 10 13 16
2008 1 10 14 16
2008 1 10 15 16
2008 1 10 16 16
2008 1 10 17 16
2008 1 10 18 16
2008 1 10 19 16
2008 1 10 20 16
2008 1 10 21 16
2008 1 10 22 16
2008 1 10 23 16
2008 1 11 0 16
2008 1 11 1 17
2008 1 11 2 15
2008 1 11 3 17
2008 1 11 4 17
2008 1 11 5 17
2008 1 11 6 17
2008 1 11 7 17
2008 1 11 8 17
2008 1 11 9 17
2008 1 11 10 17
2008 1 11 11 17
2008 1 11 12 17
2008 1 11 13 17
2008 1 11 14 17
2008 1 11 15 17
2008 1 11 16 17
2008 1 11 17 17
2008 1 11 18 17
2008 1 11 19 17
2008 1 11 20 17
2008 1 11 21 17
2008 1 11 22 17
2008 1 11 23 17
2008 1 12 0 17
2008 1 12 1 16
2008 1 12 2 15
2008 1 12 3 15
2008 1 12 4 15
2008 1 12 5 17
2008 1 12 6 17
2008 1 12 7 17
2008 1 12 8 17
2008 1 12 9 17
2008 1 12 10 17
2008 1 12 11 17
2008 1 12 12 17
2008 1 12 13 16
2008 1 12 14 17
2008 1 12 15 16
2008 1 12 16 16
2008 1 12 17 16
2008 1 12 18 16
2008 1 12 19 16
2008 1 12 20 16
2008 1 12 21 16
2008 1 12 22 17
2008 1 12 23 17
2008 1 13 0 17
2008 1 13 1 17
2008 1 13 2 17
2008 1 13 3 16
2008 1 13 4 17
2008 1 13 5 16
2008 1 13 6 17
2008 1 13 7 17
2008 1 13 8 17
2008 1 13 9 17
2008 1 13 10 17
2008 1 13 11 17
2008 1 13 12 17
2008 1 13 13 17
2008 1 13 14 17
2008 1 13 15 17
2008 1 13 16 17
2008 1 13 17 16
2008 1 13 18 17
2008 1 13 19 17
2008 1 13 20 17
2008 1 13 21 17
2008 1 13 22 17
2008 1 13 23 17
2008 1 14 0 17
2008 1 14 1 17
2008 1 14 2 17
2008 1 14 3 17
2008 1 14 4 17
2008 1 14 5 17
2008 1 14 6 17
2008 1 14 7 17
2008 1 14 8 17
2008 1 14 9 17
2008 1 14 10 17
2008 1 14 11 17
2008 1 14 12 17
2008 1 14 13 17
2008 1 14 14 17
2008 1 14 15 17
2008 1 14 16 17
2008 1 14 17 17
2008 1 14 18 17
2008 1 14 19 17
2008 1 14 20 16
2008 1 14 21 16
2008 1 14 22 17
2008 1 14 23 16
2008 1 15 0 17
2008 1 15 1 17
2008 1 15 2 15
2008 1 15 3 17
2008 1 15 4 17
2008 1 15 5 16
2008 1 15 6 17
2008 1 15 7 17
2008 1 15 8 17
2008 1 15 9 17
2008 1 15 10 17
2008 1 15 11 17
2008 1 15 12 17
2008 1 15 13 17
2008 1 15 14 17
2008 1 15 15 17
2008 1 15 16 17
2008 1 15 17 17
2008 1 15 18 17
2008 1 15 19 12
2008 1 15 20 14
2008 1 15 21 14
2008 1 15 22 17
2008 1 15 23 17
2008 1 16 0 17
2008 1 16 1 17
2008 1 16 2 17
2008 1 16 3 17
2008 1 16 4 17
2008 1 16 5 17
2008 1 16 6 17
2008 1 16 7 17
2008 1 16 8 17
2008 1 16 9 17
2008 1 16 10 17
2008 1 16 11 17
2008 1 16 12 17
2008 1 16 13 17
2008 1 16 14 17
2008 1 16 15 17
2008 1 16 16 17
2008 1 16 17 16
2008 1 16 18 17
2008 1 16 19 17
2008 1 16 20 17
2008 1 16 21 17
2008 1 16 22 17
2008 1 16 23 17
2008 1 17 0 16
2008 1 17 1 17
2008 1 17 2 17
2008 1 17 3 17
2008 1 17 4 17
2008 1 17 5 17
2008 1 17 6 17
2008 1 17 7 17
2008 1 17 8 17
2008 1 17 9 17
2008 1 17 10 17
2008 1 17 11 17
2008 1 17 12 17
2008 1 17 13 17
2008 1 17 14 17
2008 1 17 15 17
2008 1 17 16 17
2008 1 17 17 17
2008 1 17 18 17
2008 1 17 19 17
2008 1 17 20 17
2008 1 17 21 17
2008 1 17 22 15
2008 1 17 23 17
2008 1 18 0 17
2008 1 18 1 17
2008 1 18 2 17
2008 1 18 3 17
2008 1 18 4 17
2008 1 18 5 17
2008 1 18 6 17
2008 1 18 7 17
2008 1 18 8 17
2008 1 18 9 17
2008 1 18 10 17
2008 1 18 11 17
2008 1 18 12 17
2008 1 18 13 17
2008 1 18 14 17
2008 1 18 15 17
2008 1 18 16 15
2008 1 18 17 16
2008 1 18 18 15
2008 1 18 19 17
2008 1 18 20 17
2008 1 18 21 17
2008 1 18 22 17
2008 1 18 23 17
2008 1 19 0 17
2008 1 19 1 17
2008 1 19 2 17
2008 1 19 3 17
2008 1 19 4 17
2008 1 19 5 17
2008 1 19 6 17
2008 1 19 7 17
2008 1 19 8 17
2008 1 19 9 17
2008 1 19 10 17
2008 1 19 11 17
2008 1 19 12 17
2008 1 19 13 17
2008 1 19 14 17
2008 1 19 15 17
2008 1 19 16 17
2008 1 19 17 17
2008 1 19 18 17
2008 1 19 19 17
2008 1 19 20 17
2008 1 19 21 17
2008 1 19 22 17
2008 1 19 23 17
2008 1 20 0 17
2008 1 20 1 17
2008 1 20 2 16
2008 1 20 3 16
2008 1 20 4 16
2008 1 20 5 17
2008 1 20 6 17
2008 1 20 7 17
2008 1 20 8 17
2008 1 20 9 17
2008 1 20 10 17
2008 1 20 11 17
2008 1 20 12 17
2008 1 20 13 17
2008 1 20 14 17
2008 1 20 15 17
2008 1 20 16 17
2008 1 20 17 17
2008 1 20 18 17
2008 1 20 19 17
2008 1 20 20 17
2008 1 20 21 17
2008 1 20 22 17
2008 1 20 23 17
2008 1 21 0 17
2008 1 21 1 17
2008 1 21 2 17
2008 1 21 3 17
2008 1 21 4 15
2008 1 21 5 17
2008 1 21 6 17
2008 1 21 7 17
2008 1 21 8 17
2008 1 21 9 17
2008 1 21 10 17
2008 1 21 11 17
2008 1 21 12 17
2008 1 21 13 17
2008 1 21 14 17
2008 1 21 15 17
2008 1 21 16 17
2008 1 21 17 17
2008 1 21 18 17
2008 1 21 19 17
2008 1 21 20 17
2008 1 21 21 17
2008 1 21 22 17
2008 1 21 23 17
2008 1 22 0 17
2008 1 22 1 17
2008 1 22 2 15
2008 1 22 3 17
2008 1 22 4 17
2008 1 22 5 17
2008 1 22 6 17
2008 1 22 7 17
2008 1 22 8 17
2008 1 22 9 17
2008 1 22 10 17
2008 1 22 11 17
2008 1 22 12 17
2008 1 22 13 17
2008 1 22 14 17
2008 1 22 15 17
2008 1 22 16 17
2008 1 22 17 17
2008 1 22 18 17
2008 1 22 19 17
2008 1 22 20 17
2008 1 22 21 16
2008 1 22 22 16
2008 1 22 23 17
2008 1 23 0 17
2008 1 23 1 17
2008 1 23 2 17
2008 1 23 3 17
2008 1 23 4 17
2008 1 23 5 17
2008 1 23 6 17
2008 1 23 7 17
2008 1 23 8 17
2008 1 23 9 17
2008 1 23 10 17
2008 1 23 11 17
2008 1 23 12 17
2008 1 23 13 17
2008 1 23 14 17
2008 1 23 15 17
2008 1 23 16 16
2008 1 23 17 17
2008 1 23 18 16
2008 1 23 19 17
2008 1 23 20 17
2008 1 23 21 17
2008 1 23 22 17
2008 1 23 23 17
2008 1 24 0 17
2008 1 24 1 17
2008 1 24 2 17
2008 1 24 3 17
2008 1 24 4 17
2008 1 24 5 17
2008 1 24 6 17
2008 1 24 7 17
2008 1 24 8 17
2008 1 24 9 17
2008 1 24 10 17
2008 1 24 11 17
2008 1 24 12 17
2008 1 24 13 17
2008 1 24 14 17
2008 1 24 15 17
2008 1 24 16 17
2008 1 24 17 17
2008 1 24 18 17
2008 1 24 19 17
2008 1 24 20 17
2008 1 24 21 17
2008 1 24 22 17
2008 1 24 23 17
2008 1 25 0 17
2008 1 25 1 14
2008 1 25 2 17
2008 1 25 3 17
2008 1 25 4 17
2008 1 25 5 17
2008 1 25 6 17
2008 1 25 7 17
2008 1 25 8 17
2008 1 25 9 17
2008 1 25 10 17
2008 1 25 11 16
2008 1 25 12 17
2008 1 25 13 17
2008 1 25 14 17
2008 1 25 15 17
2008 1 25 16 17
2008 1 25 17 17
2008 1 25 18 15
2008 1 25 19 15
2008 1 25 20 15
2008 1 25 21 15
2008 1 25 22 15
2008 1 25 23 15
2008 1 26 0 16
2008 1 26 1 15
2008 1 26 2 15
2008 1 26 3 12
2008 1 26 4 12
2008 1 26 5 12
2008 1 26 6 12
2008 1 26 7 12
2008 1 26 8 12
2008 1 26 9 12
2008 1 26 10 12
2008 1 26 11 12
2008 1 26 12 12
2008 1 26 13 12
2008 1 26 14 12
2008 1 26 15 12
2008 1 26 16 12
2008 1 26 17 12
2008 1 26 18 12
2008 1 26 19 12
2008 1 26 20 13
2008 1 26 21 15
2008 1 26 22 15
2008 1 26 23 17
2008 1 27 0 15
2008 1 27 1 17
2008 1 27 2 17
2008 1 27 3 17
2008 1 27 4 17
2008 1 27 5 17
2008 1 27 6 17
2008 1 27 7 17
2008 1 27 8 17
2008 1 27 9 17
2008 1 27 10 17
2008 1 27 11 17
2008 1 27 12 15
2008 1 27 13 16
2008 1 27 14 16
2008 1 27 15 15
2008 1 27 16 15
2008 1 27 17 15
2008 1 27 18 15
2008 1 27 19 15
2008 1 27 20 16
2008 1 27 21 15
2008 1 27 22 15
2008 1 27 23 15
2008 1 28 0 15
2008 1 28 1 16
2008 1 28 2 16
2008 1 28 3 16
2008 1 28 4 16
2008 1 28 5 17
2008 1 28 6 17
2008 1 28 7 17
2008 1 28 8 17
2008 1 28 9 17
2008 1 28 10 17
2008 1 28 11 17
2008 1 28 12 17
2008 1 28 13 17
2008 1 28 14 17
2008 1 28 15 17
2008 1 28 16 16
2008 1 28 17 15
2008 1 28 18 15
2008 1 28 19 15
2008 1 28 20 15
2008 1 28 21 15
2008 1 28 22 16
2008 1 28 23 16
2008 1 29 0 16
2008 1 29 1 16
2008 1 29 2 17
2008 1 29 3 17
2008 1 29 4 17
2008 1 29 5 17
2008 1 29 6 16
2008 1 29 7 17
2008 1 29 8 17
2008 1 29 9 17
2008 1 29 10 17
2008 1 29 11 17
2008 1 29 12 17
2008 1 29 13 17
2008 1 29 14 16
2008 1 29 15 17
2008 1 29 16 16
2008 1 29 17 16
2008 1 29 18 15
2008 1 29 19 16
2008 1 29 20 17
2008 1 29 21 17
2008 1 29 22 17
2008 1 29 23 17
2008 1 30 0 17
2008 1 30 1 17
2008 1 30 2 17
2008 1 30 3 17
2008 1 30 4 17
2008 1 30 5 17
2008 1 30 6 17
2008 1 30 7 17
2008 1 30 8 17
2008 1 30 9 17
2008 1 30 10 17
2008 1 30 11 17
2008 1 30 12 17
2008 1 30 13 17
2008 1 30 14 16
2008 1 30 15 16
2008 1 30 16 17
2008 1 30 17 16
2008 1 30 18 17
2008 1 30 19 15
2008 1 30 20 16
2008 1 30 21 16
2008 1 30 22 15
2008 1 30 23 15
2008 1 31 0 16
2008 1 31 1 17
2008 1 31 2 16
2008 1 31 3 16
2008 1 31 4 13
2008 1 31 5 13
2008 1 31 6 13
2008 1 31 7 13
2008 1 31 8 12
2008 1 31 9 13
2008 1 31 10 13
2008 1 31 11 13
2008 1 31 12 13
2008 1 31 13 13
2008 1 31 14 12
2008 1 31 15 13
2008 1 31 16 14
2008 1 31 17 15
2008 1 31 18 15
2008 1 31 19 16
2008 1 31 20 14
2008 1 31 21 16
2008 1 31 22 17
2008 1 31 23 16
