2010 1 1 0 25
2010 1 1 1 25
2010 1 1 2 24
2010 1 1 3 25
2010 1 1 4 25
2010 1 1 5 25
2010 1 1 6 25
2010 1 1 7 25
2010 1 1 8 25
2010 1 1 9 25
2010 1 1 10 25
2010 1 1 11 25
2010 1 1 12 23
2010 1 1 13 25
2010 1 1 14 25
2010 1 1 15 23
2010 1 1 16 24
2010 1 1 17 25
2010 1 1 18 25
2010 1 1 19 25
2010 1 1 20 25
2010 1 1 21 25
2010 1 1 22 25
2010 1 1 23 25
2010 1 2 0 25
2010 1 2 1 25
2010 1 2 2 25
2010 1 2 3 25
2010 1 2 4 25
2010 1 2 5 25
2010 1 2 6 25
2010 1 2 7 25
2010 1 2 8 25
2010 1 2 9 25
2010 1 2 10 25
2010 1 2 11 23
2010 1 2 12 25
2010 1 2 13 25
2010 1 2 14 25
2010 1 2 15 25
2010 1 2 16 25
2010 1 2 17 25
2010 1 2 18 22
2010 1 2 19 22
2010 1 2 20 22
2010 1 2 21 22
2010 1 2 22 22
2010 1 2 23 22
2010 1 3 0 22
2010 1 3 1 22
2010 1 3 2 22
2010 1 3 3 22
2010 1 3 4 22
2010 1 3 5 22
2010 1 3 6 22
2010 1 3 7 22
2010 1 3 8 22
2010 1 3 9 22
2010 1 3 10 22
2010 1 3 11 22
2010 1 3 12 22
2010 1 3 13 22
2010 1 3 14 22
2010 1 3 15 22
2010 1 3 16 22
2010 1 3 17 22
2010 1 3 18 22
2010 1 3 19 22
2010 1 3 20 22
2010 1 3 21 22
2010 1 3 22 22
2010 1 3 23 22
2010 1 4 0 22
2010 1 4 1 22
2010 1 4 2 22
2010 1 4 3 22
2010 1 4 4 22
2010 1 4 5 22
2010 1 4 6 21
2010 1 4 7 21
2010 1 4 8 21
2010 1 4 9 22
2010 1 4 10 22
2010 1 4 11 22
2010 1 4 12 25
2010 1 4 13 25
2010 1 4 14 25
2010 1 4 15 25
2010 1 4 16 25
2010 1 4 17 25
2010 1 4 18 25
2010 1 4 19 25
2010 1 4 20 25
2010 1 4 21 25
2010 1 4 22 25
2010 1 4 23 25
2010 1 5 0 25
2010 1 5 1 12
2010 1 5 2 25
2010 1 5 3 25
2010 1 5 4 25
2010 1 5 5 25
2010 1 5 6 25
2010 1 5 7 25
2010 1 5 8 25
2010 1 5 9 25
2010 1 5 10 25
2010 1 5 11 25
2010 1 5 12 25
2010 1 5 13 25
2010 1 5 14 25
2010 1 5 15 25
2010 1 5 16 25
2010 1 5 17 25
2010 1 5 18 24
2010 1 5 19 24
2010 1 5 20 24
2010 1 5 21 24
2010 1 5 22 24
2010 1 5 23 24
2010 1 6 0 25
2010 1 6 1 25
2010 1 6 2 25
2010 1 6 3 25
2010 1 6 4 25
2010 1 6 5 24
2010 1 6 6 25
2010 1 6 7 25
2010 1 6 8 25
2010 1 6 9 25
2010 1 6 10 25
2010 1 6 11 25
2010 1 6 12 25
2010 1 6 13 25
2010 1 6 14 24
2010 1 6 15 24
2010 1 6 16 24
2010 1 6 17 24
2010 1 6 18 22
2010 1 6 19 24
2010 1 6 20 24
2010 1 6 21 21
2010 1 6 22 22
2010 1 6 23 22
2010 1 7 0 22
2010 1 7 1 25
2010 1 7 2 25
2010 1 7 3 25
2010 1 7 4 25
2010 1 7 5 25
2010 1 7 6 25
2010 1 7 7 25
2010 1 7 8 25
2010 1 7 9 25
2010 1 7 10 25
2010 1 7 11 25
2010 1 7 12 25
2010 1 7 13 25
2010 1 7 14 25
2010 1 7 15 25
2010 1 7 16 25
2010 1 7 17 25
2010 1 7 18 25
2010 1 7 19 25
2010 1 7 20 25
2010 1 7 21 25
2010 1 7 22 25
2010 1 7 23 25
2010 1 8 0 24
2010 1 8 1 25
2010 1 8 2 25
2010 1 8 3 25
2010 1 8 4 25
2010 1 8 5 25
2010 1 8 6 25
2010 1 8 7 25
2010 1 8 8 25
2010 1 8 9 25
2010 1 8 10 25
2010 1 8 11 25
2010 1 8 12 25
2010 1 8 13 25
2010 1 8 14 25
2010 1 8 15 25
2010 1 8 16 25
2010 1 8 17 25
2010 1 8 18 25
2010 1 8 19 25
2010 1 8 20 25
2010 1 8 21 25
2010 1 8 22 25
2010 1 8 23 25
2010 1 9 0 25
2010 1 9 1 25
2010 1 9 2 25
2010 1 9 3 25
2010 1 9 4 24
2010 1 9 5 24
2010 1 9 6 24
2010 1 9 7 24
2010 1 9 8 25
2010 1 9 9 25
2010 1 9 10 23
2010 1 9 11 23
2010 1 9 12 25
2010 1 9 13 25
2010 1 9 14 25
2010 1 9 15 25
2010 1 9 16 24
2010 1 9 17 25
2010 1 9 18 25
2010 1 9 19 25
2010 1 9 20 25
2010 1 9 21 25
2010 1 9 22 25
2010 1 9 23 24
2010 1 10 0 22
2010 1 10 1 25
2010 1 10 2 25
2010 1 10 3 24
2010 1 10 4 25
2010 1 10 5 24
2010 1 10 6 24
2010 1 10 7 25
2010 1 10 8 25
2010 1 10 9 25
2010 1 10 10 25
2010 1 10 11 25
2010 1 10 12 24
2010 1 10 13 24
2010 1 10 14 24
2010 1 10 15 24
2010 1 10 16 25
2010 1 10 17 25
2010 1 10 18 25
2010 1 10 19 25
2010 1 10 20 24
2010 1 10 21 24
2010 1 10 22 24
2010 1 10 23 25
2010 1 11 0 25
2010 1 11 1 24
2010 1 11 2 25
2010 1 11 3 25
2010 1 11 4 24
2010 1 11 5 24
2010 1 11 6 24
2010 1 11 7 24
2010 1 11 8 24
2010 1 11 9 24
2010 1 11 10 24
2010 1 11 11 24
2010 1 11 12 24
2010 1 11 13 24
2010 1 11 14 24
2010 1 11 15 24
2010 1 11 16 24
2010 1 11 17 24
2010 1 11 18 24
2010 1 11 19 24
2010 1 11 20 24
2010 1 11 21 23
2010 1 11 22 23
2010 1 11 23 24
2010 1 12 0 24
2010 1 12 1 24
2010 1 12 2 24
2010 1 12 3 23
2010 1 12 4 23
2010 1 12 5 24
2010 1 12 6 24
2010 1 12 7 23
2010 1 12 8 24
2010 1 12 9 24
2010 1 12 10 22
2010 1 12 11 24
2010 1 12 12 24
2010 1 12 13 24
2010 1 12 14 24
2010 1 12 15 24
2010 1 12 16 24
2010 1 12 17 24
2010 1 12 18 24
2010 1 12 19 24
2010 1 12 20 24
2010 1 12 21 24
2010 1 12 22 24
2010 1 12 23 22
2010 1 13 0 20
2010 1 13 1 15
2010 1 13 2 22
2010 1 13 3 12
2010 1 13 4 13
2010 1 13 5 12
2010 1 13 6 23
2010 1 13 7 23
2010 1 13 8 24
2010 1 13 9 24
2010 1 13 10 22
2010 1 13 11 22
2010 1 13 12 24
2010 1 13 13 24
2010 1 13 14 24
2010 1 13 15 24
2010 1 13 16 24
2010 1 13 17 24
2010 1 13 18 24
2010 1 13 19 24
2010 1 13 20 24
2010 1 13 21 25
2010 1 13 22 24
2010 1 13 23 25
2010 1 14 0 24
2010 1 14 1 24
2010 1 14 2 25
2010 1 14 3 25
2010 1 14 4 25
2010 1 14 5 25
2010 1 14 6 25
2010 1 14 7 25
2010 1 14 8 25
2010 1 14 9 25
2010 1 14 10 25
2010 1 14 11 25
2010 1 14 12 25
2010 1 14 13 25
2010 1 14 14 25
2010 1 14 15 25
2010 1 14 16 25
2010 1 14 17 25
2010 1 14 18 12
2010 1 14 19 25
2010 1 14 20 25
2010 1 14 21 25
2010 1 14 22 25
2010 1 14 23 25
2010 1 15 0 25
2010 1 15 1 25
2010 1 15 2 25
2010 1 15 3 25
2010 1 15 4 25
2010 1 15 5 25
2010 1 15 6 25
2010 1 15 7 25
2010 1 15 8 25
2010 1 15 9 25
2010 1 15 10 25
2010 1 15 11 25
2010 1 15 0 25
2010 1 15 1 25
2010 1 15 2 25
2010 1 15 3 25
2010 1 15 4 25
2010 1 15 5 25
2010 1 15 6 25
2010 1 15 7 25
2010 1 15 8 25
2010 1 15 9 25
2010 1 15 10 25
2010 1 15 11 25
2010 1 15 12 25
2010 1 15 13 25
2010 1 15 14 25
2010 1 15 15 25
2010 1 15 16 25
2010 1 15 17 25
2010 1 15 18 25
2010 1 15 19 25
2010 1 15 20 25
2010 1 15 21 25
2010 1 15 22 25
2010 1 15 23 25
2010 1 16 0 25
2010 1 16 1 25
2010 1 16 2 25
2010 1 16 3 25
2010 1 16 4 25
2010 1 16 5 25
2010 1 16 6 25
2010 1 16 7 25
2010 1 16 8 25
2010 1 16 9 25
2010 1 16 10 23
2010 1 16 11 25
2010 1 16 12 25
2010 1 16 13 25
2010 1 16 14 25
2010 1 16 15 25
2010 1 16 16 25
2010 1 16 17 25
2010 1 16 18 25
2010 1 16 19 25
2010 1 16 20 25
2010 1 16 21 25
2010 1 16 22 25
2010 1 16 23 25
2010 1 17 0 25
2010 1 17 1 25
2010 1 17 2 25
2010 1 17 3 25
2010 1 17 4 25
2010 1 17 5 25
2010 1 17 6 25
2010 1 17 7 25
2010 1 17 8 25
2010 1 17 9 25
2010 1 17 10 25
2010 1 17 11 25
2010 1 17 12 25
2010 1 17 13 25
2010 1 17 14 25
2010 1 17 15 25
2010 1 17 16 25
2010 1 17 17 25
2010 1 17 18 15
2010 1 17 19 23
2010 1 17 20 16
2010 1 17 21 15
2010 1 17 22 22
2010 1 17 23 12
2010 1 18 0 12
2010 1 18 1 13
2010 1 18 2 14
2010 1 18 3 14
2010 1 18 4 21
2010 1 18 5 24
2010 1 18 6 23
2010 1 18 7 15
2010 1 18 8 15
2010 1 18 9 15
2010 1 18 10 15
2010 1 18 11 14
2010 1 18 12 14
2010 1 18 13 14
2010 1 18 14 14
2010 1 18 15 14
2010 1 18 16 12
2010 1 18 17 12
2010 1 18 18 9
2010 1 18 19 9
2010 1 18 20 9
2010 1 18 21 9
2010 1 18 22 9
2010 1 18 23 9
2010 1 19 0 9
2010 1 19 1 9
2010 1 19 2 9
2010 1 19 3 18
2010 1 19 4 12
2010 1 19 5 14
2010 1 19 6 16
2010 1 19 7 21
2010 1 19 8 23
2010 1 19 9 12
2010 1 19 10 12
2010 1 19 11 9
2010 1 19 12 9
2010 1 19 13 9
2010 1 19 14 9
2010 1 19 15 9
2010 1 19 16 9
2010 1 19 17 9
2010 1 19 18 11
2010 1 19 19 9
2010 1 19 20 14
2010 1 19 21 14
2010 1 19 22 13
2010 1 19 23 16
2010 1 20 0 9
2010 1 20 1 9
2010 1 20 2 9
2010 1 20 3 12
2010 1 20 4 12
2010 1 20 5 14
2010 1 20 6 14
2010 1 20 7 15
2010 1 20 8 15
2010 1 20 9 18
2010 1 20 10 12
2010 1 20 11 12
2010 1 20 12 12
2010 1 20 13 12
2010 1 20 14 13
2010 1 20 15 13
2010 1 20 16 13
2010 1 20 17 13
2010 1 20 18 13
2010 1 20 19 13
2010 1 20 20 12
2010 1 20 21 12
2010 1 20 22 12
2010 1 20 23 12
2010 1 21 0 12
2010 1 21 1 13
2010 1 21 2 12
2010 1 21 3 18
2010 1 21 4 14
2010 1 21 5 12
2010 1 21 6 12
2010 1 21 7 12
2010 1 21 8 13
2010 1 21 9 14
2010 1 21 10 14
2010 1 21 11 15
2010 1 21 12 15
2010 1 21 13 15
2010 1 21 14 15
2010 1 21 15 15
2010 1 21 16 15
2010 1 21 17 15
2010 1 21 18 15
2010 1 21 19 12
2010 1 21 20 12
2010 1 21 21 12
2010 1 21 22 15
2010 1 21 23 17
2010 1 22 0 17
2010 1 22 1 24
2010 1 22 2 17
2010 1 22 3 25
2010 1 22 4 25
2010 1 22 5 25
2010 1 22 6 25
2010 1 22 7 25
2010 1 22 8 25
2010 1 22 9 25
2010 1 22 10 25
2010 1 22 11 25
2010 1 22 12 25
2010 1 22 13 25
2010 1 22 14 12
2010 1 22 15 24
2010 1 22 16 23
2010 1 22 17 22
2010 1 22 18 17
2010 1 22 19 25
2010 1 22 20 24
2010 1 22 21 24
2010 1 22 22 24
2010 1 22 23 24
2010 1 23 0 22
2010 1 23 1 22
2010 1 23 2 24
2010 1 23 3 25
2010 1 23 4 24
2010 1 23 5 25
2010 1 23 6 24
2010 1 23 7 22
2010 1 23 8 23
2010 1 23 9 24
2010 1 23 10 24
2010 1 23 11 22
2010 1 23 12 22
2010 1 23 13 22
2010 1 23 14 24
2010 1 23 15 24
2010 1 23 16 24
2010 1 23 17 24
2010 1 23 18 24
2010 1 23 19 24
2010 1 23 20 24
2010 1 23 21 24
2010 1 23 22 25
2010 1 23 23 24
2010 1 24 0 25
2010 1 24 1 25
2010 1 24 2 25
2010 1 24 3 25
2010 1 24 4 25
2010 1 24 5 25
2010 1 24 6 25
2010 1 24 7 25
2010 1 24 8 25
2010 1 24 9 25
2010 1 24 10 25
2010 1 24 11 24
2010 1 24 12 24
2010 1 24 13 24
2010 1 24 14 14
2010 1 24 15 16
2010 1 24 16 16
2010 1 24 17 16
2010 1 24 18 16
2010 1 24 19 14
2010 1 24 20 12
2010 1 24 21 14
2010 1 24 22 14
2010 1 24 23 11
2010 1 25 0 11
2010 1 25 1 10
2010 1 25 2 12
2010 1 25 3 11
2010 1 25 4 11
2010 1 25 5 12
2010 1 25 6 11
2010 1 25 7 11
2010 1 25 8 11
2010 1 25 9 12
2010 1 25 10 12
2010 1 25 11 13
2010 1 25 12 14
2010 1 25 13 17
2010 1 25 14 22
2010 1 25 15 22
2010 1 25 16 22
2010 1 25 17 21
2010 1 25 18 22
2010 1 25 19 12
2010 1 25 20 11
2010 1 25 21 12
2010 1 25 22 11
2010 1 25 23 11
2010 1 26 0 11
2010 1 26 1 13
2010 1 26 2 21
2010 1 26 3 22
2010 1 26 4 21
2010 1 26 5 22
2010 1 26 6 22
2010 1 26 7 22
2010 1 26 8 12
2010 1 26 9 12
2010 1 26 10 22
2010 1 26 11 21
2010 1 26 12 22
2010 1 26 13 22
2010 1 26 14 22
2010 1 26 15 22
2010 1 26 16 22
2010 1 26 17 22
2010 1 26 18 22
2010 1 26 19 9
2010 1 26 20 22
2010 1 26 21 25
2010 1 26 22 25
2010 1 26 23 25
2010 1 27 0 25
2010 1 27 1 25
2010 1 27 2 25
2010 1 27 3 25
2010 1 27 4 25
2010 1 27 5 25
2010 1 27 6 25
2010 1 27 7 25
2010 1 27 8 25
2010 1 27 9 25
2010 1 27 10 25
2010 1 27 11 25
2010 1 27 12 25
2010 1 27 13 25
2010 1 27 14 25
2010 1 27 15 25
2010 1 27 16 25
2010 1 27 17 25
2010 1 27 18 25
2010 1 27 19 12
2010 1 27 20 12
2010 1 27 21 25
2010 1 27 22 25
2010 1 27 23 25
2010 1 28 0 25
2010 1 28 1 25
2010 1 28 2 25
2010 1 28 3 25
2010 1 28 4 25
2010 1 28 5 25
2010 1 28 6 25
2010 1 28 7 25
2010 1 28 8 22
2010 1 28 9 22
2010 1 28 10 22
2010 1 28 11 22
2010 1 28 12 22
2010 1 28 13 22
2010 1 28 14 22
2010 1 28 15 22
2010 1 28 16 22
2010 1 28 17 9
2010 1 28 18 22
2010 1 28 19 22
2010 1 28 20 22
2010 1 28 21 22
2010 1 28 22 22
2010 1 28 23 22
2010 1 29 0 22
2010 1 29 1 22
2010 1 29 2 22
2010 1 29 3 22
2010 1 29 4 22
2010 1 29 5 22
2010 1 29 6 22
2010 1 29 7 22
2010 1 29 8 22
2010 1 29 9 22
2010 1 29 10 22
2010 1 29 11 22
2010 1 29 12 22
2010 1 29 13 22
2010 1 29 14 22
2010 1 29 15 22
2010 1 29 16 22
2010 1 29 17 22
2010 1 29 18 22
2010 1 29 19 22
2010 1 29 20 22
2010 1 29 21 22
2010 1 29 22 22
2010 1 29 23 22
2010 1 30 0 22
2010 1 30 1 22
2010 1 30 2 22
2010 1 30 3 22
2010 1 30 4 22
2010 1 30 5 22
2010 1 30 6 22
2010 1 30 7 22
2010 1 30 8 22
2010 1 30 9 22
2010 1 30 10 22
2010 1 30 11 22
2010 1 30 12 22
2010 1 30 13 22
2010 1 30 14 22
2010 1 30 15 22
2010 1 30 16 21
2010 1 30 17 21
2010 1 30 18 22
2010 1 30 19 22
2010 1 30 20 22
2010 1 30 21 22
2010 1 30 22 22
2010 1 30 23 22
2010 1 31 0 22
2010 1 31 1 22
2010 1 31 2 22
2010 1 31 3 22
2010 1 31 4 22
2010 1 31 5 22
2010 1 31 6 22
2010 1 31 7 22
2010 1 31 8 22
2010 1 31 9 22
2010 1 31 10 22
2010 1 31 11 22
2010 1 31 12 22
2010 1 31 13 22
2010 1 31 14 22
2010 1 31 15 22
2010 1 31 16 22
2010 1 31 17 22
2010 1 31 18 22
2010 1 31 19 22
2010 1 31 20 22
2010 1 31 21 22
2010 1 31 22 22
2010 1 31 23 22
2008 1 1 0 22
2008 1 1 1 22
2008 1 1 2 22
2008 1 1 3 22
2008 1 1 4 22
2008 1 1 5 22
2008 1 1 6 22
2008 1 1 7 22
2008 1 1 8 22
2008 1 1 9 22
2008 1 1 10 22
2008 1 1 11 22
2008 1 1 12 22
2008 1 1 13 22
2008 1 1 14 20
2008 1 1 15 22
2008 1 1 16 22
2008 1 1 17 22
2008 1 1 18 22
2008 1 1 19 22
2008 1 1 20 22
2008 1 1 21 22
2008 1 1 22 22
2008 1 1 23 21
2008 1 2 0 22
2008 1 2 1 22
2008 1 2 2 22
2008 1 2 3 22
2008 1 2 4 22
2008 1 2 5 22
2008 1 2 6 22
2008 1 2 7 22
2008 1 2 8 22
2008 1 2 9 22
2008 1 2 10 22
2008 1 2 11 9
2008 1 2 12 22
2008 1 2 13 21
2008 1 2 14 21
2008 1 2 15 22
2008 1 2 16 22
2008 1 2 17 22
2008 1 2 18 22
2008 1 2 19 22
2008 1 2 20 22
2008 1 2 21 22
2008 1 2 22 22
2008 1 2 23 22
2008 1 3 0 22
2008 1 3 1 22
2008 1 3 2 22
2008 1 3 3 22
2008 1 3 4 21
2008 1 3 5 22
2008 1 3 6 20
2008 1 3 7 20
2008 1 3 8 20
2008 1 3 9 20
2008 1 3 10 20
2008 1 3 11 20
2008 1 3 12 20
2008 1 3 13 20
2008 1 3 14 20
2008 1 3 15 17
2008 1 3 16 17
2008 1 3 17 12
2008 1 3 18 6
2008 1 3 19 9
2008 1 3 20 11
2008 1 3 21 17
2008 1 3 22 18
2008 1 3 23 18
2008 1 4 0 12
2008 1 4 1 10
2008 1 4 2 10
2008 1 4 3 9
2008 1 4 4 10
2008 1 4 5 10
2008 1 4 6 10
2008 1 4 7 10
2008 1 4 8 10
2008 1 4 9 10
2008 1 4 10 10
2008 1 4 11 9
2008 1 4 12 9
2008 1 4 13 9
2008 1 4 14 9
2008 1 4 15 9
2008 1 4 16 9
2008 1 4 17 9
2008 1 4 18 9
2008 1 4 19 9
2008 1 4 20 14
2008 1 4 21 9
2008 1 4 22 9
2008 1 4 23 9
2008 1 5 0 9
2008 1 5 1 16
2008 1 5 2 11
2008 1 5 3 11
2008 1 5 4 11
2008 1 5 5 12
2008 1 5 6 12
2008 1 5 7 21
2008 1 5 8 22
2008 1 5 9 22
2008 1 5 10 22
2008 1 5 11 22
2008 1 5 12 22
2008 1 5 13 22
2008 1 5 14 22
2008 1 5 15 22
2008 1 5 16 22
2008 1 5 17 22
2008 1 5 18 22
2008 1 5 19 21
2008 1 5 20 11
2008 1 5 21 22
2008 1 5 22 12
2008 1 5 23 12
2008 1 6 0 20
2008 1 6 1 22
2008 1 6 2 22
2008 1 6 3 22
2008 1 6 4 22
2008 1 6 5 22
2008 1 6 6 22
2008 1 6 7 22
2008 1 6 8 22
2008 1 6 9 22
2008 1 6 10 22
2008 1 6 11 22
2008 1 6 12 22
2008 1 6 13 22
2008 1 6 14 22
2008 1 6 15 22
2008 1 6 16 22
2008 1 6 17 18
2008 1 6 18 9
2008 1 6 19 21
2008 1 6 20 22
2008 1 6 21 22
2008 1 6 22 22
2008 1 6 23 22
2008 1 7 0 22
2008 1 7 1 22
2008 1 7 2 21
2008 1 7 3 22
2008 1 7 4 22
2008 1 7 5 22
2008 1 7 6 22
2008 1 7 7 22
2008 1 7 8 22
2008 1 7 9 22
2008 1 7 10 14
2008 1 7 11 22
2008 1 7 12 22
2008 1 7 13 22
2008 1 7 14 22
2008 1 7 15 21
2008 1 7 16 19
2008 1 7 17 9
2008 1 7 18 17
2008 1 7 19 22
2008 1 7 20 21
2008 1 7 21 22
2008 1 7 22 22
2008 1 7 23 22
2008 1 8 0 22
2008 1 8 1 22
2008 1 8 2 22
2008 1 8 3 22
2008 1 8 4 22
2008 1 8 5 21
2008 1 8 6 21
2008 1 8 7 19
2008 1 8 8 22
2008 1 8 9 22
2008 1 8 10 17
2008 1 8 11 13
2008 1 8 12 16
2008 1 8 13 16
2008 1 8 14 11
2008 1 8 15 9
2008 1 8 16 6
2008 1 8 17 16
2008 1 8 18 16
2008 1 8 19 15
2008 1 8 20 15
2008 1 8 21 16
2008 1 8 22 16
2008 1 8 23 17
2008 1 9 0 17
2008 1 9 1 19
2008 1 9 2 20
2008 1 9 3 22
2008 1 9 4 22
2008 1 9 5 22
2008 1 9 6 22
2008 1 9 7 22
2008 1 9 8 12
2008 1 9 9 12
2008 1 9 10 22
2008 1 9 11 20
2008 1 9 12 12
2008 1 9 13 12
2008 1 9 14 12
2008 1 9 15 12
2008 1 9 16 12
2008 1 9 17 16
2008 1 9 18 22
2008 1 9 19 16
2008 1 9 20 9
2008 1 9 21 16
2008 1 9 22 12
2008 1 9 23 20
2008 1 10 0 13
2008 1 10 1 12
2008 1 10 2 16
2008 1 10 3 9
2008 1 10 4 9
2008 1 10 5 10
2008 1 10 6 10
2008 1 10 7 10
2008 1 10 8 10
2008 1 10 9 10
2008 1 10 10 9
2008 1 10 11 10
2008 1 10 12 10
2008 1 10 13 10
2008 1 10 14 11
2008 1 10 15 11
2008 1 10 16 17
2008 1 10 17 22
2008 1 10 18 17
2008 1 10 19 22
2008 1 10 20 22
2008 1 10 21 19
2008 1 10 22 22
2008 1 10 23 22
2008 1 11 0 22
2008 1 11 1 12
2008 1 11 2 9
2008 1 11 3 12
2008 1 11 4 12
2008 1 11 5 12
2008 1 11 6 12
2008 1 11 7 12
2008 1 11 8 12
2008 1 11 9 12
2008 1 11 10 12
2008 1 11 11 12
2008 1 11 12 12
2008 1 11 13 12
2008 1 11 14 12
2008 1 11 15 12
2008 1 11 16 12
2008 1 11 17 12
2008 1 11 18 12
2008 1 11 19 12
2008 1 11 20 12
2008 1 11 21 10
2008 1 11 22 12
2008 1 11 23 12
2008 1 12 0 12
2008 1 12 1 12
2008 1 12 2 12
2008 1 12 3 12
2008 1 12 4 12
2008 1 12 5 12
2008 1 12 6 12
2008 1 12 7 12
2008 1 12 8 12
2008 1 12 9 12
2008 1 12 10 10
2008 1 12 11 12
2008 1 12 12 10
2008 1 12 13 11
2008 1 12 14 12
2008 1 12 15 12
2008 1 12 16 12
2008 1 12 17 12
2008 1 12 18 12
2008 1 12 19 12
2008 1 12 20 12
2008 1 12 21 12
2008 1 12 22 12
2008 1 12 23 12
2008 1 13 0 12
2008 1 13 1 12
2008 1 13 2 12
2008 1 13 3 12
2008 1 13 4 12
2008 1 13 5 11
2008 1 13 6 12
2008 1 13 7 12
2008 1 13 8 12
2008 1 13 9 12
2008 1 13 10 12
2008 1 13 11 12
2008 1 13 12 12
2008 1 13 13 12
2008 1 13 14 12
2008 1 13 15 12
2008 1 13 16 12
2008 1 13 17 11
2008 1 13 18 12
2008 1 13 19 12
2008 1 13 20 12
2008 1 13 21 12
2008 1 13 22 12
2008 1 13 23 12
2008 1 14 0 12
2008 1 14 1 12
2008 1 14 2 10
2008 1 14 3 12
2008 1 14 4 12
2008 1 14 5 12
2008 1 14 6 12
2008 1 14 7 12
2008 1 14 8 12
2008 1 14 9 12
2008 1 14 10 12
2008 1 14 11 12
2008 1 14 12 12
2008 1 14 13 12
2008 1 14 14 12
2008 1 14 15 12
2008 1 14 16 12
2008 1 14 17 12
2008 1 14 18 12
2008 1 14 19 12
2008 1 14 20 12
2008 1 14 21 12
2008 1 14 22 12
2008 1 14 23 11
2008 1 15 0 12
2008 1 15 1 12
2008 1 15 2 12
2008 1 15 3 12
2008 1 15 4 12
2008 1 15 5 12
2008 1 15 6 12
2008 1 15 7 12
2008 1 15 8 12
2008 1 15 9 12
2008 1 15 10 12
2008 1 15 11 12
2008 1 15 12 11
2008 1 15 13 11
2008 1 15 14 11
2008 1 15 15 11
2008 1 15 16 12
2008 1 15 17 12
2008 1 15 18 12
2008 1 15 19 9
2008 1 15 20 10
2008 1 15 21 10
2008 1 15 22 12
2008 1 15 23 12
2008 1 16 0 12
2008 1 16 1 12
2008 1 16 2 12
2008 1 16 3 10
2008 1 16 4 10
2008 1 16 5 10
2008 1 16 6 12
2008 1 16 7 12
2008 1 16 8 12
2008 1 16 9 12
2008 1 16 10 12
2008 1 16 11 12
2008 1 16 12 12
2008 1 16 13 11
2008 1 16 14 12
2008 1 16 15 12
2008 1 16 16 12
2008 1 16 17 12
2008 1 16 18 12
2008 1 16 19 12
2008 1 16 20 12
2008 1 16 21 12
2008 1 16 22 12
2008 1 16 23 12
2008 1 17 0 12
2008 1 17 1 12
2008 1 17 2 12
2008 1 17 3 12
2008 1 17 4 12
2008 1 17 5 12
2008 1 17 6 12
2008 1 17 7 12
2008 1 17 8 12
2008 1 17 9 12
2008 1 17 10 12
2008 1 17 11 12
2008 1 17 12 12
2008 1 17 13 12
2008 1 17 14 12
2008 1 17 15 12
2008 1 17 16 12
2008 1 17 17 12
2008 1 17 18 12
2008 1 17 19 12
2008 1 17 20 12
2008 1 17 21 12
2008 1 17 22 9
2008 1 17 23 22
2008 1 18 0 22
2008 1 18 1 14
2008 1 18 2 14
2008 1 18 3 17
2008 1 18 4 22
2008 1 18 5 22
2008 1 18 6 22
2008 1 18 7 22
2008 1 18 8 22
2008 1 18 9 22
2008 1 18 10 22
2008 1 18 11 22
2008 1 18 12 22
2008 1 18 13 22
2008 1 18 14 22
2008 1 18 15 22
2008 1 18 16 9
2008 1 18 17 22
2008 1 18 18 9
2008 1 18 19 22
2008 1 18 20 22
2008 1 18 21 22
2008 1 18 22 22
2008 1 18 23 22
2008 1 19 0 22
2008 1 19 1 22
2008 1 19 2 21
2008 1 19 3 22
2008 1 19 4 21
2008 1 19 5 22
2008 1 19 6 22
2008 1 19 7 22
2008 1 19 8 22
2008 1 19 9 22
2008 1 19 10 22
2008 1 19 11 22
2008 1 19 12 22
2008 1 19 13 22
2008 1 19 14 22
2008 1 19 15 22
2008 1 19 16 22
2008 1 19 17 22
2008 1 19 18 22
2008 1 19 19 22
2008 1 19 20 22
2008 1 19 21 21
2008 1 19 22 22
2008 1 19 23 22
2008 1 20 0 21
2008 1 20 1 21
2008 1 20 2 19
2008 1 20 3 12
2008 1 20 4 11
2008 1 20 5 12
2008 1 20 6 22
2008 1 20 7 22
2008 1 20 8 22
2008 1 20 9 22
2008 1 20 10 22
2008 1 20 11 22
2008 1 20 12 22
2008 1 20 13 22
2008 1 20 14 22
2008 1 20 15 22
2008 1 20 16 22
2008 1 20 17 22
2008 1 20 18 20
2008 1 20 19 22
2008 1 20 20 22
2008 1 20 21 22
2008 1 20 22 22
2008 1 20 23 22
2008 1 21 0 22
2008 1 21 1 22
2008 1 21 2 22
2008 1 21 3 22
2008 1 21 4 22
2008 1 21 5 22
2008 1 21 6 22
2008 1 21 7 22
2008 1 21 8 21
2008 1 21 9 22
2008 1 21 10 22
2008 1 21 11 22
2008 1 21 12 22
2008 1 21 13 22
2008 1 21 14 22
2008 1 21 15 20
2008 1 21 16 19
2008 1 21 17 22
2008 1 21 18 22
2008 1 21 19 22
2008 1 21 20 12
2008 1 21 21 22
2008 1 21 22 22
2008 1 21 23 22
2008 1 22 0 21
2008 1 22 1 22
2008 1 22 2 22
2008 1 22 3 22
2008 1 22 4 22
2008 1 22 5 22
2008 1 22 6 22
2008 1 22 7 22
2008 1 22 8 22
2008 1 22 9 22
2008 1 22 10 22
2008 1 22 11 22
2008 1 22 12 20
2008 1 22 13 22
2008 1 22 14 22
2008 1 22 15 22
2008 1 22 16 22
2008 1 22 17 22
2008 1 22 18 22
2008 1 22 19 22
2008 1 22 20 22
2008 1 22 21 21
2008 1 22 22 22
2008 1 22 23 22
2008 1 23 0 22
2008 1 23 1 22
2008 1 23 2 22
2008 1 23 3 22
2008 1 23 4 22
2008 1 23 5 22
2008 1 23 6 22
2008 1 23 7 22
2008 1 23 8 22
2008 1 23 9 22
2008 1 23 10 22
2008 1 23 11 22
2008 1 23 12 22
2008 1 23 13 22
2008 1 23 14 22
2008 1 23 15 22
2008 1 23 16 22
2008 1 23 17 21
2008 1 23 18 22
2008 1 23 19 21
2008 1 23 20 21
2008 1 23 21 22
2008 1 23 22 22
2008 1 23 23 22
2008 1 24 0 22
2008 1 24 1 22
2008 1 24 2 20
2008 1 24 3 22
2008 1 24 4 22
2008 1 24 5 22
2008 1 24 6 22
2008 1 24 7 22
2008 1 24 8 22
2008 1 24 9 22
2008 1 24 10 22
2008 1 24 11 22
2008 1 24 12 21
2008 1 24 13 21
2008 1 24 14 22
2008 1 24 15 22
2008 1 24 16 21
2008 1 24 17 20
2008 1 24 18 19
2008 1 24 19 21
2008 1 24 20 22
2008 1 24 21 20
2008 1 24 22 22
2008 1 24 23 22
2008 1 25 0 22
2008 1 25 1 9
2008 1 25 2 22
2008 1 25 3 22
2008 1 25 4 22
2008 1 25 5 22
2008 1 25 6 22
2008 1 25 7 21
2008 1 25 8 21
2008 1 25 9 22
2008 1 25 10 22
2008 1 25 11 13
2008 1 25 12 22
2008 1 25 13 22
2008 1 25 14 22
2008 1 25 15 22
2008 1 25 16 12
2008 1 25 17 11
2008 1 25 18 9
2008 1 25 19 9
2008 1 25 20 9
2008 1 25 21 9
2008 1 25 22 9
2008 1 25 23 9
2008 1 26 0 9
2008 1 26 1 9
2008 1 26 2 9
2008 1 26 3 6
2008 1 26 4 6
2008 1 26 5 6
2008 1 26 6 6
2008 1 26 7 6
2008 1 26 8 6
2008 1 26 9 6
2008 1 26 10 6
2008 1 26 11 6
2008 1 26 12 6
2008 1 26 13 4
2008 1 26 14 6
2008 1 26 15 6
2008 1 26 16 6
2008 1 26 17 6
2008 1 26 18 7
2008 1 26 19 6
2008 1 26 20 6
2008 1 26 21 9
2008 1 26 22 19
2008 1 26 23 9
2008 1 27 0 12
2008 1 27 1 22
2008 1 27 2 22
2008 1 27 3 22
2008 1 27 4 22
2008 1 27 5 22
2008 1 27 6 22
2008 1 27 7 22
2008 1 27 8 21
2008 1 27 9 22
2008 1 27 10 21
2008 1 27 11 18
2008 1 27 12 11
2008 1 27 13 12
2008 1 27 14 10
2008 1 27 15 9
2008 1 27 16 9
2008 1 27 17 10
2008 1 27 18 9
2008 1 27 19 9
2008 1 27 20 9
2008 1 27 21 9
2008 1 27 22 9
2008 1 27 23 9
2008 1 28 0 9
2008 1 28 1 13
2008 1 28 2 21
2008 1 28 3 22
2008 1 28 4 19
2008 1 28 5 20
2008 1 28 6 21
2008 1 28 7 22
2008 1 28 8 22
2008 1 28 9 22
2008 1 28 10 22
2008 1 28 11 22
2008 1 28 12 15
2008 1 28 13 22
2008 1 28 14 22
2008 1 28 15 21
2008 1 28 16 15
2008 1 28 17 9
2008 1 28 18 9
2008 1 28 19 9
2008 1 28 20 9
2008 1 28 21 14
2008 1 28 22 9
2008 1 28 23 9
2008 1 29 0 9
2008 1 29 1 11
2008 1 29 2 9
2008 1 29 3 20
2008 1 29 4 19
2008 1 29 5 13
2008 1 29 6 12
2008 1 29 7 22
2008 1 29 8 22
2008 1 29 9 21
2008 1 29 10 22
2008 1 29 11 22
2008 1 29 12 22
2008 1 29 13 22
2008 1 29 14 22
2008 1 29 15 22
2008 1 29 16 20
2008 1 29 17 10
2008 1 29 18 16
2008 1 29 19 18
2008 1 29 20 20
2008 1 29 21 21
2008 1 29 22 22
2008 1 29 23 21
2008 1 30 0 21
2008 1 30 1 22
2008 1 30 2 22
2008 1 30 3 22
2008 1 30 4 19
2008 1 30 5 19
2008 1 30 6 19
2008 1 30 7 19
2008 1 30 8 19
2008 1 30 9 18
2008 1 30 10 19
2008 1 30 11 19
2008 1 30 12 19
2008 1 30 13 19
2008 1 30 14 16
2008 1 30 15 18
2008 1 30 16 18
2008 1 30 17 14
2008 1 30 18 16
2008 1 30 19 6
2008 1 30 20 10
2008 1 30 21 9
2008 1 30 22 6
2008 1 30 23 6
2008 1 31 0 15
2008 1 31 1 18
2008 1 31 2 16
2008 1 31 3 19
2008 1 31 4 6
2008 1 31 5 6
2008 1 31 6 16
2008 1 31 7 11
2008 1 31 8 6
2008 1 31 9 6
2008 1 31 10 6
2008 1 31 11 6
2008 1 31 12 16
2008 1 31 13 16
2008 1 31 14 8
2008 1 31 15 16
2008 1 31 16 17
2008 1 31 17 12
2008 1 31 18 19
2008 1 31 19 19
2008 1 31 20 18
2008 1 31 21 19
2008 1 31 22 20
2008 1 31 23 21
