2010 1 1 0 21
2010 1 1 1 21
2010 1 1 2 20
2010 1 1 3 21
2010 1 1 4 21
2010 1 1 5 21
2010 1 1 6 21
2010 1 1 7 21
2010 1 1 8 21
2010 1 1 9 21
2010 1 1 10 21
2010 1 1 11 21
2010 1 1 12 19
2010 1 1 13 21
2010 1 1 14 21
2010 1 1 15 20
2010 1 1 16 21
2010 1 1 17 20
2010 1 1 18 21
2010 1 1 19 21
2010 1 1 20 21
2010 1 1 21 21
2010 1 1 22 21
2010 1 1 23 21
2010 1 2 0 21
2010 1 2 1 21
2010 1 2 2 21
2010 1 2 3 21
2010 1 2 4 21
2010 1 2 5 21
2010 1 2 6 21
2010 1 2 7 21
2010 1 2 8 21
2010 1 2 9 21
2010 1 2 10 21
2010 1 2 11 19
2010 1 2 12 21
2010 1 2 13 21
2010 1 2 14 21
2010 1 2 15 21
2010 1 2 16 21
2010 1 2 17 21
2010 1 2 18 18
2010 1 2 19 18
2010 1 2 20 18
2010 1 2 21 18
2010 1 2 22 18
2010 1 2 23 18
2010 1 3 0 18
2010 1 3 1 18
2010 1 3 2 18
2010 1 3 3 18
2010 1 3 4 18
2010 1 3 5 18
2010 1 3 6 18
2010 1 3 7 18
2010 1 3 8 18
2010 1 3 9 18
2010 1 3 10 18
2010 1 3 11 18
2010 1 3 12 18
2010 1 3 13 18
2010 1 3 14 18
2010 1 3 15 18
2010 1 3 16 18
2010 1 3 17 18
2010 1 3 18 18
2010 1 3 19 18
2010 1 3 20 18
2010 1 3 21 18
2010 1 3 22 18
2010 1 3 23 18
2010 1 4 0 18
2010 1 4 1 18
2010 1 4 2 18
2010 1 4 3 18
2010 1 4 4 18
2010 1 4 5 18
2010 1 4 6 18
2010 1 4 7 18
2010 1 4 8 18
2010 1 4 9 18
2010 1 4 10 18
2010 1 4 11 18
2010 1 4 12 21
2010 1 4 13 21
2010 1 4 14 21
2010 1 4 15 21
2010 1 4 16 21
2010 1 4 17 21
2010 1 4 18 21
2010 1 4 19 21
2010 1 4 20 21
2010 1 4 21 21
2010 1 4 22 21
2010 1 4 23 21
2010 1 5 0 21
2010 1 5 1 15
2010 1 5 2 21
2010 1 5 3 21
2010 1 5 4 21
2010 1 5 5 21
2010 1 5 6 21
2010 1 5 7 21
2010 1 5 8 21
2010 1 5 9 21
2010 1 5 10 21
2010 1 5 11 21
2010 1 5 12 21
2010 1 5 13 21
2010 1 5 14 21
2010 1 5 15 21
2010 1 5 16 21
2010 1 5 17 21
2010 1 5 18 21
2010 1 5 19 21
2010 1 5 20 21
2010 1 5 21 21
2010 1 5 22 21
2010 1 5 23 21
2010 1 6 0 21
2010 1 6 1 21
2010 1 6 2 21
2010 1 6 3 21
2010 1 6 4 21
2010 1 6 5 21
2010 1 6 6 21
2010 1 6 7 21
2010 1 6 8 21
2010 1 6 9 21
2010 1 6 10 21
2010 1 6 11 21
2010 1 6 12 21
2010 1 6 13 21
2010 1 6 14 21
2010 1 6 15 21
2010 1 6 16 21
2010 1 6 17 21
2010 1 6 18 19
2010 1 6 19 21
2010 1 6 20 21
2010 1 6 21 18
2010 1 6 22 18
2010 1 6 23 17
2010 1 7 0 18
2010 1 7 1 20
2010 1 7 2 21
2010 1 7 3 21
2010 1 7 4 21
2010 1 7 5 21
2010 1 7 6 21
2010 1 7 7 21
2010 1 7 8 21
2010 1 7 9 21
2010 1 7 10 21
2010 1 7 11 21
2010 1 7 12 21
2010 1 7 13 21
2010 1 7 14 21
2010 1 7 15 21
2010 1 7 16 21
2010 1 7 17 21
2010 1 7 18 21
2010 1 7 19 21
2010 1 7 20 21
2010 1 7 21 21
2010 1 7 22 21
2010 1 7 23 21
2010 1 8 0 21
2010 1 8 1 21
2010 1 8 2 21
2010 1 8 3 21
2010 1 8 4 21
2010 1 8 5 21
2010 1 8 6 21
2010 1 8 7 21
2010 1 8 8 21
2010 1 8 9 21
2010 1 8 10 21
2010 1 8 11 21
2010 1 8 12 21
2010 1 8 13 21
2010 1 8 14 21
2010 1 8 15 21
2010 1 8 16 21
2010 1 8 17 21
2010 1 8 18 21
2010 1 8 19 21
2010 1 8 20 21
2010 1 8 21 21
2010 1 8 22 21
2010 1 8 23 21
2010 1 9 0 21
2010 1 9 1 21
2010 1 9 2 21
2010 1 9 3 21
2010 1 9 4 21
2010 1 9 5 21
2010 1 9 6 21
2010 1 9 7 20
2010 1 9 8 21
2010 1 9 9 21
2010 1 9 10 19
2010 1 9 11 19
2010 1 9 12 21
2010 1 9 13 21
2010 1 9 14 21
2010 1 9 15 21
2010 1 9 16 21
2010 1 9 17 21
2010 1 9 18 21
2010 1 9 19 21
2010 1 9 20 21
2010 1 9 21 21
2010 1 9 22 21
2010 1 9 23 21
2010 1 10 0 21
2010 1 10 1 21
2010 1 10 2 21
2010 1 10 3 21
2010 1 10 4 21
2010 1 10 5 21
2010 1 10 6 21
2010 1 10 7 21
2010 1 10 8 21
2010 1 10 9 21
2010 1 10 10 21
2010 1 10 11 21
2010 1 10 12 20
2010 1 10 13 21
2010 1 10 14 21
2010 1 10 15 21
2010 1 10 16 21
2010 1 10 17 21
2010 1 10 18 21
2010 1 10 19 21
2010 1 10 20 21
2010 1 10 21 21
2010 1 10 22 21
2010 1 10 23 21
2010 1 11 0 21
2010 1 11 1 21
2010 1 11 2 21
2010 1 11 3 21
2010 1 11 4 21
2010 1 11 5 21
2010 1 11 6 21
2010 1 11 7 21
2010 1 11 8 21
2010 1 11 9 21
2010 1 11 10 21
2010 1 11 11 21
2010 1 11 12 21
2010 1 11 13 21
2010 1 11 14 21
2010 1 11 15 21
2010 1 11 16 21
2010 1 11 17 21
2010 1 11 18 21
2010 1 11 19 21
2010 1 11 20 21
2010 1 11 21 20
2010 1 11 22 20
2010 1 11 23 21
2010 1 12 0 21
2010 1 12 1 21
2010 1 12 2 21
2010 1 12 3 20
2010 1 12 4 20
2010 1 12 5 21
2010 1 12 6 21
2010 1 12 7 20
2010 1 12 8 21
2010 1 12 9 21
2010 1 12 10 19
2010 1 12 11 21
2010 1 12 12 21
2010 1 12 13 21
2010 1 12 14 21
2010 1 12 15 21
2010 1 12 16 21
2010 1 12 17 21
2010 1 12 18 21
2010 1 12 19 21
2010 1 12 20 21
2010 1 12 21 21
2010 1 12 22 21
2010 1 12 23 19
2010 1 13 0 19
2010 1 13 1 18
2010 1 13 2 19
2010 1 13 3 16
2010 1 13 4 16
2010 1 13 5 16
2010 1 13 6 20
2010 1 13 7 21
2010 1 13 8 21
2010 1 13 9 21
2010 1 13 10 19
2010 1 13 11 19
2010 1 13 12 21
2010 1 13 13 21
2010 1 13 14 21
2010 1 13 15 21
2010 1 13 16 21
2010 1 13 17 21
2010 1 13 18 21
2010 1 13 19 21
2010 1 13 20 21
2010 1 13 21 21
2010 1 13 22 21
2010 1 13 23 21
2010 1 14 0 21
2010 1 14 1 21
2010 1 14 2 21
2010 1 14 3 21
2010 1 14 4 21
2010 1 14 5 21
2010 1 14 6 21
2010 1 14 7 21
2010 1 14 8 21
2010 1 14 9 21
2010 1 14 10 21
2010 1 14 11 21
2010 1 14 12 21
2010 1 14 13 21
2010 1 14 14 21
2010 1 14 15 21
2010 1 14 16 21
2010 1 14 17 21
2010 1 14 18 15
2010 1 14 19 21
2010 1 14 20 21
2010 1 14 21 21
2010 1 14 22 21
2010 1 14 23 21
2010 1 15 0 21
2010 1 15 1 21
2010 1 15 2 21
2010 1 15 3 21
2010 1 15 4 21
2010 1 15 5 21
2010 1 15 6 21
2010 1 15 7 21
2010 1 15 8 21
2010 1 15 9 21
2010 1 15 10 21
2010 1 15 11 21
2010 1 15 0 21
2010 1 15 1 21
2010 1 15 2 21
2010 1 15 3 21
2010 1 15 4 21
2010 1 15 5 21
2010 1 15 6 21
2010 1 15 7 21
2010 1 15 8 21
2010 1 15 9 21
2010 1 15 10 21
2010 1 15 11 21
2010 1 15 12 21
2010 1 15 13 21
2010 1 15 14 21
2010 1 15 15 21
2010 1 15 16 21
2010 1 15 17 21
2010 1 15 18 21
2010 1 15 19 21
2010 1 15 20 21
2010 1 15 21 21
2010 1 15 22 21
2010 1 15 23 21
2010 1 16 0 21
2010 1 16 1 21
2010 1 16 2 21
2010 1 16 3 21
2010 1 16 4 21
2010 1 16 5 21
2010 1 16 6 21
2010 1 16 7 21
2010 1 16 8 21
2010 1 16 9 21
2010 1 16 10 19
2010 1 16 11 21
2010 1 16 12 21
2010 1 16 13 21
2010 1 16 14 21
2010 1 16 15 21
2010 1 16 16 21
2010 1 16 17 21
2010 1 16 18 21
2010 1 16 19 21
2010 1 16 20 21
2010 1 16 21 21
2010 1 16 22 21
2010 1 16 23 21
2010 1 17 0 21
2010 1 17 1 21
2010 1 17 2 21
2010 1 17 3 21
2010 1 17 4 21
2010 1 17 5 21
2010 1 17 6 21
2010 1 17 7 21
2010 1 17 8 21
2010 1 17 9 21
2010 1 17 10 21
2010 1 17 11 21
2010 1 17 12 21
2010 1 17 13 21
2010 1 17 14 21
2010 1 17 15 21
2010 1 17 16 21
2010 1 17 17 21
2010 1 17 18 18
2010 1 17 19 20
2010 1 17 20 19
2010 1 17 21 19
2010 1 17 22 19
2010 1 17 23 16
2010 1 18 0 16
2010 1 18 1 17
2010 1 18 2 18
2010 1 18 3 18
2010 1 18 4 19
2010 1 18 5 21
2010 1 18 6 21
2010 1 18 7 18
2010 1 18 8 18
2010 1 18 9 18
2010 1 18 10 18
2010 1 18 11 18
2010 1 18 12 18
2010 1 18 13 18
2010 1 18 14 18
2010 1 18 15 18
2010 1 18 16 16
2010 1 18 17 15
2010 1 18 18 9
2010 1 18 19 9
2010 1 18 20 9
2010 1 18 21 9
2010 1 18 22 9
2010 1 18 23 9
2010 1 19 0 9
2010 1 19 1 9
2010 1 19 2 10
2010 1 19 3 15
2010 1 19 4 15
2010 1 19 5 17
2010 1 19 6 17
2010 1 19 7 18
2010 1 19 8 19
2010 1 19 9 16
2010 1 19 10 16
2010 1 19 11 10
2010 1 19 12 9
2010 1 19 13 9
2010 1 19 14 9
2010 1 19 15 9
2010 1 19 16 9
2010 1 19 17 9
2010 1 19 18 14
2010 1 19 19 10
2010 1 19 20 15
2010 1 19 21 15
2010 1 19 22 15
2010 1 19 23 9
2010 1 20 0 10
2010 1 20 1 12
2010 1 20 2 12
2010 1 20 3 15
2010 1 20 4 15
2010 1 20 5 18
2010 1 20 6 18
2010 1 20 7 18
2010 1 20 8 18
2010 1 20 9 18
2010 1 20 10 16
2010 1 20 11 16
2010 1 20 12 16
2010 1 20 13 16
2010 1 20 14 16
2010 1 20 15 16
2010 1 20 16 15
2010 1 20 17 15
2010 1 20 18 15
2010 1 20 19 16
2010 1 20 20 15
2010 1 20 21 16
2010 1 20 22 15
2010 1 20 23 15
2010 1 21 0 16
2010 1 21 1 16
2010 1 21 2 12
2010 1 21 3 15
2010 1 21 4 15
2010 1 21 5 16
2010 1 21 6 16
2010 1 21 7 16
2010 1 21 8 16
2010 1 21 9 17
2010 1 21 10 17
2010 1 21 11 18
2010 1 21 12 18
2010 1 21 13 18
2010 1 21 14 18
2010 1 21 15 18
2010 1 21 16 18
2010 1 21 17 18
2010 1 21 18 18
2010 1 21 19 15
2010 1 21 20 15
2010 1 21 21 15
2010 1 21 22 17
2010 1 21 23 19
2010 1 22 0 18
2010 1 22 1 21
2010 1 22 2 18
2010 1 22 3 21
2010 1 22 4 21
2010 1 22 5 21
2010 1 22 6 21
2010 1 22 7 21
2010 1 22 8 21
2010 1 22 9 21
2010 1 22 10 21
2010 1 22 11 20
2010 1 22 12 20
2010 1 22 13 21
2010 1 22 14 15
2010 1 22 15 21
2010 1 22 16 19
2010 1 22 17 21
2010 1 22 18 20
2010 1 22 19 21
2010 1 22 20 21
2010 1 22 21 21
2010 1 22 22 21
2010 1 22 23 21
2010 1 23 0 19
2010 1 23 1 19
2010 1 23 2 21
2010 1 23 3 21
2010 1 23 4 21
2010 1 23 5 21
2010 1 23 6 21
2010 1 23 7 19
2010 1 23 8 19
2010 1 23 9 21
2010 1 23 10 20
2010 1 23 11 18
2010 1 23 12 19
2010 1 23 13 19
2010 1 23 14 21
2010 1 23 15 21
2010 1 23 16 21
2010 1 23 17 21
2010 1 23 18 21
2010 1 23 19 21
2010 1 23 20 21
2010 1 23 21 21
2010 1 23 22 21
2010 1 23 23 21
2010 1 24 0 21
2010 1 24 1 21
2010 1 24 2 21
2010 1 24 3 21
2010 1 24 4 21
2010 1 24 5 21
2010 1 24 6 21
2010 1 24 7 21
2010 1 24 8 21
2010 1 24 9 21
2010 1 24 10 21
2010 1 24 11 21
2010 1 24 12 21
2010 1 24 13 20
2010 1 24 14 18
2010 1 24 15 18
2010 1 24 16 18
2010 1 24 17 18
2010 1 24 18 17
2010 1 24 19 17
2010 1 24 20 15
2010 1 24 21 18
2010 1 24 22 17
2010 1 24 23 11
2010 1 25 0 11
2010 1 25 1 10
2010 1 25 2 11
2010 1 25 3 11
2010 1 25 4 11
2010 1 25 5 11
2010 1 25 6 11
2010 1 25 7 11
2010 1 25 8 14
2010 1 25 9 14
2010 1 25 10 14
2010 1 25 11 14
2010 1 25 12 15
2010 1 25 13 15
2010 1 25 14 18
2010 1 25 15 18
2010 1 25 16 18
2010 1 25 17 18
2010 1 25 18 18
2010 1 25 19 15
2010 1 25 20 14
2010 1 25 21 15
2010 1 25 22 14
2010 1 25 23 15
2010 1 26 0 15
2010 1 26 1 15
2010 1 26 2 18
2010 1 26 3 18
2010 1 26 4 18
2010 1 26 5 18
2010 1 26 6 18
2010 1 26 7 17
2010 1 26 8 11
2010 1 26 9 11
2010 1 26 10 14
2010 1 26 11 16
2010 1 26 12 17
2010 1 26 13 17
2010 1 26 14 17
2010 1 26 15 17
2010 1 26 16 17
2010 1 26 17 17
2010 1 26 18 18
2010 1 26 19 12
2010 1 26 20 18
2010 1 26 21 21
2010 1 26 22 21
2010 1 26 23 21
2010 1 27 0 21
2010 1 27 1 21
2010 1 27 2 21
2010 1 27 3 21
2010 1 27 4 21
2010 1 27 5 21
2010 1 27 6 21
2010 1 27 7 21
2010 1 27 8 21
2010 1 27 9 21
2010 1 27 10 21
2010 1 27 11 21
2010 1 27 12 21
2010 1 27 13 21
2010 1 27 14 21
2010 1 27 15 21
2010 1 27 16 21
2010 1 27 17 21
2010 1 27 18 21
2010 1 27 19 15
2010 1 27 20 15
2010 1 27 21 21
2010 1 27 22 21
2010 1 27 23 21
2010 1 28 0 21
2010 1 28 1 21
2010 1 28 2 21
2010 1 28 3 21
2010 1 28 4 21
2010 1 28 5 21
2010 1 28 6 21
2010 1 28 7 21
2010 1 28 8 14
2010 1 28 9 14
2010 1 28 10 14
2010 1 28 11 14
2010 1 28 12 14
2010 1 28 13 14
2010 1 28 14 14
2010 1 28 15 14
2010 1 28 16 14
2010 1 28 17 9
2010 1 28 18 14
2010 1 28 19 14
2010 1 28 20 14
2010 1 28 21 14
2010 1 28 22 14
2010 1 28 23 14
2010 1 29 0 14
2010 1 29 1 14
2010 1 29 2 14
2010 1 29 3 14
2010 1 29 4 14
2010 1 29 5 14
2010 1 29 6 14
2010 1 29 7 14
2010 1 29 8 14
2010 1 29 9 14
2010 1 29 10 14
2010 1 29 11 14
2010 1 29 12 14
2010 1 29 13 14
2010 1 29 14 14
2010 1 29 15 14
2010 1 29 16 14
2010 1 29 17 14
2010 1 29 18 14
2010 1 29 19 14
2010 1 29 20 14
2010 1 29 21 14
2010 1 29 22 14
2010 1 29 23 14
2010 1 30 0 14
2010 1 30 1 14
2010 1 30 2 14
2010 1 30 3 14
2010 1 30 4 14
2010 1 30 5 14
2010 1 30 6 14
2010 1 30 7 14
2010 1 30 8 14
2010 1 30 9 14
2010 1 30 10 14
2010 1 30 11 14
2010 1 30 12 14
2010 1 30 13 14
2010 1 30 14 14
2010 1 30 15 14
2010 1 30 16 14
2010 1 30 17 14
2010 1 30 18 14
2010 1 30 19 14
2010 1 30 20 14
2010 1 30 21 14
2010 1 30 22 14
2010 1 30 23 14
2010 1 31 0 14
2010 1 31 1 14
2010 1 31 2 14
2010 1 31 3 14
2010 1 31 4 14
2010 1 31 5 14
2010 1 31 6 14
2010 1 31 7 14
2010 1 31 8 14
2010 1 31 9 14
2010 1 31 10 14
2010 1 31 11 14
2010 1 31 12 14
2010 1 31 13 14
2010 1 31 14 14
2010 1 31 15 14
2010 1 31 16 14
2010 1 31 17 14
2010 1 31 18 14
2010 1 31 19 14
2010 1 31 20 14
2010 1 31 21 14
2010 1 31 22 14
2010 1 31 23 14
2008 1 1 0 18
2008 1 1 1 18
2008 1 1 2 18
2008 1 1 3 18
2008 1 1 4 18
2008 1 1 5 18
2008 1 1 6 18
2008 1 1 7 18
2008 1 1 8 18
2008 1 1 9 18
2008 1 1 10 18
2008 1 1 11 18
2008 1 1 12 18
2008 1 1 13 18
2008 1 1 14 18
2008 1 1 15 18
2008 1 1 16 18
2008 1 1 17 18
2008 1 1 18 18
2008 1 1 19 18
2008 1 1 20 18
2008 1 1 21 18
2008 1 1 22 18
2008 1 1 23 18
2008 1 2 0 18
2008 1 2 1 18
2008 1 2 2 18
2008 1 2 3 18
2008 1 2 4 18
2008 1 2 5 18
2008 1 2 6 18
2008 1 2 7 18
2008 1 2 8 18
2008 1 2 9 18
2008 1 2 10 18
2008 1 2 11 12
2008 1 2 12 18
2008 1 2 13 17
2008 1 2 14 17
2008 1 2 15 18
2008 1 2 16 18
2008 1 2 17 18
2008 1 2 18 18
2008 1 2 19 18
2008 1 2 20 18
2008 1 2 21 18
2008 1 2 22 18
2008 1 2 23 18
2008 1 3 0 18
2008 1 3 1 18
2008 1 3 2 18
2008 1 3 3 18
2008 1 3 4 17
2008 1 3 5 18
2008 1 3 6 16
2008 1 3 7 16
2008 1 3 8 16
2008 1 3 9 16
2008 1 3 10 16
2008 1 3 11 16
2008 1 3 12 16
2008 1 3 13 16
2008 1 3 14 16
2008 1 3 15 9
2008 1 3 16 10
2008 1 3 17 10
2008 1 3 18 9
2008 1 3 19 12
2008 1 3 20 12
2008 1 3 21 16
2008 1 3 22 16
2008 1 3 23 15
2008 1 4 0 14
2008 1 4 1 13
2008 1 4 2 13
2008 1 4 3 12
2008 1 4 4 13
2008 1 4 5 13
2008 1 4 6 13
2008 1 4 7 13
2008 1 4 8 13
2008 1 4 9 13
2008 1 4 10 13
2008 1 4 11 13
2008 1 4 12 13
2008 1 4 13 13
2008 1 4 14 12
2008 1 4 15 12
2008 1 4 16 12
2008 1 4 17 12
2008 1 4 18 12
2008 1 4 19 12
2008 1 4 20 13
2008 1 4 21 12
2008 1 4 22 12
2008 1 4 23 12
2008 1 5 0 13
2008 1 5 1 14
2008 1 5 2 14
2008 1 5 3 13
2008 1 5 4 15
2008 1 5 5 15
2008 1 5 6 15
2008 1 5 7 18
2008 1 5 8 18
2008 1 5 9 18
2008 1 5 10 18
2008 1 5 11 18
2008 1 5 12 18
2008 1 5 13 18
2008 1 5 14 18
2008 1 5 15 18
2008 1 5 16 17
2008 1 5 17 18
2008 1 5 18 17
2008 1 5 19 18
2008 1 5 20 13
2008 1 5 21 18
2008 1 5 22 15
2008 1 5 23 15
2008 1 6 0 16
2008 1 6 1 17
2008 1 6 2 17
2008 1 6 3 18
2008 1 6 4 17
2008 1 6 5 18
2008 1 6 6 18
2008 1 6 7 17
2008 1 6 8 17
2008 1 6 9 18
2008 1 6 10 18
2008 1 6 11 18
2008 1 6 12 17
2008 1 6 13 18
2008 1 6 14 17
2008 1 6 15 18
2008 1 6 16 18
2008 1 6 17 16
2008 1 6 18 12
2008 1 6 19 18
2008 1 6 20 18
2008 1 6 21 17
2008 1 6 22 17
2008 1 6 23 17
2008 1 7 0 17
2008 1 7 1 18
2008 1 7 2 18
2008 1 7 3 17
2008 1 7 4 17
2008 1 7 5 17
2008 1 7 6 17
2008 1 7 7 17
2008 1 7 8 17
2008 1 7 9 18
2008 1 7 10 13
2008 1 7 11 17
2008 1 7 12 17
2008 1 7 13 17
2008 1 7 14 17
2008 1 7 15 17
2008 1 7 16 15
2008 1 7 17 12
2008 1 7 18 15
2008 1 7 19 17
2008 1 7 20 17
2008 1 7 21 18
2008 1 7 22 18
2008 1 7 23 18
2008 1 8 0 18
2008 1 8 1 18
2008 1 8 2 18
2008 1 8 3 18
2008 1 8 4 18
2008 1 8 5 17
2008 1 8 6 16
2008 1 8 7 11
2008 1 8 8 14
2008 1 8 9 17
2008 1 8 10 9
2008 1 8 11 7
2008 1 8 12 9
2008 1 8 13 9
2008 1 8 14 9
2008 1 8 15 9
2008 1 8 16 6
2008 1 8 17 9
2008 1 8 18 9
2008 1 8 19 8
2008 1 8 20 8
2008 1 8 21 9
2008 1 8 22 9
2008 1 8 23 10
2008 1 9 0 9
2008 1 9 1 11
2008 1 9 2 12
2008 1 9 3 17
2008 1 9 4 17
2008 1 9 5 17
2008 1 9 6 17
2008 1 9 7 17
2008 1 9 8 14
2008 1 9 9 14
2008 1 9 10 17
2008 1 9 11 17
2008 1 9 12 14
2008 1 9 13 14
2008 1 9 14 14
2008 1 9 15 14
2008 1 9 16 14
2008 1 9 17 14
2008 1 9 18 17
2008 1 9 19 16
2008 1 9 20 12
2008 1 9 21 15
2008 1 9 22 15
2008 1 9 23 16
2008 1 10 0 11
2008 1 10 1 11
2008 1 10 2 12
2008 1 10 3 12
2008 1 10 4 12
2008 1 10 5 13
2008 1 10 6 12
2008 1 10 7 13
2008 1 10 8 13
2008 1 10 9 13
2008 1 10 10 12
2008 1 10 11 13
2008 1 10 12 13
2008 1 10 13 13
2008 1 10 14 13
2008 1 10 15 13
2008 1 10 16 15
2008 1 10 17 18
2008 1 10 18 16
2008 1 10 19 18
2008 1 10 20 18
2008 1 10 21 16
2008 1 10 22 18
2008 1 10 23 18
2008 1 11 0 18
2008 1 11 1 15
2008 1 11 2 12
2008 1 11 3 15
2008 1 11 4 15
2008 1 11 5 15
2008 1 11 6 15
2008 1 11 7 15
2008 1 11 8 15
2008 1 11 9 15
2008 1 11 10 15
2008 1 11 11 15
2008 1 11 12 15
2008 1 11 13 15
2008 1 11 14 15
2008 1 11 15 15
2008 1 11 16 15
2008 1 11 17 15
2008 1 11 18 15
2008 1 11 19 15
2008 1 11 20 15
2008 1 11 21 13
2008 1 11 22 15
2008 1 11 23 15
2008 1 12 0 15
2008 1 12 1 15
2008 1 12 2 15
2008 1 12 3 15
2008 1 12 4 15
2008 1 12 5 15
2008 1 12 6 15
2008 1 12 7 15
2008 1 12 8 15
2008 1 12 9 15
2008 1 12 10 13
2008 1 12 11 15
2008 1 12 12 13
2008 1 12 13 13
2008 1 12 14 15
2008 1 12 15 15
2008 1 12 16 15
2008 1 12 17 15
2008 1 12 18 15
2008 1 12 19 15
2008 1 12 20 15
2008 1 12 21 15
2008 1 12 22 15
2008 1 12 23 15
2008 1 13 0 15
2008 1 13 1 15
2008 1 13 2 15
2008 1 13 3 15
2008 1 13 4 15
2008 1 13 5 15
2008 1 13 6 15
2008 1 13 7 15
2008 1 13 8 15
2008 1 13 9 15
2008 1 13 10 15
2008 1 13 11 15
2008 1 13 12 15
2008 1 13 13 15
2008 1 13 14 15
2008 1 13 15 15
2008 1 13 16 15
2008 1 13 17 14
2008 1 13 18 15
2008 1 13 19 15
2008 1 13 20 15
2008 1 13 21 15
2008 1 13 22 15
2008 1 13 23 15
2008 1 14 0 15
2008 1 14 1 15
2008 1 14 2 13
2008 1 14 3 15
2008 1 14 4 15
2008 1 14 5 15
2008 1 14 6 15
2008 1 14 7 15
2008 1 14 8 15
2008 1 14 9 15
2008 1 14 10 15
2008 1 14 11 15
2008 1 14 12 15
2008 1 14 13 15
2008 1 14 14 15
2008 1 14 15 15
2008 1 14 16 15
2008 1 14 17 15
2008 1 14 18 15
2008 1 14 19 15
2008 1 14 20 14
2008 1 14 21 14
2008 1 14 22 15
2008 1 14 23 15
2008 1 15 0 15
2008 1 15 1 15
2008 1 15 2 15
2008 1 15 3 15
2008 1 15 4 15
2008 1 15 5 15
2008 1 15 6 15
2008 1 15 7 15
2008 1 15 8 15
2008 1 15 9 15
2008 1 15 10 15
2008 1 15 11 15
2008 1 15 12 14
2008 1 15 13 14
2008 1 15 14 14
2008 1 15 15 14
2008 1 15 16 15
2008 1 15 17 15
2008 1 15 18 15
2008 1 15 19 12
2008 1 15 20 13
2008 1 15 21 13
2008 1 15 22 15
2008 1 15 23 15
2008 1 16 0 15
2008 1 16 1 15
2008 1 16 2 15
2008 1 16 3 13
2008 1 16 4 13
2008 1 16 5 13
2008 1 16 6 15
2008 1 16 7 15
2008 1 16 8 15
2008 1 16 9 15
2008 1 16 10 15
2008 1 16 11 15
2008 1 16 12 15
2008 1 16 13 15
2008 1 16 14 15
2008 1 16 15 15
2008 1 16 16 15
2008 1 16 17 14
2008 1 16 18 15
2008 1 16 19 15
2008 1 16 20 15
2008 1 16 21 15
2008 1 16 22 15
2008 1 16 23 15
2008 1 17 0 15
2008 1 17 1 15
2008 1 17 2 15
2008 1 17 3 15
2008 1 17 4 15
2008 1 17 5 15
2008 1 17 6 15
2008 1 17 7 15
2008 1 17 8 15
2008 1 17 9 15
2008 1 17 10 15
2008 1 17 11 15
2008 1 17 12 15
2008 1 17 13 15
2008 1 17 14 15
2008 1 17 15 15
2008 1 17 16 15
2008 1 17 17 15
2008 1 17 18 15
2008 1 17 19 15
2008 1 17 20 15
2008 1 17 21 15
2008 1 17 22 12
2008 1 17 23 18
2008 1 18 0 18
2008 1 18 1 15
2008 1 18 2 15
2008 1 18 3 15
2008 1 18 4 18
2008 1 18 5 18
2008 1 18 6 18
2008 1 18 7 18
2008 1 18 8 18
2008 1 18 9 18
2008 1 18 10 18
2008 1 18 11 18
2008 1 18 12 18
2008 1 18 13 18
2008 1 18 14 18
2008 1 18 15 18
2008 1 18 16 12
2008 1 18 17 17
2008 1 18 18 12
2008 1 18 19 18
2008 1 18 20 18
2008 1 18 21 18
2008 1 18 22 18
2008 1 18 23 18
2008 1 19 0 18
2008 1 19 1 18
2008 1 19 2 18
2008 1 19 3 18
2008 1 19 4 18
2008 1 19 5 18
2008 1 19 6 18
2008 1 19 7 18
2008 1 19 8 18
2008 1 19 9 18
2008 1 19 10 18
2008 1 19 11 18
2008 1 19 12 18
2008 1 19 13 18
2008 1 19 14 18
2008 1 19 15 18
2008 1 19 16 18
2008 1 19 17 18
2008 1 19 18 18
2008 1 19 19 18
2008 1 19 20 18
2008 1 19 21 18
2008 1 19 22 18
2008 1 19 23 18
2008 1 20 0 18
2008 1 20 1 18
2008 1 20 2 17
2008 1 20 3 14
2008 1 20 4 13
2008 1 20 5 15
2008 1 20 6 18
2008 1 20 7 18
2008 1 20 8 18
2008 1 20 9 18
2008 1 20 10 18
2008 1 20 11 18
2008 1 20 12 18
2008 1 20 13 18
2008 1 20 14 18
2008 1 20 15 18
2008 1 20 16 18
2008 1 20 17 18
2008 1 20 18 16
2008 1 20 19 18
2008 1 20 20 18
2008 1 20 21 18
2008 1 20 22 18
2008 1 20 23 18
2008 1 21 0 18
2008 1 21 1 18
2008 1 21 2 18
2008 1 21 3 18
2008 1 21 4 18
2008 1 21 5 18
2008 1 21 6 18
2008 1 21 7 18
2008 1 21 8 17
2008 1 21 9 18
2008 1 21 10 18
2008 1 21 11 18
2008 1 21 12 18
2008 1 21 13 18
2008 1 21 14 18
2008 1 21 15 16
2008 1 21 16 16
2008 1 21 17 18
2008 1 21 18 18
2008 1 21 19 18
2008 1 21 20 15
2008 1 21 21 18
2008 1 21 22 18
2008 1 21 23 18
2008 1 22 0 18
2008 1 22 1 18
2008 1 22 2 18
2008 1 22 3 18
2008 1 22 4 18
2008 1 22 5 18
2008 1 22 6 18
2008 1 22 7 18
2008 1 22 8 18
2008 1 22 9 18
2008 1 22 10 18
2008 1 22 11 18
2008 1 22 12 16
2008 1 22 13 18
2008 1 22 14 18
2008 1 22 15 18
2008 1 22 16 18
2008 1 22 17 18
2008 1 22 18 18
2008 1 22 19 18
2008 1 22 20 18
2008 1 22 21 17
2008 1 22 22 18
2008 1 22 23 18
2008 1 23 0 18
2008 1 23 1 18
2008 1 23 2 18
2008 1 23 3 18
2008 1 23 4 18
2008 1 23 5 18
2008 1 23 6 18
2008 1 23 7 18
2008 1 23 8 18
2008 1 23 9 18
2008 1 23 10 18
2008 1 23 11 18
2008 1 23 12 18
2008 1 23 13 18
2008 1 23 14 18
2008 1 23 15 18
2008 1 23 16 17
2008 1 23 17 18
2008 1 23 18 17
2008 1 23 19 17
2008 1 23 20 17
2008 1 23 21 18
2008 1 23 22 18
2008 1 23 23 18
2008 1 24 0 18
2008 1 24 1 18
2008 1 24 2 18
2008 1 24 3 18
2008 1 24 4 18
2008 1 24 5 18
2008 1 24 6 18
2008 1 24 7 18
2008 1 24 8 18
2008 1 24 9 18
2008 1 24 10 18
2008 1 24 11 18
2008 1 24 12 17
2008 1 24 13 17
2008 1 24 14 18
2008 1 24 15 18
2008 1 24 16 17
2008 1 24 17 17
2008 1 24 18 17
2008 1 24 19 18
2008 1 24 20 18
2008 1 24 21 16
2008 1 24 22 18
2008 1 24 23 18
2008 1 25 0 18
2008 1 25 1 12
2008 1 25 2 18
2008 1 25 3 18
2008 1 25 4 18
2008 1 25 5 18
2008 1 25 6 18
2008 1 25 7 18
2008 1 25 8 18
2008 1 25 9 18
2008 1 25 10 18
2008 1 25 11 13
2008 1 25 12 18
2008 1 25 13 18
2008 1 25 14 18
2008 1 25 15 18
2008 1 25 16 15
2008 1 25 17 14
2008 1 25 18 12
2008 1 25 19 12
2008 1 25 20 12
2008 1 25 21 12
2008 1 25 22 12
2008 1 25 23 12
2008 1 26 0 13
2008 1 26 1 12
2008 1 26 2 12
2008 1 26 3 6
2008 1 26 4 6
2008 1 26 5 6
2008 1 26 6 6
2008 1 26 7 6
2008 1 26 8 6
2008 1 26 9 6
2008 1 26 10 6
2008 1 26 11 6
2008 1 26 12 6
2008 1 26 13 6
2008 1 26 14 6
2008 1 26 15 6
2008 1 26 16 6
2008 1 26 17 6
2008 1 26 18 8
2008 1 26 19 8
2008 1 26 20 9
2008 1 26 21 12
2008 1 26 22 15
2008 1 26 23 13
2008 1 27 0 14
2008 1 27 1 18
2008 1 27 2 18
2008 1 27 3 18
2008 1 27 4 18
2008 1 27 5 18
2008 1 27 6 18
2008 1 27 7 18
2008 1 27 8 18
2008 1 27 9 18
2008 1 27 10 17
2008 1 27 11 16
2008 1 27 12 12
2008 1 27 13 15
2008 1 27 14 13
2008 1 27 15 12
2008 1 27 16 12
2008 1 27 17 12
2008 1 27 18 12
2008 1 27 19 12
2008 1 27 20 12
2008 1 27 21 12
2008 1 27 22 12
2008 1 27 23 12
2008 1 28 0 12
2008 1 28 1 16
2008 1 28 2 17
2008 1 28 3 18
2008 1 28 4 16
2008 1 28 5 16
2008 1 28 6 17
2008 1 28 7 18
2008 1 28 8 18
2008 1 28 9 18
2008 1 28 10 18
2008 1 28 11 18
2008 1 28 12 15
2008 1 28 13 18
2008 1 28 14 18
2008 1 28 15 18
2008 1 28 16 13
2008 1 28 17 9
2008 1 28 18 9
2008 1 28 19 9
2008 1 28 20 9
2008 1 28 21 9
2008 1 28 22 9
2008 1 28 23 9
2008 1 29 0 9
2008 1 29 1 11
2008 1 29 2 10
2008 1 29 3 14
2008 1 29 4 15
2008 1 29 5 11
2008 1 29 6 11
2008 1 29 7 15
2008 1 29 8 15
2008 1 29 9 15
2008 1 29 10 15
2008 1 29 11 15
2008 1 29 12 15
2008 1 29 13 15
2008 1 29 14 14
2008 1 29 15 15
2008 1 29 16 12
2008 1 29 17 9
2008 1 29 18 11
2008 1 29 19 11
2008 1 29 20 13
2008 1 29 21 14
2008 1 29 22 15
2008 1 29 23 15
2008 1 30 0 15
2008 1 30 1 15
2008 1 30 2 15
2008 1 30 3 15
2008 1 30 4 15
2008 1 30 5 15
2008 1 30 6 15
2008 1 30 7 15
2008 1 30 8 15
2008 1 30 9 14
2008 1 30 10 15
2008 1 30 11 15
2008 1 30 12 15
2008 1 30 13 15
2008 1 30 14 13
2008 1 30 15 14
2008 1 30 16 15
2008 1 30 17 13
2008 1 30 18 13
2008 1 30 19 9
2008 1 30 20 10
2008 1 30 21 10
2008 1 30 22 9
2008 1 30 23 9
2008 1 31 0 12
2008 1 31 1 15
2008 1 31 2 12
2008 1 31 3 12
2008 1 31 4 3
2008 1 31 5 3
2008 1 31 6 6
2008 1 31 7 5
2008 1 31 8 3
2008 1 31 9 3
2008 1 31 10 3
2008 1 31 11 3
2008 1 31 12 6
2008 1 31 13 6
2008 1 31 14 3
2008 1 31 15 6
2008 1 31 16 10
2008 1 31 17 11
2008 1 31 18 12
2008 1 31 19 12
2008 1 31 20 11
2008 1 31 21 12
2008 1 31 22 13
2008 1 31 23 13
