2010 1 1 0 23
2010 1 1 1 23
2010 1 1 2 22
2010 1 1 3 23
2010 1 1 4 23
2010 1 1 5 23
2010 1 1 6 23
2010 1 1 7 23
2010 1 1 8 23
2010 1 1 9 23
2010 1 1 10 23
2010 1 1 11 23
2010 1 1 12 22
2010 1 1 13 23
2010 1 1 14 23
2010 1 1 15 22
2010 1 1 16 23
2010 1 1 17 22
2010 1 1 18 23
2010 1 1 19 23
2010 1 1 20 23
2010 1 1 21 23
2010 1 1 22 23
2010 1 1 23 23
2010 1 2 0 23
2010 1 2 1 23
2010 1 2 2 23
2010 1 2 3 23
2010 1 2 4 23
2010 1 2 5 23
2010 1 2 6 23
2010 1 2 7 23
2010 1 2 8 23
2010 1 2 9 23
2010 1 2 10 23
2010 1 2 11 22
2010 1 2 12 23
2010 1 2 13 23
2010 1 2 14 23
2010 1 2 15 23
2010 1 2 16 23
2010 1 2 17 23
2010 1 2 18 20
2010 1 2 19 20
2010 1 2 20 20
2010 1 2 21 20
2010 1 2 22 20
2010 1 2 23 20
2010 1 3 0 20
2010 1 3 1 20
2010 1 3 2 20
2010 1 3 3 20
2010 1 3 4 20
2010 1 3 5 20
2010 1 3 6 20
2010 1 3 7 20
2010 1 3 8 20
2010 1 3 9 20
2010 1 3 10 20
2010 1 3 11 20
2010 1 3 12 20
2010 1 3 13 20
2010 1 3 14 20
2010 1 3 15 20
2010 1 3 16 20
2010 1 3 17 20
2010 1 3 18 20
2010 1 3 19 20
2010 1 3 20 20
2010 1 3 21 20
2010 1 3 22 20
2010 1 3 23 20
2010 1 4 0 20
2010 1 4 1 20
2010 1 4 2 20
2010 1 4 3 20
2010 1 4 4 20
2010 1 4 5 20
2010 1 4 6 20
2010 1 4 7 20
2010 1 4 8 20
2010 1 4 9 20
2010 1 4 10 20
2010 1 4 11 20
2010 1 4 12 23
2010 1 4 13 23
2010 1 4 14 23
2010 1 4 15 23
2010 1 4 16 23
2010 1 4 17 23
2010 1 4 18 23
2010 1 4 19 23
2010 1 4 20 23
2010 1 4 21 23
2010 1 4 22 23
2010 1 4 23 23
2010 1 5 0 23
2010 1 5 1 15
2010 1 5 2 23
2010 1 5 3 23
2010 1 5 4 23
2010 1 5 5 23
2010 1 5 6 23
2010 1 5 7 23
2010 1 5 8 23
2010 1 5 9 23
2010 1 5 10 23
2010 1 5 11 23
2010 1 5 12 23
2010 1 5 13 23
2010 1 5 14 23
2010 1 5 15 23
2010 1 5 16 23
2010 1 5 17 23
2010 1 5 18 23
2010 1 5 19 23
2010 1 5 20 23
2010 1 5 21 23
2010 1 5 22 23
2010 1 5 23 23
2010 1 6 0 23
2010 1 6 1 23
2010 1 6 2 23
2010 1 6 3 23
2010 1 6 4 23
2010 1 6 5 23
2010 1 6 6 23
2010 1 6 7 23
2010 1 6 8 23
2010 1 6 9 23
2010 1 6 10 23
2010 1 6 11 23
2010 1 6 12 23
2010 1 6 13 23
2010 1 6 14 23
2010 1 6 15 23
2010 1 6 16 23
2010 1 6 17 23
2010 1 6 18 22
2010 1 6 19 23
2010 1 6 20 23
2010 1 6 21 20
2010 1 6 22 20
2010 1 6 23 19
2010 1 7 0 20
2010 1 7 1 22
2010 1 7 2 23
2010 1 7 3 23
2010 1 7 4 23
2010 1 7 5 23
2010 1 7 6 23
2010 1 7 7 23
2010 1 7 8 23
2010 1 7 9 23
2010 1 7 10 23
2010 1 7 11 23
2010 1 7 12 23
2010 1 7 13 23
2010 1 7 14 23
2010 1 7 15 23
2010 1 7 16 23
2010 1 7 17 23
2010 1 7 18 23
2010 1 7 19 23
2010 1 7 20 23
2010 1 7 21 23
2010 1 7 22 23
2010 1 7 23 23
2010 1 8 0 23
2010 1 8 1 23
2010 1 8 2 23
2010 1 8 3 23
2010 1 8 4 23
2010 1 8 5 23
2010 1 8 6 23
2010 1 8 7 23
2010 1 8 8 23
2010 1 8 9 23
2010 1 8 10 23
2010 1 8 11 23
2010 1 8 12 23
2010 1 8 13 23
2010 1 8 14 23
2010 1 8 15 23
2010 1 8 16 23
2010 1 8 17 23
2010 1 8 18 23
2010 1 8 19 23
2010 1 8 20 23
2010 1 8 21 23
2010 1 8 22 23
2010 1 8 23 23
2010 1 9 0 23
2010 1 9 1 23
2010 1 9 2 23
2010 1 9 3 23
2010 1 9 4 23
2010 1 9 5 23
2010 1 9 6 23
2010 1 9 7 22
2010 1 9 8 23
2010 1 9 9 23
2010 1 9 10 22
2010 1 9 11 22
2010 1 9 12 23
2010 1 9 13 23
2010 1 9 14 23
2010 1 9 15 23
2010 1 9 16 23
2010 1 9 17 23
2010 1 9 18 23
2010 1 9 19 23
2010 1 9 20 23
2010 1 9 21 23
2010 1 9 22 23
2010 1 9 23 23
2010 1 10 0 23
2010 1 10 1 23
2010 1 10 2 23
2010 1 10 3 23
2010 1 10 4 23
2010 1 10 5 23
2010 1 10 6 23
2010 1 10 7 23
2010 1 10 8 23
2010 1 10 9 23
2010 1 10 10 23
2010 1 10 11 23
2010 1 10 12 22
2010 1 10 13 23
2010 1 10 14 23
2010 1 10 15 23
2010 1 10 16 23
2010 1 10 17 23
2010 1 10 18 23
2010 1 10 19 23
2010 1 10 20 23
2010 1 10 21 23
2010 1 10 22 23
2010 1 10 23 23
2010 1 11 0 23
2010 1 11 1 23
2010 1 11 2 23
2010 1 11 3 23
2010 1 11 4 23
2010 1 11 5 23
2010 1 11 6 23
2010 1 11 7 23
2010 1 11 8 23
2010 1 11 9 23
2010 1 11 10 23
2010 1 11 11 23
2010 1 11 12 23
2010 1 11 13 23
2010 1 11 14 23
2010 1 11 15 23
2010 1 11 16 23
2010 1 11 17 23
2010 1 11 18 23
2010 1 11 19 23
2010 1 11 20 23
2010 1 11 21 23
2010 1 11 22 23
2010 1 11 23 23
2010 1 12 0 23
2010 1 12 1 23
2010 1 12 2 23
2010 1 12 3 23
2010 1 12 4 23
2010 1 12 5 23
2010 1 12 6 23
2010 1 12 7 22
2010 1 12 8 23
2010 1 12 9 23
2010 1 12 10 22
2010 1 12 11 23
2010 1 12 12 23
2010 1 12 13 23
2010 1 12 14 23
2010 1 12 15 23
2010 1 12 16 23
2010 1 12 17 23
2010 1 12 18 23
2010 1 12 19 23
2010 1 12 20 23
2010 1 12 21 23
2010 1 12 22 23
2010 1 12 23 22
2010 1 13 0 19
2010 1 13 1 17
2010 1 13 2 22
2010 1 13 3 16
2010 1 13 4 17
2010 1 13 5 16
2010 1 13 6 22
2010 1 13 7 23
2010 1 13 8 23
2010 1 13 9 23
2010 1 13 10 22
2010 1 13 11 22
2010 1 13 12 23
2010 1 13 13 23
2010 1 13 14 23
2010 1 13 15 23
2010 1 13 16 23
2010 1 13 17 23
2010 1 13 18 23
2010 1 13 19 23
2010 1 13 20 23
2010 1 13 21 23
2010 1 13 22 23
2010 1 13 23 23
2010 1 14 0 23
2010 1 14 1 23
2010 1 14 2 23
2010 1 14 3 23
2010 1 14 4 23
2010 1 14 5 23
2010 1 14 6 23
2010 1 14 7 23
2010 1 14 8 23
2010 1 14 9 23
2010 1 14 10 23
2010 1 14 11 23
2010 1 14 12 23
2010 1 14 13 23
2010 1 14 14 23
2010 1 14 15 23
2010 1 14 16 23
2010 1 14 17 23
2010 1 14 18 15
2010 1 14 19 23
2010 1 14 20 23
2010 1 14 21 23
2010 1 14 22 23
2010 1 14 23 23
2010 1 15 0 23
2010 1 15 1 23
2010 1 15 2 23
2010 1 15 3 23
2010 1 15 4 23
2010 1 15 5 23
2010 1 15 6 23
2010 1 15 7 23
2010 1 15 8 23
2010 1 15 9 23
2010 1 15 10 23
2010 1 15 11 23
2010 1 15 0 23
2010 1 15 1 23
2010 1 15 2 23
2010 1 15 3 23
2010 1 15 4 23
2010 1 15 5 23
2010 1 15 6 23
2010 1 15 7 23
2010 1 15 8 23
2010 1 15 9 23
2010 1 15 10 23
2010 1 15 11 23
2010 1 15 12 23
2010 1 15 13 23
2010 1 15 14 23
2010 1 15 15 23
2010 1 15 16 23
2010 1 15 17 23
2010 1 15 18 23
2010 1 15 19 23
2010 1 15 20 23
2010 1 15 21 23
2010 1 15 22 23
2010 1 15 23 23
2010 1 16 0 23
2010 1 16 1 23
2010 1 16 2 23
2010 1 16 3 23
2010 1 16 4 23
2010 1 16 5 23
2010 1 16 6 23
2010 1 16 7 23
2010 1 16 8 23
2010 1 16 9 23
2010 1 16 10 22
2010 1 16 11 23
2010 1 16 12 23
2010 1 16 13 23
2010 1 16 14 23
2010 1 16 15 23
2010 1 16 16 23
2010 1 16 17 23
2010 1 16 18 23
2010 1 16 19 23
2010 1 16 20 23
2010 1 16 21 23
2010 1 16 22 23
2010 1 16 23 23
2010 1 17 0 23
2010 1 17 1 23
2010 1 17 2 23
2010 1 17 3 23
2010 1 17 4 23
2010 1 17 5 23
2010 1 17 6 23
2010 1 17 7 23
2010 1 17 8 23
2010 1 17 9 23
2010 1 17 10 23
2010 1 17 11 23
2010 1 17 12 23
2010 1 17 13 23
2010 1 17 14 23
2010 1 17 15 23
2010 1 17 16 23
2010 1 17 17 23
2010 1 17 18 18
2010 1 17 19 22
2010 1 17 20 19
2010 1 17 21 19
2010 1 17 22 22
2010 1 17 23 16
2010 1 18 0 16
2010 1 18 1 17
2010 1 18 2 17
2010 1 18 3 17
2010 1 18 4 21
2010 1 18 5 22
2010 1 18 6 22
2010 1 18 7 17
2010 1 18 8 17
2010 1 18 9 17
2010 1 18 10 17
2010 1 18 11 17
2010 1 18 12 17
2010 1 18 13 17
2010 1 18 14 17
2010 1 18 15 17
2010 1 18 16 16
2010 1 18 17 15
2010 1 18 18 9
2010 1 18 19 9
2010 1 18 20 9
2010 1 18 21 9
2010 1 18 22 9
2010 1 18 23 9
2010 1 19 0 9
2010 1 19 1 9
2010 1 19 2 10
2010 1 19 3 18
2010 1 19 4 15
2010 1 19 5 16
2010 1 19 6 17
2010 1 19 7 19
2010 1 19 8 22
2010 1 19 9 16
2010 1 19 10 16
2010 1 19 11 10
2010 1 19 12 9
2010 1 19 13 9
2010 1 19 14 9
2010 1 19 15 9
2010 1 19 16 9
2010 1 19 17 9
2010 1 19 18 13
2010 1 19 19 10
2010 1 19 20 14
2010 1 19 21 14
2010 1 19 22 15
2010 1 19 23 12
2010 1 20 0 10
2010 1 20 1 12
2010 1 20 2 12
2010 1 20 3 15
2010 1 20 4 15
2010 1 20 5 17
2010 1 20 6 17
2010 1 20 7 17
2010 1 20 8 17
2010 1 20 9 19
2010 1 20 10 16
2010 1 20 11 16
2010 1 20 12 16
2010 1 20 13 16
2010 1 20 14 16
2010 1 20 15 16
2010 1 20 16 15
2010 1 20 17 15
2010 1 20 18 15
2010 1 20 19 16
2010 1 20 20 15
2010 1 20 21 16
2010 1 20 22 15
2010 1 20 23 15
2010 1 21 0 16
2010 1 21 1 16
2010 1 21 2 13
2010 1 21 3 18
2010 1 21 4 16
2010 1 21 5 16
2010 1 21 6 16
2010 1 21 7 16
2010 1 21 8 16
2010 1 21 9 16
2010 1 21 10 16
2010 1 21 11 17
2010 1 21 12 17
2010 1 21 13 17
2010 1 21 14 17
2010 1 21 15 17
2010 1 21 16 17
2010 1 21 17 17
2010 1 21 18 17
2010 1 21 19 15
2010 1 21 20 15
2010 1 21 21 15
2010 1 21 22 16
2010 1 21 23 18
2010 1 22 0 18
2010 1 22 1 23
2010 1 22 2 18
2010 1 22 3 23
2010 1 22 4 23
2010 1 22 5 23
2010 1 22 6 23
2010 1 22 7 23
2010 1 22 8 23
2010 1 22 9 23
2010 1 22 10 23
2010 1 22 11 22
2010 1 22 12 22
2010 1 22 13 23
2010 1 22 14 15
2010 1 22 15 23
2010 1 22 16 22
2010 1 22 17 22
2010 1 22 18 19
2010 1 22 19 23
2010 1 22 20 23
2010 1 22 21 23
2010 1 22 22 23
2010 1 22 23 23
2010 1 23 0 22
2010 1 23 1 22
2010 1 23 2 23
2010 1 23 3 23
2010 1 23 4 23
2010 1 23 5 23
2010 1 23 6 23
2010 1 23 7 22
2010 1 23 8 22
2010 1 23 9 23
2010 1 23 10 22
2010 1 23 11 21
2010 1 23 12 22
2010 1 23 13 22
2010 1 23 14 23
2010 1 23 15 23
2010 1 23 16 23
2010 1 23 17 23
2010 1 23 18 23
2010 1 23 19 23
2010 1 23 20 23
2010 1 23 21 23
2010 1 23 22 23
2010 1 23 23 22
2010 1 24 0 23
2010 1 24 1 23
2010 1 24 2 23
2010 1 24 3 23
2010 1 24 4 23
2010 1 24 5 23
2010 1 24 6 23
2010 1 24 7 23
2010 1 24 8 23
2010 1 24 9 23
2010 1 24 10 23
2010 1 24 11 23
2010 1 24 12 23
2010 1 24 13 22
2010 1 24 14 17
2010 1 24 15 18
2010 1 24 16 18
2010 1 24 17 18
2010 1 24 18 17
2010 1 24 19 16
2010 1 24 20 15
2010 1 24 21 17
2010 1 24 22 16
2010 1 24 23 10
2010 1 25 0 10
2010 1 25 1 9
2010 1 25 2 10
2010 1 25 3 10
2010 1 25 4 10
2010 1 25 5 10
2010 1 25 6 10
2010 1 25 7 10
2010 1 25 8 13
2010 1 25 9 13
2010 1 25 10 13
2010 1 25 11 13
2010 1 25 12 15
2010 1 25 13 16
2010 1 25 14 20
2010 1 25 15 20
2010 1 25 16 20
2010 1 25 17 20
2010 1 25 18 20
2010 1 25 19 14
2010 1 25 20 14
2010 1 25 21 14
2010 1 25 22 13
2010 1 25 23 14
2010 1 26 0 14
2010 1 26 1 15
2010 1 26 2 20
2010 1 26 3 20
2010 1 26 4 20
2010 1 26 5 20
2010 1 26 6 20
2010 1 26 7 19
2010 1 26 8 10
2010 1 26 9 10
2010 1 26 10 16
2010 1 26 11 18
2010 1 26 12 19
2010 1 26 13 19
2010 1 26 14 19
2010 1 26 15 19
2010 1 26 16 19
2010 1 26 17 19
2010 1 26 18 20
2010 1 26 19 12
2010 1 26 20 20
2010 1 26 21 23
2010 1 26 22 23
2010 1 26 23 23
2010 1 27 0 23
2010 1 27 1 23
2010 1 27 2 23
2010 1 27 3 23
2010 1 27 4 23
2010 1 27 5 23
2010 1 27 6 23
2010 1 27 7 23
2010 1 27 8 23
2010 1 27 9 23
2010 1 27 10 23
2010 1 27 11 23
2010 1 27 12 23
2010 1 27 13 23
2010 1 27 14 23
2010 1 27 15 23
2010 1 27 16 23
2010 1 27 17 23
2010 1 27 18 23
2010 1 27 19 15
2010 1 27 20 15
2010 1 27 21 23
2010 1 27 22 23
2010 1 27 23 23
2010 1 28 0 23
2010 1 28 1 23
2010 1 28 2 23
2010 1 28 3 23
2010 1 28 4 23
2010 1 28 5 23
2010 1 28 6 23
2010 1 28 7 23
2010 1 28 8 16
2010 1 28 9 16
2010 1 28 10 16
2010 1 28 11 16
2010 1 28 12 16
2010 1 28 13 16
2010 1 28 14 16
2010 1 28 15 16
2010 1 28 16 16
2010 1 28 17 9
2010 1 28 18 16
2010 1 28 19 16
2010 1 28 20 16
2010 1 28 21 16
2010 1 28 22 16
2010 1 28 23 16
2010 1 29 0 16
2010 1 29 1 16
2010 1 29 2 16
2010 1 29 3 16
2010 1 29 4 16
2010 1 29 5 16
2010 1 29 6 16
2010 1 29 7 16
2010 1 29 8 16
2010 1 29 9 16
2010 1 29 10 16
2010 1 29 11 16
2010 1 29 12 16
2010 1 29 13 16
2010 1 29 14 16
2010 1 29 15 16
2010 1 29 16 16
2010 1 29 17 16
2010 1 29 18 16
2010 1 29 19 16
2010 1 29 20 16
2010 1 29 21 16
2010 1 29 22 16
2010 1 29 23 16
2010 1 30 0 16
2010 1 30 1 16
2010 1 30 2 16
2010 1 30 3 16
2010 1 30 4 16
2010 1 30 5 16
2010 1 30 6 16
2010 1 30 7 16
2010 1 30 8 16
2010 1 30 9 16
2010 1 30 10 16
2010 1 30 11 16
2010 1 30 12 16
2010 1 30 13 16
2010 1 30 14 16
2010 1 30 15 16
2010 1 30 16 16
2010 1 30 17 16
2010 1 30 18 16
2010 1 30 19 16
2010 1 30 20 16
2010 1 30 21 16
2010 1 30 22 16
2010 1 30 23 16
2010 1 31 0 16
2010 1 31 1 16
2010 1 31 2 16
2010 1 31 3 16
2010 1 31 4 16
2010 1 31 5 16
2010 1 31 6 16
2010 1 31 7 16
2010 1 31 8 16
2010 1 31 9 16
2010 1 31 10 16
2010 1 31 11 16
2010 1 31 12 16
2010 1 31 13 16
2010 1 31 14 16
2010 1 31 15 16
2010 1 31 16 16
2010 1 31 17 16
2010 1 31 18 16
2010 1 31 19 16
2010 1 31 20 16
2010 1 31 21 16
2010 1 31 22 16
2010 1 31 23 16
2008 1 1 0 20
2008 1 1 1 20
2008 1 1 2 20
2008 1 1 3 20
2008 1 1 4 20
2008 1 1 5 20
2008 1 1 6 20
2008 1 1 7 20
2008 1 1 8 20
2008 1 1 9 20
2008 1 1 10 20
2008 1 1 11 20
2008 1 1 12 20
2008 1 1 13 20
2008 1 1 14 19
2008 1 1 15 20
2008 1 1 16 20
2008 1 1 17 20
2008 1 1 18 20
2008 1 1 19 20
2008 1 1 20 20
2008 1 1 21 20
2008 1 1 22 20
2008 1 1 23 19
2008 1 2 0 20
2008 1 2 1 20
2008 1 2 2 20
2008 1 2 3 20
2008 1 2 4 20
2008 1 2 5 20
2008 1 2 6 20
2008 1 2 7 20
2008 1 2 8 20
2008 1 2 9 20
2008 1 2 10 20
2008 1 2 11 12
2008 1 2 12 20
2008 1 2 13 19
2008 1 2 14 19
2008 1 2 15 20
2008 1 2 16 20
2008 1 2 17 20
2008 1 2 18 20
2008 1 2 19 20
2008 1 2 20 20
2008 1 2 21 20
2008 1 2 22 20
2008 1 2 23 20
2008 1 3 0 20
2008 1 3 1 20
2008 1 3 2 20
2008 1 3 3 20
2008 1 3 4 20
2008 1 3 5 20
2008 1 3 6 19
2008 1 3 7 19
2008 1 3 8 19
2008 1 3 9 19
2008 1 3 10 19
2008 1 3 11 19
2008 1 3 12 19
2008 1 3 13 19
2008 1 3 14 19
2008 1 3 15 12
2008 1 3 16 13
2008 1 3 17 11
2008 1 3 18 9
2008 1 3 19 12
2008 1 3 20 13
2008 1 3 21 18
2008 1 3 22 18
2008 1 3 23 17
2008 1 4 0 14
2008 1 4 1 13
2008 1 4 2 13
2008 1 4 3 12
2008 1 4 4 13
2008 1 4 5 13
2008 1 4 6 13
2008 1 4 7 13
2008 1 4 8 13
2008 1 4 9 13
2008 1 4 10 13
2008 1 4 11 13
2008 1 4 12 13
2008 1 4 13 13
2008 1 4 14 12
2008 1 4 15 12
2008 1 4 16 12
2008 1 4 17 12
2008 1 4 18 12
2008 1 4 19 12
2008 1 4 20 14
2008 1 4 21 12
2008 1 4 22 12
2008 1 4 23 12
2008 1 5 0 13
2008 1 5 1 17
2008 1 5 2 13
2008 1 5 3 12
2008 1 5 4 14
2008 1 5 5 14
2008 1 5 6 14
2008 1 5 7 20
2008 1 5 8 20
2008 1 5 9 20
2008 1 5 10 20
2008 1 5 11 20
2008 1 5 12 20
2008 1 5 13 20
2008 1 5 14 20
2008 1 5 15 20
2008 1 5 16 19
2008 1 5 17 20
2008 1 5 18 19
2008 1 5 19 20
2008 1 5 20 12
2008 1 5 21 20
2008 1 5 22 14
2008 1 5 23 14
2008 1 6 0 19
2008 1 6 1 19
2008 1 6 2 19
2008 1 6 3 20
2008 1 6 4 19
2008 1 6 5 20
2008 1 6 6 20
2008 1 6 7 19
2008 1 6 8 19
2008 1 6 9 20
2008 1 6 10 20
2008 1 6 11 20
2008 1 6 12 19
2008 1 6 13 20
2008 1 6 14 19
2008 1 6 15 20
2008 1 6 16 20
2008 1 6 17 18
2008 1 6 18 12
2008 1 6 19 20
2008 1 6 20 20
2008 1 6 21 19
2008 1 6 22 19
2008 1 6 23 19
2008 1 7 0 19
2008 1 7 1 20
2008 1 7 2 20
2008 1 7 3 19
2008 1 7 4 19
2008 1 7 5 19
2008 1 7 6 19
2008 1 7 7 19
2008 1 7 8 19
2008 1 7 9 20
2008 1 7 10 15
2008 1 7 11 19
2008 1 7 12 19
2008 1 7 13 19
2008 1 7 14 19
2008 1 7 15 19
2008 1 7 16 18
2008 1 7 17 12
2008 1 7 18 17
2008 1 7 19 19
2008 1 7 20 19
2008 1 7 21 20
2008 1 7 22 20
2008 1 7 23 20
2008 1 8 0 20
2008 1 8 1 20
2008 1 8 2 20
2008 1 8 3 20
2008 1 8 4 20
2008 1 8 5 19
2008 1 8 6 18
2008 1 8 7 13
2008 1 8 8 16
2008 1 8 9 19
2008 1 8 10 12
2008 1 8 11 9
2008 1 8 12 12
2008 1 8 13 12
2008 1 8 14 10
2008 1 8 15 9
2008 1 8 16 6
2008 1 8 17 12
2008 1 8 18 12
2008 1 8 19 11
2008 1 8 20 11
2008 1 8 21 12
2008 1 8 22 12
2008 1 8 23 12
2008 1 9 0 12
2008 1 9 1 13
2008 1 9 2 15
2008 1 9 3 19
2008 1 9 4 19
2008 1 9 5 19
2008 1 9 6 19
2008 1 9 7 19
2008 1 9 8 13
2008 1 9 9 13
2008 1 9 10 19
2008 1 9 11 19
2008 1 9 12 13
2008 1 9 13 13
2008 1 9 14 13
2008 1 9 15 13
2008 1 9 16 13
2008 1 9 17 13
2008 1 9 18 19
2008 1 9 19 17
2008 1 9 20 12
2008 1 9 21 15
2008 1 9 22 14
2008 1 9 23 19
2008 1 10 0 13
2008 1 10 1 13
2008 1 10 2 15
2008 1 10 3 12
2008 1 10 4 12
2008 1 10 5 13
2008 1 10 6 12
2008 1 10 7 13
2008 1 10 8 13
2008 1 10 9 13
2008 1 10 10 12
2008 1 10 11 13
2008 1 10 12 13
2008 1 10 13 13
2008 1 10 14 14
2008 1 10 15 13
2008 1 10 16 16
2008 1 10 17 20
2008 1 10 18 16
2008 1 10 19 20
2008 1 10 20 20
2008 1 10 21 18
2008 1 10 22 20
2008 1 10 23 20
2008 1 11 0 20
2008 1 11 1 14
2008 1 11 2 12
2008 1 11 3 14
2008 1 11 4 14
2008 1 11 5 14
2008 1 11 6 14
2008 1 11 7 14
2008 1 11 8 14
2008 1 11 9 14
2008 1 11 10 14
2008 1 11 11 14
2008 1 11 12 14
2008 1 11 13 14
2008 1 11 14 14
2008 1 11 15 14
2008 1 11 16 14
2008 1 11 17 14
2008 1 11 18 14
2008 1 11 19 14
2008 1 11 20 14
2008 1 11 21 13
2008 1 11 22 14
2008 1 11 23 14
2008 1 12 0 14
2008 1 12 1 14
2008 1 12 2 14
2008 1 12 3 14
2008 1 12 4 14
2008 1 12 5 14
2008 1 12 6 14
2008 1 12 7 14
2008 1 12 8 14
2008 1 12 9 14
2008 1 12 10 13
2008 1 12 11 14
2008 1 12 12 13
2008 1 12 13 13
2008 1 12 14 14
2008 1 12 15 14
2008 1 12 16 14
2008 1 12 17 14
2008 1 12 18 14
2008 1 12 19 14
2008 1 12 20 14
2008 1 12 21 14
2008 1 12 22 14
2008 1 12 23 14
2008 1 13 0 14
2008 1 13 1 14
2008 1 13 2 14
2008 1 13 3 14
2008 1 13 4 14
2008 1 13 5 14
2008 1 13 6 14
2008 1 13 7 14
2008 1 13 8 14
2008 1 13 9 14
2008 1 13 10 14
2008 1 13 11 14
2008 1 13 12 14
2008 1 13 13 14
2008 1 13 14 14
2008 1 13 15 14
2008 1 13 16 14
2008 1 13 17 13
2008 1 13 18 14
2008 1 13 19 14
2008 1 13 20 14
2008 1 13 21 14
2008 1 13 22 14
2008 1 13 23 14
2008 1 14 0 14
2008 1 14 1 14
2008 1 14 2 13
2008 1 14 3 14
2008 1 14 4 14
2008 1 14 5 14
2008 1 14 6 14
2008 1 14 7 14
2008 1 14 8 14
2008 1 14 9 14
2008 1 14 10 14
2008 1 14 11 14
2008 1 14 12 14
2008 1 14 13 14
2008 1 14 14 14
2008 1 14 15 14
2008 1 14 16 14
2008 1 14 17 14
2008 1 14 18 14
2008 1 14 19 14
2008 1 14 20 13
2008 1 14 21 13
2008 1 14 22 14
2008 1 14 23 14
2008 1 15 0 14
2008 1 15 1 14
2008 1 15 2 14
2008 1 15 3 14
2008 1 15 4 14
2008 1 15 5 14
2008 1 15 6 14
2008 1 15 7 14
2008 1 15 8 14
2008 1 15 9 14
2008 1 15 10 14
2008 1 15 11 14
2008 1 15 12 14
2008 1 15 13 14
2008 1 15 14 14
2008 1 15 15 13
2008 1 15 16 14
2008 1 15 17 14
2008 1 15 18 14
2008 1 15 19 9
2008 1 15 20 10
2008 1 15 21 10
2008 1 15 22 14
2008 1 15 23 14
2008 1 16 0 14
2008 1 16 1 14
2008 1 16 2 14
2008 1 16 3 13
2008 1 16 4 13
2008 1 16 5 13
2008 1 16 6 14
2008 1 16 7 14
2008 1 16 8 14
2008 1 16 9 14
2008 1 16 10 14
2008 1 16 11 14
2008 1 16 12 14
2008 1 16 13 14
2008 1 16 14 14
2008 1 16 15 14
2008 1 16 16 14
2008 1 16 17 13
2008 1 16 18 14
2008 1 16 19 14
2008 1 16 20 14
2008 1 16 21 14
2008 1 16 22 14
2008 1 16 23 14
2008 1 17 0 14
2008 1 17 1 14
2008 1 17 2 14
2008 1 17 3 14
2008 1 17 4 14
2008 1 17 5 14
2008 1 17 6 14
2008 1 17 7 14
2008 1 17 8 14
2008 1 17 9 14
2008 1 17 10 14
2008 1 17 11 14
2008 1 17 12 14
2008 1 17 13 14
2008 1 17 14 14
2008 1 17 15 14
2008 1 17 16 14
2008 1 17 17 14
2008 1 17 18 14
2008 1 17 19 14
2008 1 17 20 14
2008 1 17 21 14
2008 1 17 22 12
2008 1 17 23 20
2008 1 18 0 20
2008 1 18 1 15
2008 1 18 2 15
2008 1 18 3 16
2008 1 18 4 20
2008 1 18 5 20
2008 1 18 6 20
2008 1 18 7 20
2008 1 18 8 20
2008 1 18 9 20
2008 1 18 10 20
2008 1 18 11 20
2008 1 18 12 20
2008 1 18 13 20
2008 1 18 14 20
2008 1 18 15 20
2008 1 18 16 12
2008 1 18 17 19
2008 1 18 18 12
2008 1 18 19 20
2008 1 18 20 20
2008 1 18 21 20
2008 1 18 22 20
2008 1 18 23 20
2008 1 19 0 20
2008 1 19 1 20
2008 1 19 2 19
2008 1 19 3 20
2008 1 19 4 20
2008 1 19 5 20
2008 1 19 6 20
2008 1 19 7 20
2008 1 19 8 20
2008 1 19 9 20
2008 1 19 10 20
2008 1 19 11 20
2008 1 19 12 20
2008 1 19 13 20
2008 1 19 14 20
2008 1 19 15 20
2008 1 19 16 20
2008 1 19 17 20
2008 1 19 18 20
2008 1 19 19 20
2008 1 19 20 20
2008 1 19 21 20
2008 1 19 22 20
2008 1 19 23 20
2008 1 20 0 20
2008 1 20 1 20
2008 1 20 2 17
2008 1 20 3 13
2008 1 20 4 13
2008 1 20 5 14
2008 1 20 6 20
2008 1 20 7 20
2008 1 20 8 20
2008 1 20 9 20
2008 1 20 10 20
2008 1 20 11 20
2008 1 20 12 20
2008 1 20 13 20
2008 1 20 14 20
2008 1 20 15 20
2008 1 20 16 20
2008 1 20 17 20
2008 1 20 18 19
2008 1 20 19 20
2008 1 20 20 20
2008 1 20 21 20
2008 1 20 22 20
2008 1 20 23 20
2008 1 21 0 20
2008 1 21 1 20
2008 1 21 2 20
2008 1 21 3 20
2008 1 21 4 20
2008 1 21 5 20
2008 1 21 6 20
2008 1 21 7 20
2008 1 21 8 19
2008 1 21 9 20
2008 1 21 10 20
2008 1 21 11 20
2008 1 21 12 20
2008 1 21 13 20
2008 1 21 14 20
2008 1 21 15 19
2008 1 21 16 19
2008 1 21 17 20
2008 1 21 18 20
2008 1 21 19 20
2008 1 21 20 14
2008 1 21 21 20
2008 1 21 22 20
2008 1 21 23 20
2008 1 22 0 20
2008 1 22 1 20
2008 1 22 2 20
2008 1 22 3 20
2008 1 22 4 20
2008 1 22 5 20
2008 1 22 6 20
2008 1 22 7 20
2008 1 22 8 20
2008 1 22 9 20
2008 1 22 10 20
2008 1 22 11 20
2008 1 22 12 19
2008 1 22 13 20
2008 1 22 14 20
2008 1 22 15 20
2008 1 22 16 20
2008 1 22 17 20
2008 1 22 18 20
2008 1 22 19 20
2008 1 22 20 20
2008 1 22 21 19
2008 1 22 22 20
2008 1 22 23 20
2008 1 23 0 20
2008 1 23 1 20
2008 1 23 2 20
2008 1 23 3 20
2008 1 23 4 20
2008 1 23 5 20
2008 1 23 6 20
2008 1 23 7 20
2008 1 23 8 20
2008 1 23 9 20
2008 1 23 10 20
2008 1 23 11 20
2008 1 23 12 20
2008 1 23 13 20
2008 1 23 14 20
2008 1 23 15 20
2008 1 23 16 19
2008 1 23 17 20
2008 1 23 18 19
2008 1 23 19 19
2008 1 23 20 19
2008 1 23 21 20
2008 1 23 22 20
2008 1 23 23 20
2008 1 24 0 20
2008 1 24 1 20
2008 1 24 2 19
2008 1 24 3 20
2008 1 24 4 20
2008 1 24 5 20
2008 1 24 6 20
2008 1 24 7 20
2008 1 24 8 20
2008 1 24 9 20
2008 1 24 10 20
2008 1 24 11 20
2008 1 24 12 19
2008 1 24 13 19
2008 1 24 14 20
2008 1 24 15 20
2008 1 24 16 19
2008 1 24 17 19
2008 1 24 18 17
2008 1 24 19 20
2008 1 24 20 20
2008 1 24 21 19
2008 1 24 22 20
2008 1 24 23 20
2008 1 25 0 20
2008 1 25 1 12
2008 1 25 2 20
2008 1 25 3 20
2008 1 25 4 20
2008 1 25 5 20
2008 1 25 6 20
2008 1 25 7 19
2008 1 25 8 19
2008 1 25 9 20
2008 1 25 10 20
2008 1 25 11 13
2008 1 25 12 20
2008 1 25 13 20
2008 1 25 14 20
2008 1 25 15 20
2008 1 25 16 14
2008 1 25 17 14
2008 1 25 18 12
2008 1 25 19 12
2008 1 25 20 12
2008 1 25 21 12
2008 1 25 22 12
2008 1 25 23 12
2008 1 26 0 13
2008 1 26 1 12
2008 1 26 2 12
2008 1 26 3 6
2008 1 26 4 6
2008 1 26 5 6
2008 1 26 6 6
2008 1 26 7 6
2008 1 26 8 6
2008 1 26 9 6
2008 1 26 10 6
2008 1 26 11 6
2008 1 26 12 6
2008 1 26 13 6
2008 1 26 14 6
2008 1 26 15 6
2008 1 26 16 6
2008 1 26 17 6
2008 1 26 18 8
2008 1 26 19 8
2008 1 26 20 9
2008 1 26 21 12
2008 1 26 22 18
2008 1 26 23 13
2008 1 27 0 13
2008 1 27 1 20
2008 1 27 2 20
2008 1 27 3 20
2008 1 27 4 20
2008 1 27 5 20
2008 1 27 6 20
2008 1 27 7 20
2008 1 27 8 20
2008 1 27 9 20
2008 1 27 10 19
2008 1 27 11 17
2008 1 27 12 12
2008 1 27 13 14
2008 1 27 14 13
2008 1 27 15 12
2008 1 27 16 12
2008 1 27 17 12
2008 1 27 18 12
2008 1 27 19 12
2008 1 27 20 12
2008 1 27 21 12
2008 1 27 22 12
2008 1 27 23 12
2008 1 28 0 12
2008 1 28 1 15
2008 1 28 2 19
2008 1 28 3 20
2008 1 28 4 18
2008 1 28 5 18
2008 1 28 6 19
2008 1 28 7 20
2008 1 28 8 20
2008 1 28 9 20
2008 1 28 10 20
2008 1 28 11 20
2008 1 28 12 16
2008 1 28 13 20
2008 1 28 14 20
2008 1 28 15 20
2008 1 28 16 16
2008 1 28 17 12
2008 1 28 18 12
2008 1 28 19 12
2008 1 28 20 12
2008 1 28 21 14
2008 1 28 22 12
2008 1 28 23 12
2008 1 29 0 12
2008 1 29 1 13
2008 1 29 2 13
2008 1 29 3 19
2008 1 29 4 19
2008 1 29 5 13
2008 1 29 6 13
2008 1 29 7 20
2008 1 29 8 20
2008 1 29 9 20
2008 1 29 10 20
2008 1 29 11 20
2008 1 29 12 20
2008 1 29 13 20
2008 1 29 14 19
2008 1 29 15 20
2008 1 29 16 18
2008 1 29 17 12
2008 1 29 18 16
2008 1 29 19 17
2008 1 29 20 19
2008 1 29 21 19
2008 1 29 22 20
2008 1 29 23 20
2008 1 30 0 20
2008 1 30 1 20
2008 1 30 2 20
2008 1 30 3 20
2008 1 30 4 20
2008 1 30 5 20
2008 1 30 6 20
2008 1 30 7 20
2008 1 30 8 20
2008 1 30 9 19
2008 1 30 10 20
2008 1 30 11 20
2008 1 30 12 20
2008 1 30 13 20
2008 1 30 14 17
2008 1 30 15 19
2008 1 30 16 20
2008 1 30 17 18
2008 1 30 18 19
2008 1 30 19 12
2008 1 30 20 15
2008 1 30 21 14
2008 1 30 22 12
2008 1 30 23 12
2008 1 31 0 18
2008 1 31 1 20
2008 1 31 2 18
2008 1 31 3 18
2008 1 31 4 6
2008 1 31 5 6
2008 1 31 6 12
2008 1 31 7 8
2008 1 31 8 6
2008 1 31 9 6
2008 1 31 10 6
2008 1 31 11 6
2008 1 31 12 12
2008 1 31 13 12
2008 1 31 14 7
2008 1 31 15 12
2008 1 31 16 16
2008 1 31 17 15
2008 1 31 18 18
2008 1 31 19 18
2008 1 31 20 17
2008 1 31 21 18
2008 1 31 22 19
2008 1 31 23 19
