2010 1 1 0 17
2010 1 1 1 17
2010 1 1 2 17
2010 1 1 3 17
2010 1 1 4 17
2010 1 1 5 17
2010 1 1 6 17
2010 1 1 7 17
2010 1 1 8 17
2010 1 1 9 17
2010 1 1 10 17
2010 1 1 11 17
2010 1 1 0 17
2010 1 1 1 17
2010 1 1 2 17
2010 1 1 3 17
2010 1 1 4 17
2010 1 1 5 17
2010 1 1 6 17
2010 1 1 7 17
2010 1 1 8 17
2010 1 1 9 17
2010 1 1 10 17
2010 1 1 11 17
2010 1 1 12 16
2010 1 1 13 17
2010 1 1 14 17
2010 1 1 15 16
2010 1 1 16 17
2010 1 1 17 17
2010 1 1 18 17
2010 1 1 19 17
2010 1 1 20 17
2010 1 1 21 17
2010 1 1 22 17
2010 1 1 23 17
2010 1 2 0 17
2010 1 2 1 17
2010 1 2 2 17
2010 1 2 3 17
2010 1 2 4 17
2010 1 2 5 17
2010 1 2 6 17
2010 1 2 7 17
2010 1 2 8 17
2010 1 2 9 17
2010 1 2 10 17
2010 1 2 11 16
2010 1 2 12 17
2010 1 2 13 17
2010 1 2 14 17
2010 1 2 15 17
2010 1 2 16 17
2010 1 2 17 17
2010 1 2 18 14
2010 1 2 19 14
2010 1 2 20 14
2010 1 2 21 14
2010 1 2 22 14
2010 1 2 23 14
2010 1 3 0 14
2010 1 3 1 14
2010 1 3 2 14
2010 1 3 3 14
2010 1 3 4 14
2010 1 3 5 14
2010 1 3 6 14
2010 1 3 7 14
2010 1 3 8 14
2010 1 3 9 14
2010 1 3 10 14
2010 1 3 11 14
2010 1 3 12 14
2010 1 3 13 14
2010 1 3 14 14
2010 1 3 15 14
2010 1 3 16 14
2010 1 3 17 14
2010 1 3 18 14
2010 1 3 19 14
2010 1 3 20 14
2010 1 3 21 14
2010 1 3 22 14
2010 1 3 23 14
2010 1 4 0 14
2010 1 4 1 14
2010 1 4 2 14
2010 1 4 3 14
2010 1 4 4 14
2010 1 4 5 14
2010 1 4 6 14
2010 1 4 7 14
2010 1 4 8 14
2010 1 4 9 14
2010 1 4 10 14
2010 1 4 11 14
2010 1 4 12 17
2010 1 4 13 17
2010 1 4 14 17
2010 1 4 15 17
2010 1 4 16 17
2010 1 4 17 17
2010 1 4 18 17
2010 1 4 19 17
2010 1 4 20 17
2010 1 4 21 17
2010 1 4 22 17
2010 1 4 23 17
2010 1 5 0 17
2010 1 5 1 15
2010 1 5 2 17
2010 1 5 3 17
2010 1 5 4 17
2010 1 5 5 17
2010 1 5 6 17
2010 1 5 7 17
2010 1 5 8 17
2010 1 5 9 17
2010 1 5 10 17
2010 1 5 11 17
2010 1 5 12 17
2010 1 5 13 17
2010 1 5 14 17
2010 1 5 15 17
2010 1 5 16 17
2010 1 5 17 17
2010 1 5 18 17
2010 1 5 19 17
2010 1 5 20 17
2010 1 5 21 17
2010 1 5 22 17
2010 1 5 23 17
2010 1 6 0 17
2010 1 6 1 17
2010 1 6 2 17
2010 1 6 3 17
2010 1 6 4 17
2010 1 6 5 17
2010 1 6 6 17
2010 1 6 7 17
2010 1 6 8 17
2010 1 6 9 17
2010 1 6 10 17
2010 1 6 11 17
2010 1 6 12 17
2010 1 6 13 17
2010 1 6 14 17
2010 1 6 15 17
2010 1 6 16 17
2010 1 6 17 17
2010 1 6 18 16
2010 1 6 19 17
2010 1 6 20 17
2010 1 6 21 14
2010 1 6 22 14
2010 1 6 23 14
2010 1 7 0 14
2010 1 7 1 17
2010 1 7 2 17
2010 1 7 3 17
2010 1 7 4 17
2010 1 7 5 17
2010 1 7 6 17
2010 1 7 7 17
2010 1 7 8 17
2010 1 7 9 17
2010 1 7 10 17
2010 1 7 11 17
2010 1 7 12 17
2010 1 7 13 17
2010 1 7 14 17
2010 1 7 15 17
2010 1 7 16 17
2010 1 7 17 17
2010 1 7 18 17
2010 1 7 19 17
2010 1 7 20 17
2010 1 7 21 17
2010 1 7 22 17
2010 1 7 23 17
2010 1 8 0 17
2010 1 8 1 17
2010 1 8 2 17
2010 1 8 3 17
2010 1 8 4 17
2010 1 8 5 17
2010 1 8 6 17
2010 1 8 7 17
2010 1 8 8 17
2010 1 8 9 17
2010 1 8 10 17
2010 1 8 11 17
2010 1 8 12 17
2010 1 8 13 17
2010 1 8 14 17
2010 1 8 15 17
2010 1 8 16 17
2010 1 8 17 17
2010 1 8 18 17
2010 1 8 19 17
2010 1 8 20 17
2010 1 8 21 17
2010 1 8 22 17
2010 1 8 23 17
2010 1 9 0 17
2010 1 9 1 17
2010 1 9 2 17
2010 1 9 3 17
2010 1 9 4 17
2010 1 9 5 17
2010 1 9 6 17
2010 1 9 7 17
2010 1 9 8 17
2010 1 9 9 17
2010 1 9 10 16
2010 1 9 11 16
2010 1 9 12 17
2010 1 9 13 17
2010 1 9 14 17
2010 1 9 15 17
2010 1 9 16 17
2010 1 9 17 17
2010 1 9 18 17
2010 1 9 19 17
2010 1 9 20 17
2010 1 9 21 17
2010 1 9 22 17
2010 1 9 23 17
2010 1 10 0 17
2010 1 10 1 17
2010 1 10 2 17
2010 1 10 3 17
2010 1 10 4 17
2010 1 10 5 17
2010 1 10 6 17
2010 1 10 7 17
2010 1 10 8 17
2010 1 10 9 17
2010 1 10 10 17
2010 1 10 11 17
2010 1 10 12 17
2010 1 10 13 17
2010 1 10 14 17
2010 1 10 15 17
2010 1 10 16 17
2010 1 10 17 17
2010 1 10 18 17
2010 1 10 19 17
2010 1 10 20 17
2010 1 10 21 17
2010 1 10 22 17
2010 1 10 23 17
2010 1 11 0 17
2010 1 11 1 17
2010 1 11 2 17
2010 1 11 3 17
2010 1 11 4 17
2010 1 11 5 17
2010 1 11 6 17
2010 1 11 7 17
2010 1 11 8 17
2010 1 11 9 17
2010 1 11 10 17
2010 1 11 11 17
2010 1 11 12 17
2010 1 11 13 17
2010 1 11 14 17
2010 1 11 15 17
2010 1 11 16 17
2010 1 11 17 17
2010 1 11 18 17
2010 1 11 19 17
2010 1 11 20 17
2010 1 11 21 17
2010 1 11 22 17
2010 1 11 23 17
2010 1 12 0 17
2010 1 12 1 17
2010 1 12 2 17
2010 1 12 3 17
2010 1 12 4 17
2010 1 12 5 17
2010 1 12 6 17
2010 1 12 7 16
2010 1 12 8 17
2010 1 12 9 17
2010 1 12 10 16
2010 1 12 11 17
2010 1 12 12 17
2010 1 12 13 17
2010 1 12 14 17
2010 1 12 15 17
2010 1 12 16 17
2010 1 12 17 17
2010 1 12 18 17
2010 1 12 19 17
2010 1 12 20 17
2010 1 12 21 17
2010 1 12 22 17
2010 1 12 23 16
2010 1 13 0 17
2010 1 13 1 16
2010 1 13 2 16
2010 1 13 3 15
2010 1 13 4 16
2010 1 13 5 15
2010 1 13 6 16
2010 1 13 7 17
2010 1 13 8 17
2010 1 13 9 17
2010 1 13 10 16
2010 1 13 11 16
2010 1 13 0 17
2010 1 13 1 16
2010 1 13 2 16
2010 1 13 3 15
2010 1 13 4 16
2010 1 13 5 15
2010 1 13 6 16
2010 1 13 7 17
2010 1 13 8 17
2010 1 13 9 17
2010 1 13 10 16
2010 1 13 11 16
2010 1 13 12 17
2010 1 13 13 17
2010 1 13 14 17
2010 1 13 15 17
2010 1 13 16 17
2010 1 13 17 17
2010 1 13 18 17
2010 1 13 19 17
2010 1 13 20 17
2010 1 13 21 17
2010 1 13 22 17
2010 1 13 23 17
2010 1 14 0 17
2010 1 14 1 17
2010 1 14 2 17
2010 1 14 3 17
2010 1 14 4 17
2010 1 14 5 17
2010 1 14 6 17
2010 1 14 7 17
2010 1 14 8 17
2010 1 14 9 17
2010 1 14 10 17
2010 1 14 11 17
2010 1 14 12 17
2010 1 14 13 17
2010 1 14 14 17
2010 1 14 15 17
2010 1 14 16 17
2010 1 14 17 17
2010 1 14 18 15
2010 1 14 19 17
2010 1 14 20 17
2010 1 14 21 17
2010 1 14 22 17
2010 1 14 23 17
2010 1 15 0 17
2010 1 15 1 17
2010 1 15 2 17
2010 1 15 3 17
2010 1 15 4 17
2010 1 15 5 17
2010 1 15 6 17
2010 1 15 7 17
2010 1 15 8 17
2010 1 15 9 17
2010 1 15 10 17
2010 1 15 11 17
2010 1 15 0 17
2010 1 15 1 17
2010 1 15 2 17
2010 1 15 3 17
2010 1 15 4 17
2010 1 15 5 17
2010 1 15 6 17
2010 1 15 7 17
2010 1 15 8 17
2010 1 15 9 17
2010 1 15 10 17
2010 1 15 11 17
2010 1 15 12 17
2010 1 15 13 17
2010 1 15 14 17
2010 1 15 15 17
2010 1 15 16 17
2010 1 15 17 17
2010 1 15 18 17
2010 1 15 19 17
2010 1 15 20 17
2010 1 15 21 17
2010 1 15 22 17
2010 1 15 23 17
2010 1 16 0 17
2010 1 16 1 17
2010 1 16 2 17
2010 1 16 3 17
2010 1 16 4 17
2010 1 16 5 17
2010 1 16 6 17
2010 1 16 7 17
2010 1 16 8 17
2010 1 16 9 17
2010 1 16 10 16
2010 1 16 11 17
2010 1 16 12 17
2010 1 16 13 17
2010 1 16 14 17
2010 1 16 15 17
2010 1 16 16 17
2010 1 16 17 17
2010 1 16 18 17
2010 1 16 19 17
2010 1 16 20 17
2010 1 16 21 17
2010 1 16 22 17
2010 1 16 23 17
2010 1 17 0 17
2010 1 17 1 17
2010 1 17 2 17
2010 1 17 3 17
2010 1 17 4 17
2010 1 17 5 17
2010 1 17 6 17
2010 1 17 7 17
2010 1 17 8 17
2010 1 17 9 17
2010 1 17 10 17
2010 1 17 11 17
2010 1 17 12 17
2010 1 17 13 17
2010 1 17 14 17
2010 1 17 15 17
2010 1 17 16 17
2010 1 17 17 17
2010 1 17 18 16
2010 1 17 19 17
2010 1 17 20 16
2010 1 17 21 16
2010 1 17 22 16
2010 1 17 23 15
2010 1 18 0 15
2010 1 18 1 16
2010 1 18 2 16
2010 1 18 3 16
2010 1 18 4 17
2010 1 18 5 17
2010 1 18 6 17
2010 1 18 7 16
2010 1 18 8 16
2010 1 18 9 16
2010 1 18 10 16
2010 1 18 11 16
2010 1 18 12 16
2010 1 18 13 16
2010 1 18 14 16
2010 1 18 15 16
2010 1 18 16 15
2010 1 18 17 15
2010 1 18 18 9
2010 1 18 19 9
2010 1 18 20 9
2010 1 18 21 9
2010 1 18 22 9
2010 1 18 23 9
2010 1 19 0 9
2010 1 19 1 9
2010 1 19 2 10
2010 1 19 3 13
2010 1 19 4 15
2010 1 19 5 16
2010 1 19 6 16
2010 1 19 7 16
2010 1 19 8 17
2010 1 19 9 16
2010 1 19 10 15
2010 1 19 11 10
2010 1 19 12 9
2010 1 19 13 9
2010 1 19 14 9
2010 1 19 15 9
2010 1 19 16 9
2010 1 19 17 9
2010 1 19 18 13
2010 1 19 19 10
2010 1 19 20 14
2010 1 19 21 14
2010 1 19 22 14
2010 1 19 23 7
2010 1 20 0 10
2010 1 20 1 12
2010 1 20 2 12
2010 1 20 3 15
2010 1 20 4 15
2010 1 20 5 16
2010 1 20 6 16
2010 1 20 7 16
2010 1 20 8 16
2010 1 20 9 16
2010 1 20 10 15
2010 1 20 11 15
2010 1 20 12 15
2010 1 20 13 15
2010 1 20 14 15
2010 1 20 15 15
2010 1 20 16 15
2010 1 20 17 15
2010 1 20 18 15
2010 1 20 19 15
2010 1 20 20 15
2010 1 20 21 15
2010 1 20 22 15
2010 1 20 23 15
2010 1 21 0 15
2010 1 21 1 15
2010 1 21 2 12
2010 1 21 3 13
2010 1 21 4 15
2010 1 21 5 15
2010 1 21 6 15
2010 1 21 7 15
2010 1 21 8 16
2010 1 21 9 16
2010 1 21 10 16
2010 1 21 11 16
2010 1 21 12 16
2010 1 21 13 16
2010 1 21 14 16
2010 1 21 15 16
2010 1 21 16 16
2010 1 21 17 16
2010 1 21 18 16
2010 1 21 19 15
2010 1 21 20 15
2010 1 21 21 15
2010 1 21 22 16
2010 1 21 23 16
2010 1 22 0 16
2010 1 22 1 17
2010 1 22 2 16
2010 1 22 3 17
2010 1 22 4 17
2010 1 22 5 17
2010 1 22 6 17
2010 1 22 7 17
2010 1 22 8 17
2010 1 22 9 17
2010 1 22 10 17
2010 1 22 11 17
2010 1 22 12 17
2010 1 22 13 17
2010 1 22 14 15
2010 1 22 15 17
2010 1 22 16 16
2010 1 22 17 17
2010 1 22 18 16
2010 1 22 19 17
2010 1 22 20 17
2010 1 22 21 17
2010 1 22 22 17
2010 1 22 23 17
2010 1 23 0 16
2010 1 23 1 16
2010 1 23 2 17
2010 1 23 3 17
2010 1 23 4 17
2010 1 23 5 17
2010 1 23 6 17
2010 1 23 7 16
2010 1 23 8 16
2010 1 23 9 17
2010 1 23 10 17
2010 1 23 11 16
2010 1 23 12 16
2010 1 23 13 16
2010 1 23 14 17
2010 1 23 15 17
2010 1 23 16 17
2010 1 23 17 17
2010 1 23 18 17
2010 1 23 19 17
2010 1 23 20 17
2010 1 23 21 17
2010 1 23 22 17
2010 1 23 23 17
2010 1 24 0 17
2010 1 24 1 17
2010 1 24 2 17
2010 1 24 3 17
2010 1 24 4 17
2010 1 24 5 17
2010 1 24 6 17
2010 1 24 7 17
2010 1 24 8 17
2010 1 24 9 17
2010 1 24 10 17
2010 1 24 11 17
2010 1 24 12 17
2010 1 24 13 17
2010 1 24 14 16
2010 1 24 15 16
2010 1 24 16 16
2010 1 24 17 16
2010 1 24 18 16
2010 1 24 19 16
2010 1 24 20 13
2010 1 24 21 16
2010 1 24 22 16
2010 1 24 23 10
2010 1 25 0 10
2010 1 25 1 9
2010 1 25 2 10
2010 1 25 3 10
2010 1 25 4 10
2010 1 25 5 10
2010 1 25 6 10
2010 1 25 7 10
2010 1 25 8 13
2010 1 25 9 13
2010 1 25 10 13
2010 1 25 11 13
2010 1 25 12 13
2010 1 25 13 13
2010 1 25 14 14
2010 1 25 15 14
2010 1 25 16 14
2010 1 25 17 14
2010 1 25 18 14
2010 1 25 19 13
2010 1 25 20 13
2010 1 25 21 13
2010 1 25 22 12
2010 1 25 23 13
2010 1 26 0 13
2010 1 26 1 13
2010 1 26 2 14
2010 1 26 3 14
2010 1 26 4 14
2010 1 26 5 14
2010 1 26 6 14
2010 1 26 7 14
2010 1 26 8 10
2010 1 26 9 10
2010 1 26 10 11
2010 1 26 11 13
2010 1 26 12 14
2010 1 26 13 14
2010 1 26 14 14
2010 1 26 15 14
2010 1 26 16 14
2010 1 26 17 14
2010 1 26 18 14
2010 1 26 19 12
2010 1 26 20 14
2010 1 26 21 17
2010 1 26 22 17
2010 1 26 23 17
2010 1 27 0 17
2010 1 27 1 17
2010 1 27 2 17
2010 1 27 3 17
2010 1 27 4 17
2010 1 27 5 17
2010 1 27 6 17
2010 1 27 7 17
2010 1 27 8 17
2010 1 27 9 17
2010 1 27 10 17
2010 1 27 11 17
2010 1 27 12 17
2010 1 27 13 17
2010 1 27 14 17
2010 1 27 15 17
2010 1 27 16 17
2010 1 27 17 17
2010 1 27 18 17
2010 1 27 19 15
2010 1 27 20 15
2010 1 27 21 17
2010 1 27 22 17
2010 1 27 23 17
2010 1 28 0 17
2010 1 28 1 17
2010 1 28 2 17
2010 1 28 3 17
2010 1 28 4 17
2010 1 28 5 17
2010 1 28 6 17
2010 1 28 7 17
2010 1 28 8 11
2010 1 28 9 11
2010 1 28 10 11
2010 1 28 11 11
2010 1 28 12 11
2010 1 28 13 11
2010 1 28 14 11
2010 1 28 15 11
2010 1 28 16 11
2010 1 28 17 9
2010 1 28 18 11
2010 1 28 19 11
2010 1 28 20 11
2010 1 28 21 11
2010 1 28 22 11
2010 1 28 23 11
2010 1 29 0 11
2010 1 29 1 11
2010 1 29 2 11
2010 1 29 3 11
2010 1 29 4 11
2010 1 29 5 11
2010 1 29 6 11
2010 1 29 7 11
2010 1 29 8 11
2010 1 29 9 11
2010 1 29 10 11
2010 1 29 11 11
2010 1 29 12 11
2010 1 29 13 11
2010 1 29 14 11
2010 1 29 15 11
2010 1 29 16 11
2010 1 29 17 11
2010 1 29 18 11
2010 1 29 19 11
2010 1 29 20 11
2010 1 29 21 11
2010 1 29 22 11
2010 1 29 23 11
2010 1 30 0 11
2010 1 30 1 11
2010 1 30 2 11
2010 1 30 3 11
2010 1 30 4 11
2010 1 30 5 11
2010 1 30 6 11
2010 1 30 7 11
2010 1 30 8 11
2010 1 30 9 11
2010 1 30 10 11
2010 1 30 11 11
2010 1 30 12 11
2010 1 30 13 11
2010 1 30 14 11
2010 1 30 15 11
2010 1 30 16 11
2010 1 30 17 11
2010 1 30 18 11
2010 1 30 19 11
2010 1 30 20 11
2010 1 30 21 11
2010 1 30 22 11
2010 1 30 23 11
2010 1 31 0 11
2010 1 31 1 11
2010 1 31 2 11
2010 1 31 3 11
2010 1 31 4 11
2010 1 31 5 11
2010 1 31 6 11
2010 1 31 7 11
2010 1 31 8 11
2010 1 31 9 11
2010 1 31 10 11
2010 1 31 11 11
2010 1 31 12 11
2010 1 31 13 11
2010 1 31 14 11
2010 1 31 15 11
2010 1 31 16 11
2010 1 31 17 11
2010 1 31 18 11
2010 1 31 19 11
2010 1 31 20 11
2010 1 31 21 11
2010 1 31 22 11
2010 1 31 23 11
2008 1 1 0 14
2008 1 1 1 14
2008 1 1 2 14
2008 1 1 3 14
2008 1 1 4 14
2008 1 1 5 14
2008 1 1 6 14
2008 1 1 7 14
2008 1 1 8 14
2008 1 1 9 14
2008 1 1 10 14
2008 1 1 11 14
2008 1 1 12 14
2008 1 1 13 14
2008 1 1 14 14
2008 1 1 15 14
2008 1 1 16 14
2008 1 1 17 14
2008 1 1 18 14
2008 1 1 19 14
2008 1 1 20 14
2008 1 1 21 14
2008 1 1 22 14
2008 1 1 23 14
2008 1 2 0 14
2008 1 2 1 14
2008 1 2 2 14
2008 1 2 3 14
2008 1 2 4 14
2008 1 2 5 14
2008 1 2 6 14
2008 1 2 7 14
2008 1 2 8 14
2008 1 2 9 14
2008 1 2 10 14
2008 1 2 11 12
2008 1 2 12 14
2008 1 2 13 13
2008 1 2 14 13
2008 1 2 15 14
2008 1 2 16 14
2008 1 2 17 14
2008 1 2 18 14
2008 1 2 19 14
2008 1 2 20 14
2008 1 2 21 14
2008 1 2 22 14
2008 1 2 23 14
2008 1 3 0 14
2008 1 3 1 14
2008 1 3 2 14
2008 1 3 3 14
2008 1 3 4 14
2008 1 3 5 14
2008 1 3 6 13
2008 1 3 7 13
2008 1 3 8 13
2008 1 3 9 13
2008 1 3 10 13
2008 1 3 11 13
2008 1 3 12 13
2008 1 3 13 13
2008 1 3 14 13
2008 1 3 15 7
2008 1 3 16 8
2008 1 3 17 8
2008 1 3 18 9
2008 1 3 19 12
2008 1 3 20 12
2008 1 3 21 13
2008 1 3 22 13
2008 1 3 23 12
2008 1 4 0 13
2008 1 4 1 12
2008 1 4 2 12
2008 1 4 3 12
2008 1 4 4 12
2008 1 4 5 12
2008 1 4 6 12
2008 1 4 7 12
2008 1 4 8 12
2008 1 4 9 12
2008 1 4 10 12
2008 1 4 11 12
2008 1 4 12 12
2008 1 4 13 12
2008 1 4 14 12
2008 1 4 15 12
2008 1 4 16 12
2008 1 4 17 12
2008 1 4 18 12
2008 1 4 19 12
2008 1 4 20 12
2008 1 4 21 12
2008 1 4 22 12
2008 1 4 23 12
2008 1 5 0 12
2008 1 5 1 12
2008 1 5 2 13
2008 1 5 3 12
2008 1 5 4 13
2008 1 5 5 13
2008 1 5 6 13
2008 1 5 7 14
2008 1 5 8 14
2008 1 5 9 14
2008 1 5 10 14
2008 1 5 11 14
2008 1 5 12 14
2008 1 5 13 14
2008 1 5 14 14
2008 1 5 15 14
2008 1 5 16 14
2008 1 5 17 14
2008 1 5 18 14
2008 1 5 19 14
2008 1 5 20 12
2008 1 5 21 14
2008 1 5 22 13
2008 1 5 23 13
2008 1 6 0 13
2008 1 6 1 14
2008 1 6 2 14
2008 1 6 3 14
2008 1 6 4 14
2008 1 6 5 14
2008 1 6 6 14
2008 1 6 7 14
2008 1 6 8 14
2008 1 6 9 14
2008 1 6 10 14
2008 1 6 11 14
2008 1 6 12 14
2008 1 6 13 14
2008 1 6 14 14
2008 1 6 15 14
2008 1 6 16 14
2008 1 6 17 14
2008 1 6 18 12
2008 1 6 19 14
2008 1 6 20 14
2008 1 6 21 14
2008 1 6 22 14
2008 1 6 23 14
2008 1 7 0 14
2008 1 7 1 14
2008 1 7 2 14
2008 1 7 3 14
2008 1 7 4 14
2008 1 7 5 14
2008 1 7 6 14
2008 1 7 7 14
2008 1 7 8 14
2008 1 7 9 14
2008 1 7 10 13
2008 1 7 11 14
2008 1 7 12 14
2008 1 7 13 14
2008 1 7 14 14
2008 1 7 15 14
2008 1 7 16 13
2008 1 7 17 12
2008 1 7 18 13
2008 1 7 19 14
2008 1 7 20 14
2008 1 7 21 14
2008 1 7 22 14
2008 1 7 23 14
2008 1 8 0 14
2008 1 8 1 14
2008 1 8 2 14
2008 1 8 3 14
2008 1 8 4 14
2008 1 8 5 13
2008 1 8 6 13
2008 1 8 7 8
2008 1 8 8 11
2008 1 8 9 14
2008 1 8 10 7
2008 1 8 11 7
2008 1 8 12 7
2008 1 8 13 7
2008 1 8 14 8
2008 1 8 15 9
2008 1 8 16 6
2008 1 8 17 7
2008 1 8 18 7
2008 1 8 19 7
2008 1 8 20 7
2008 1 8 21 7
2008 1 8 22 7
2008 1 8 23 7
2008 1 9 0 7
2008 1 9 1 8
2008 1 9 2 10
2008 1 9 3 14
2008 1 9 4 14
2008 1 9 5 14
2008 1 9 6 14
2008 1 9 7 14
2008 1 9 8 13
2008 1 9 9 13
2008 1 9 10 14
2008 1 9 11 14
2008 1 9 12 13
2008 1 9 13 13
2008 1 9 14 13
2008 1 9 15 13
2008 1 9 16 13
2008 1 9 17 13
2008 1 9 18 14
2008 1 9 19 14
2008 1 9 20 12
2008 1 9 21 13
2008 1 9 22 13
2008 1 9 23 13
2008 1 10 0 9
2008 1 10 1 9
2008 1 10 2 10
2008 1 10 3 12
2008 1 10 4 12
2008 1 10 5 12
2008 1 10 6 12
2008 1 10 7 12
2008 1 10 8 12
2008 1 10 9 12
2008 1 10 10 12
2008 1 10 11 12
2008 1 10 12 12
2008 1 10 13 12
2008 1 10 14 12
2008 1 10 15 12
2008 1 10 16 13
2008 1 10 17 14
2008 1 10 18 13
2008 1 10 19 14
2008 1 10 20 14
2008 1 10 21 13
2008 1 10 22 14
2008 1 10 23 14
2008 1 11 0 14
2008 1 11 1 13
2008 1 11 2 12
2008 1 11 3 13
2008 1 11 4 13
2008 1 11 5 13
2008 1 11 6 13
2008 1 11 7 13
2008 1 11 8 13
2008 1 11 9 13
2008 1 11 10 13
2008 1 11 11 13
2008 1 11 12 13
2008 1 11 13 13
2008 1 11 14 13
2008 1 11 15 13
2008 1 11 16 13
2008 1 11 17 13
2008 1 11 18 13
2008 1 11 19 13
2008 1 11 20 13
2008 1 11 21 12
2008 1 11 22 13
2008 1 11 23 13
2008 1 12 0 13
2008 1 12 1 13
2008 1 12 2 13
2008 1 12 3 13
2008 1 12 4 13
2008 1 12 5 13
2008 1 12 6 13
2008 1 12 7 13
2008 1 12 8 13
2008 1 12 9 13
2008 1 12 10 12
2008 1 12 11 13
2008 1 12 12 12
2008 1 12 13 13
2008 1 12 14 13
2008 1 12 15 13
2008 1 12 16 13
2008 1 12 17 13
2008 1 12 18 13
2008 1 12 19 13
2008 1 12 20 13
2008 1 12 21 13
2008 1 12 22 13
2008 1 12 23 13
2008 1 13 0 13
2008 1 13 1 13
2008 1 13 2 13
2008 1 13 3 13
2008 1 13 4 13
2008 1 13 5 13
2008 1 13 6 13
2008 1 13 7 13
2008 1 13 8 13
2008 1 13 9 13
2008 1 13 10 13
2008 1 13 11 13
2008 1 13 12 13
2008 1 13 13 13
2008 1 13 14 13
2008 1 13 15 13
2008 1 13 16 13
2008 1 13 17 13
2008 1 13 18 13
2008 1 13 19 13
2008 1 13 20 13
2008 1 13 21 13
2008 1 13 22 13
2008 1 13 23 13
2008 1 14 0 13
2008 1 14 1 13
2008 1 14 2 12
2008 1 14 3 13
2008 1 14 4 13
2008 1 14 5 13
2008 1 14 6 13
2008 1 14 7 13
2008 1 14 8 13
2008 1 14 9 13
2008 1 14 10 13
2008 1 14 11 13
2008 1 14 12 13
2008 1 14 13 13
2008 1 14 14 13
2008 1 14 15 13
2008 1 14 16 13
2008 1 14 17 13
2008 1 14 18 13
2008 1 14 19 13
2008 1 14 20 13
2008 1 14 21 13
2008 1 14 22 13
2008 1 14 23 13
2008 1 15 0 13
2008 1 15 1 13
2008 1 15 2 13
2008 1 15 3 13
2008 1 15 4 13
2008 1 15 5 13
2008 1 15 6 13
2008 1 15 7 13
2008 1 15 8 13
2008 1 15 9 13
2008 1 15 10 13
2008 1 15 11 13
2008 1 15 12 13
2008 1 15 13 13
2008 1 15 14 13
2008 1 15 15 12
2008 1 15 16 13
2008 1 15 17 13
2008 1 15 18 13
2008 1 15 19 9
2008 1 15 20 9
2008 1 15 21 9
2008 1 15 22 13
2008 1 15 23 13
2008 1 16 0 13
2008 1 16 1 13
2008 1 16 2 13
2008 1 16 3 12
2008 1 16 4 12
2008 1 16 5 12
2008 1 16 6 13
2008 1 16 7 13
2008 1 16 8 13
2008 1 16 9 13
2008 1 16 10 13
2008 1 16 11 13
2008 1 16 12 13
2008 1 16 13 13
2008 1 16 14 13
2008 1 16 15 13
2008 1 16 16 13
2008 1 16 17 13
2008 1 16 18 13
2008 1 16 19 13
2008 1 16 20 13
2008 1 16 21 13
2008 1 16 22 13
2008 1 16 23 13
2008 1 17 0 13
2008 1 17 1 13
2008 1 17 2 13
2008 1 17 3 13
2008 1 17 4 13
2008 1 17 5 13
2008 1 17 6 13
2008 1 17 7 13
2008 1 17 8 13
2008 1 17 9 13
2008 1 17 10 13
2008 1 17 11 13
2008 1 17 12 13
2008 1 17 13 13
2008 1 17 14 13
2008 1 17 15 13
2008 1 17 16 13
2008 1 17 17 13
2008 1 17 18 13
2008 1 17 19 13
2008 1 17 20 13
2008 1 17 21 13
2008 1 17 22 12
2008 1 17 23 14
2008 1 18 0 14
2008 1 18 1 13
2008 1 18 2 13
2008 1 18 3 13
2008 1 18 4 14
2008 1 18 5 14
2008 1 18 6 14
2008 1 18 7 14
2008 1 18 8 14
2008 1 18 9 14
2008 1 18 10 14
2008 1 18 11 14
2008 1 18 12 14
2008 1 18 13 14
2008 1 18 14 14
2008 1 18 15 14
2008 1 18 16 12
2008 1 18 17 14
2008 1 18 18 12
2008 1 18 19 14
2008 1 18 20 14
2008 1 18 21 14
2008 1 18 22 14
2008 1 18 23 14
2008 1 19 0 14
2008 1 19 1 14
2008 1 19 2 14
2008 1 19 3 14
2008 1 19 4 14
2008 1 19 5 14
2008 1 19 6 14
2008 1 19 7 14
2008 1 19 8 14
2008 1 19 9 14
2008 1 19 10 14
2008 1 19 11 14
2008 1 19 12 14
2008 1 19 13 14
2008 1 19 14 14
2008 1 19 15 14
2008 1 19 16 14
2008 1 19 17 14
2008 1 19 18 14
2008 1 19 19 14
2008 1 19 20 14
2008 1 19 21 14
2008 1 19 22 14
2008 1 19 23 14
2008 1 20 0 14
2008 1 20 1 14
2008 1 20 2 14
2008 1 20 3 13
2008 1 20 4 13
2008 1 20 5 13
2008 1 20 6 14
2008 1 20 7 14
2008 1 20 8 14
2008 1 20 9 14
2008 1 20 10 14
2008 1 20 11 14
2008 1 20 12 14
2008 1 20 13 14
2008 1 20 14 14
2008 1 20 15 14
2008 1 20 16 14
2008 1 20 17 14
2008 1 20 18 13
2008 1 20 19 14
2008 1 20 20 14
2008 1 20 21 14
2008 1 20 22 14
2008 1 20 23 14
2008 1 21 0 14
2008 1 21 1 14
2008 1 21 2 14
2008 1 21 3 14
2008 1 21 4 14
2008 1 21 5 14
2008 1 21 6 14
2008 1 21 7 14
2008 1 21 8 14
2008 1 21 9 14
2008 1 21 10 14
2008 1 21 11 14
2008 1 21 12 14
2008 1 21 13 14
2008 1 21 14 14
2008 1 21 15 13
2008 1 21 16 13
2008 1 21 17 14
2008 1 21 18 14
2008 1 21 19 14
2008 1 21 20 13
2008 1 21 21 14
2008 1 21 22 14
2008 1 21 23 14
2008 1 22 0 14
2008 1 22 1 14
2008 1 22 2 14
2008 1 22 3 14
2008 1 22 4 14
2008 1 22 5 14
2008 1 22 6 14
2008 1 22 7 14
2008 1 22 8 14
2008 1 22 9 14
2008 1 22 10 14
2008 1 22 11 14
2008 1 22 12 13
2008 1 22 13 14
2008 1 22 14 14
2008 1 22 15 14
2008 1 22 16 14
2008 1 22 17 14
2008 1 22 18 14
2008 1 22 19 14
2008 1 22 20 14
2008 1 22 21 13
2008 1 22 22 14
2008 1 22 23 14
2008 1 23 0 14
2008 1 23 1 14
2008 1 23 2 14
2008 1 23 3 14
2008 1 23 4 14
2008 1 23 5 14
2008 1 23 6 14
2008 1 23 7 14
2008 1 23 8 14
2008 1 23 9 14
2008 1 23 10 14
2008 1 23 11 14
2008 1 23 12 14
2008 1 23 13 14
2008 1 23 14 14
2008 1 23 15 14
2008 1 23 16 14
2008 1 23 17 14
2008 1 23 18 14
2008 1 23 19 14
2008 1 23 20 13
2008 1 23 21 14
2008 1 23 22 14
2008 1 23 23 14
2008 1 24 0 14
2008 1 24 1 14
2008 1 24 2 14
2008 1 24 3 14
2008 1 24 4 14
2008 1 24 5 14
2008 1 24 6 14
2008 1 24 7 14
2008 1 24 8 14
2008 1 24 9 14
2008 1 24 10 14
2008 1 24 11 14
2008 1 24 12 14
2008 1 24 13 14
2008 1 24 14 14
2008 1 24 15 14
2008 1 24 16 14
2008 1 24 17 13
2008 1 24 18 14
2008 1 24 19 14
2008 1 24 20 14
2008 1 24 21 13
2008 1 24 22 14
2008 1 24 23 14
2008 1 25 0 14
2008 1 25 1 12
2008 1 25 2 14
2008 1 25 3 14
2008 1 25 4 14
2008 1 25 5 14
2008 1 25 6 14
2008 1 25 7 14
2008 1 25 8 14
2008 1 25 9 14
2008 1 25 10 14
2008 1 25 11 13
2008 1 25 12 14
2008 1 25 13 14
2008 1 25 14 14
2008 1 25 15 14
2008 1 25 16 13
2008 1 25 17 13
2008 1 25 18 12
2008 1 25 19 12
2008 1 25 20 12
2008 1 25 21 12
2008 1 25 22 12
2008 1 25 23 12
2008 1 26 0 12
2008 1 26 1 12
2008 1 26 2 12
2008 1 26 3 6
2008 1 26 4 6
2008 1 26 5 6
2008 1 26 6 6
2008 1 26 7 6
2008 1 26 8 6
2008 1 26 9 6
2008 1 26 10 6
2008 1 26 11 6
2008 1 26 12 6
2008 1 26 13 6
2008 1 26 14 6
2008 1 26 15 6
2008 1 26 16 6
2008 1 26 17 6
2008 1 26 18 8
2008 1 26 19 8
2008 1 26 20 9
2008 1 26 21 12
2008 1 26 22 13
2008 1 26 23 12
2008 1 27 0 13
2008 1 27 1 14
2008 1 27 2 14
2008 1 27 3 14
2008 1 27 4 14
2008 1 27 5 14
2008 1 27 6 14
2008 1 27 7 14
2008 1 27 8 14
2008 1 27 9 14
2008 1 27 10 14
2008 1 27 11 13
2008 1 27 12 12
2008 1 27 13 13
2008 1 27 14 12
2008 1 27 15 12
2008 1 27 16 12
2008 1 27 17 12
2008 1 27 18 12
2008 1 27 19 12
2008 1 27 20 12
2008 1 27 21 12
2008 1 27 22 12
2008 1 27 23 12
2008 1 28 0 12
2008 1 28 1 14
2008 1 28 2 13
2008 1 28 3 14
2008 1 28 4 13
2008 1 28 5 13
2008 1 28 6 14
2008 1 28 7 14
2008 1 28 8 14
2008 1 28 9 14
2008 1 28 10 14
2008 1 28 11 14
2008 1 28 12 13
2008 1 28 13 14
2008 1 28 14 14
2008 1 28 15 14
2008 1 28 16 13
2008 1 28 17 12
2008 1 28 18 12
2008 1 28 19 12
2008 1 28 20 12
2008 1 28 21 12
2008 1 28 22 12
2008 1 28 23 12
2008 1 29 0 12
2008 1 29 1 13
2008 1 29 2 12
2008 1 29 3 14
2008 1 29 4 14
2008 1 29 5 12
2008 1 29 6 13
2008 1 29 7 14
2008 1 29 8 14
2008 1 29 9 14
2008 1 29 10 14
2008 1 29 11 14
2008 1 29 12 14
2008 1 29 13 14
2008 1 29 14 14
2008 1 29 15 14
2008 1 29 16 13
2008 1 29 17 12
2008 1 29 18 13
2008 1 29 19 12
2008 1 29 20 13
2008 1 29 21 13
2008 1 29 22 14
2008 1 29 23 14
2008 1 30 0 14
2008 1 30 1 14
2008 1 30 2 14
2008 1 30 3 14
2008 1 30 4 14
2008 1 30 5 14
2008 1 30 6 14
2008 1 30 7 14
2008 1 30 8 14
2008 1 30 9 14
2008 1 30 10 14
2008 1 30 11 14
2008 1 30 12 14
2008 1 30 13 14
2008 1 30 14 13
2008 1 30 15 14
2008 1 30 16 14
2008 1 30 17 14
2008 1 30 18 13
2008 1 30 19 12
2008 1 30 20 13
2008 1 30 21 13
2008 1 30 22 12
2008 1 30 23 12
2008 1 31 0 13
2008 1 31 1 14
2008 1 31 2 13
2008 1 31 3 13
2008 1 31 4 6
2008 1 31 5 6
2008 1 31 6 7
2008 1 31 7 6
2008 1 31 8 6
2008 1 31 9 6
2008 1 31 10 6
2008 1 31 11 6
2008 1 31 12 7
2008 1 31 13 7
2008 1 31 14 6
2008 1 31 15 7
2008 1 31 16 11
2008 1 31 17 13
2008 1 31 18 13
2008 1 31 19 13
2008 1 31 20 12
2008 1 31 21 13
2008 1 31 22 13
2008 1 31 23 14
