2010 1 1 0 15
2010 1 1 1 15
2010 1 1 2 15
2010 1 1 3 15
2010 1 1 4 15
2010 1 1 5 15
2010 1 1 6 15
2010 1 1 7 15
2010 1 1 8 15
2010 1 1 9 15
2010 1 1 10 15
2010 1 1 11 15
2010 1 1 0 15
2010 1 1 1 15
2010 1 1 2 15
2010 1 1 3 15
2010 1 1 4 15
2010 1 1 5 15
2010 1 1 6 15
2010 1 1 7 15
2010 1 1 8 15
2010 1 1 9 15
2010 1 1 10 15
2010 1 1 11 15
2010 1 1 12 15
2010 1 1 13 15
2010 1 1 14 15
2010 1 1 15 15
2010 1 1 16 15
2010 1 1 17 15
2010 1 1 18 15
2010 1 1 19 15
2010 1 1 20 15
2010 1 1 21 15
2010 1 1 22 15
2010 1 1 23 15
2010 1 2 0 15
2010 1 2 1 15
2010 1 2 2 15
2010 1 2 3 15
2010 1 2 4 15
2010 1 2 5 15
2010 1 2 6 15
2010 1 2 7 15
2010 1 2 8 15
2010 1 2 9 15
2010 1 2 10 15
2010 1 2 11 15
2010 1 2 12 15
2010 1 2 13 15
2010 1 2 14 15
2010 1 2 15 15
2010 1 2 16 15
2010 1 2 17 15
2010 1 2 18 15
2010 1 2 19 15
2010 1 2 20 15
2010 1 2 21 15
2010 1 2 22 15
2010 1 2 23 15
2010 1 3 0 15
2010 1 3 1 15
2010 1 3 2 15
2010 1 3 3 15
2010 1 3 4 15
2010 1 3 5 15
2010 1 3 6 15
2010 1 3 7 15
2010 1 3 8 15
2010 1 3 9 15
2010 1 3 10 15
2010 1 3 11 15
2010 1 3 12 15
2010 1 3 13 15
2010 1 3 14 15
2010 1 3 15 15
2010 1 3 16 15
2010 1 3 17 15
2010 1 3 18 15
2010 1 3 19 15
2010 1 3 20 15
2010 1 3 21 15
2010 1 3 22 15
2010 1 3 23 15
2010 1 4 0 15
2010 1 4 1 15
2010 1 4 2 15
2010 1 4 3 15
2010 1 4 4 15
2010 1 4 5 15
2010 1 4 6 15
2010 1 4 7 15
2010 1 4 8 15
2010 1 4 9 15
2010 1 4 10 15
2010 1 4 11 15
2010 1 4 12 15
2010 1 4 13 15
2010 1 4 14 15
2010 1 4 15 15
2010 1 4 16 15
2010 1 4 17 15
2010 1 4 18 15
2010 1 4 19 15
2010 1 4 20 15
2010 1 4 21 15
2010 1 4 22 15
2010 1 4 23 15
2010 1 5 0 15
2010 1 5 1 15
2010 1 5 2 15
2010 1 5 3 15
2010 1 5 4 15
2010 1 5 5 15
2010 1 5 6 15
2010 1 5 7 15
2010 1 5 8 15
2010 1 5 9 15
2010 1 5 10 15
2010 1 5 11 15
2010 1 5 12 15
2010 1 5 13 15
2010 1 5 14 15
2010 1 5 15 15
2010 1 5 16 15
2010 1 5 17 15
2010 1 5 18 15
2010 1 5 19 15
2010 1 5 20 15
2010 1 5 21 15
2010 1 5 22 15
2010 1 5 23 15
2010 1 6 0 15
2010 1 6 1 15
2010 1 6 2 15
2010 1 6 3 15
2010 1 6 4 15
2010 1 6 5 15
2010 1 6 6 15
2010 1 6 7 15
2010 1 6 8 15
2010 1 6 9 15
2010 1 6 10 15
2010 1 6 11 15
2010 1 6 12 15
2010 1 6 13 15
2010 1 6 14 15
2010 1 6 15 15
2010 1 6 16 15
2010 1 6 17 15
2010 1 6 18 15
2010 1 6 19 15
2010 1 6 20 15
2010 1 6 21 15
2010 1 6 22 15
2010 1 6 23 15
2010 1 7 0 15
2010 1 7 1 15
2010 1 7 2 15
2010 1 7 3 15
2010 1 7 4 15
2010 1 7 5 15
2010 1 7 6 15
2010 1 7 7 15
2010 1 7 8 15
2010 1 7 9 15
2010 1 7 10 15
2010 1 7 11 15
2010 1 7 12 15
2010 1 7 13 15
2010 1 7 14 15
2010 1 7 15 15
2010 1 7 16 15
2010 1 7 17 15
2010 1 7 18 15
2010 1 7 19 15
2010 1 7 20 15
2010 1 7 21 15
2010 1 7 22 15
2010 1 7 23 15
2010 1 8 0 15
2010 1 8 1 15
2010 1 8 2 15
2010 1 8 3 15
2010 1 8 4 15
2010 1 8 5 15
2010 1 8 6 15
2010 1 8 7 15
2010 1 8 8 15
2010 1 8 9 15
2010 1 8 10 15
2010 1 8 11 15
2010 1 8 12 15
2010 1 8 13 15
2010 1 8 14 15
2010 1 8 15 15
2010 1 8 16 15
2010 1 8 17 15
2010 1 8 18 15
2010 1 8 19 15
2010 1 8 20 15
2010 1 8 21 15
2010 1 8 22 15
2010 1 8 23 15
2010 1 9 0 15
2010 1 9 1 15
2010 1 9 2 15
2010 1 9 3 15
2010 1 9 4 15
2010 1 9 5 15
2010 1 9 6 15
2010 1 9 7 15
2010 1 9 8 15
2010 1 9 9 15
2010 1 9 10 15
2010 1 9 11 15
2010 1 9 12 15
2010 1 9 13 15
2010 1 9 14 15
2010 1 9 15 15
2010 1 9 16 15
2010 1 9 17 15
2010 1 9 18 15
2010 1 9 19 15
2010 1 9 20 15
2010 1 9 21 15
2010 1 9 22 15
2010 1 9 23 15
2010 1 10 0 15
2010 1 10 1 15
2010 1 10 2 15
2010 1 10 3 15
2010 1 10 4 15
2010 1 10 5 15
2010 1 10 6 15
2010 1 10 7 15
2010 1 10 8 15
2010 1 10 9 15
2010 1 10 10 15
2010 1 10 11 15
2010 1 10 12 15
2010 1 10 13 15
2010 1 10 14 15
2010 1 10 15 15
2010 1 10 16 15
2010 1 10 17 15
2010 1 10 18 15
2010 1 10 19 15
2010 1 10 20 15
2010 1 10 21 15
2010 1 10 22 15
2010 1 10 23 15
2010 1 11 0 15
2010 1 11 1 15
2010 1 11 2 15
2010 1 11 3 15
2010 1 11 4 15
2010 1 11 5 15
2010 1 11 6 15
2010 1 11 7 15
2010 1 11 8 15
2010 1 11 9 15
2010 1 11 10 15
2010 1 11 11 15
2010 1 11 12 15
2010 1 11 13 15
2010 1 11 14 15
2010 1 11 15 15
2010 1 11 16 15
2010 1 11 17 15
2010 1 11 18 15
2010 1 11 19 15
2010 1 11 20 15
2010 1 11 21 15
2010 1 11 22 15
2010 1 11 23 15
2010 1 12 0 15
2010 1 12 1 15
2010 1 12 2 15
2010 1 12 3 15
2010 1 12 4 15
2010 1 12 5 15
2010 1 12 6 15
2010 1 12 7 15
2010 1 12 8 15
2010 1 12 9 15
2010 1 12 10 15
2010 1 12 11 15
2010 1 12 12 15
2010 1 12 13 15
2010 1 12 14 15
2010 1 12 15 15
2010 1 12 16 15
2010 1 12 17 15
2010 1 12 18 15
2010 1 12 19 15
2010 1 12 20 15
2010 1 12 21 15
2010 1 12 22 15
2010 1 12 23 15
2010 1 13 0 15
2010 1 13 1 15
2010 1 13 2 15
2010 1 13 3 15
2010 1 13 4 15
2010 1 13 5 15
2010 1 13 6 15
2010 1 13 7 15
2010 1 13 8 15
2010 1 13 9 15
2010 1 13 10 15
2010 1 13 11 15
2010 1 13 0 15
2010 1 13 1 15
2010 1 13 2 15
2010 1 13 3 15
2010 1 13 4 15
2010 1 13 5 15
2010 1 13 6 15
2010 1 13 7 15
2010 1 13 8 15
2010 1 13 9 15
2010 1 13 10 15
2010 1 13 11 15
2010 1 13 12 15
2010 1 13 13 15
2010 1 13 14 15
2010 1 13 15 15
2010 1 13 16 15
2010 1 13 17 15
2010 1 13 18 15
2010 1 13 19 15
2010 1 13 20 15
2010 1 13 21 15
2010 1 13 22 15
2010 1 13 23 15
2010 1 14 0 15
2010 1 14 1 15
2010 1 14 2 15
2010 1 14 3 15
2010 1 14 4 15
2010 1 14 5 15
2010 1 14 6 15
2010 1 14 7 15
2010 1 14 8 15
2010 1 14 9 15
2010 1 14 10 15
2010 1 14 11 15
2010 1 14 12 15
2010 1 14 13 15
2010 1 14 14 15
2010 1 14 15 15
2010 1 14 16 15
2010 1 14 17 15
2010 1 14 18 15
2010 1 14 19 15
2010 1 14 20 15
2010 1 14 21 15
2010 1 14 22 15
2010 1 14 23 15
2010 1 15 0 15
2010 1 15 1 15
2010 1 15 2 15
2010 1 15 3 15
2010 1 15 4 15
2010 1 15 5 15
2010 1 15 6 15
2010 1 15 7 15
2010 1 15 8 15
2010 1 15 9 15
2010 1 15 10 15
2010 1 15 11 15
2010 1 15 0 15
2010 1 15 1 15
2010 1 15 2 15
2010 1 15 3 15
2010 1 15 4 15
2010 1 15 5 15
2010 1 15 6 15
2010 1 15 7 15
2010 1 15 8 15
2010 1 15 9 15
2010 1 15 10 15
2010 1 15 11 15
2010 1 15 12 15
2010 1 15 13 15
2010 1 15 14 15
2010 1 15 15 15
2010 1 15 16 15
2010 1 15 17 15
2010 1 15 18 15
2010 1 15 19 15
2010 1 15 20 15
2010 1 15 21 15
2010 1 15 22 15
2010 1 15 23 15
2010 1 16 0 15
2010 1 16 1 15
2010 1 16 2 15
2010 1 16 3 15
2010 1 16 4 15
2010 1 16 5 15
2010 1 16 6 15
2010 1 16 7 15
2010 1 16 8 15
2010 1 16 9 15
2010 1 16 10 15
2010 1 16 11 15
2010 1 16 12 15
2010 1 16 13 15
2010 1 16 14 15
2010 1 16 15 15
2010 1 16 16 15
2010 1 16 17 15
2010 1 16 18 15
2010 1 16 19 15
2010 1 16 20 15
2010 1 16 21 15
2010 1 16 22 15
2010 1 16 23 15
2010 1 17 0 15
2010 1 17 1 15
2010 1 17 2 15
2010 1 17 3 15
2010 1 17 4 15
2010 1 17 5 15
2010 1 17 6 15
2010 1 17 7 15
2010 1 17 8 15
2010 1 17 9 15
2010 1 17 10 15
2010 1 17 11 15
2010 1 17 12 15
2010 1 17 13 15
2010 1 17 14 15
2010 1 17 15 15
2010 1 17 16 15
2010 1 17 17 15
2010 1 17 18 15
2010 1 17 19 15
2010 1 17 20 15
2010 1 17 21 15
2010 1 17 22 15
2010 1 17 23 15
2010 1 18 0 15
2010 1 18 1 15
2010 1 18 2 15
2010 1 18 3 15
2010 1 18 4 15
2010 1 18 5 15
2010 1 18 6 15
2010 1 18 7 15
2010 1 18 8 15
2010 1 18 9 15
2010 1 18 10 15
2010 1 18 11 15
2010 1 18 12 15
2010 1 18 13 15
2010 1 18 14 15
2010 1 18 15 15
2010 1 18 16 15
2010 1 18 17 15
2010 1 18 18 12
2010 1 18 19 12
2010 1 18 20 12
2010 1 18 21 12
2010 1 18 22 12
2010 1 18 23 12
2010 1 19 0 12
2010 1 19 1 12
2010 1 19 2 12
2010 1 19 3 11
2010 1 19 4 14
2010 1 19 5 14
2010 1 19 6 15
2010 1 19 7 15
2010 1 19 8 15
2010 1 19 9 15
2010 1 19 10 15
2010 1 19 11 12
2010 1 19 12 12
2010 1 19 13 12
2010 1 19 14 9
2010 1 19 15 9
2010 1 19 16 9
2010 1 19 17 10
2010 1 19 18 10
2010 1 19 19 10
2010 1 19 20 11
2010 1 19 21 11
2010 1 19 22 15
2010 1 19 23 8
2010 1 20 0 7
2010 1 20 1 7
2010 1 20 2 7
2010 1 20 3 10
2010 1 20 4 10
2010 1 20 5 13
2010 1 20 6 13
2010 1 20 7 13
2010 1 20 8 14
2010 1 20 9 15
2010 1 20 10 15
2010 1 20 11 15
2010 1 20 12 15
2010 1 20 13 15
2010 1 20 14 15
2010 1 20 15 15
2010 1 20 16 14
2010 1 20 17 14
2010 1 20 18 15
2010 1 20 19 15
2010 1 20 20 15
2010 1 20 21 15
2010 1 20 22 15
2010 1 20 23 15
2010 1 21 0 15
2010 1 21 1 15
2010 1 21 2 12
2010 1 21 3 12
2010 1 21 4 15
2010 1 21 5 15
2010 1 21 6 15
2010 1 21 7 15
2010 1 21 8 15
2010 1 21 9 15
2010 1 21 10 15
2010 1 21 11 15
2010 1 21 12 15
2010 1 21 13 15
2010 1 21 14 15
2010 1 21 15 15
2010 1 21 16 15
2010 1 21 17 15
2010 1 21 18 15
2010 1 21 19 15
2010 1 21 20 15
2010 1 21 21 15
2010 1 21 22 15
2010 1 21 23 15
2010 1 22 0 15
2010 1 22 1 15
2010 1 22 2 15
2010 1 22 3 15
2010 1 22 4 15
2010 1 22 5 15
2010 1 22 6 15
2010 1 22 7 15
2010 1 22 8 15
2010 1 22 9 15
2010 1 22 10 15
2010 1 22 11 15
2010 1 22 12 15
2010 1 22 13 15
2010 1 22 14 15
2010 1 22 15 15
2010 1 22 16 15
2010 1 22 17 15
2010 1 22 18 15
2010 1 22 19 15
2010 1 22 20 15
2010 1 22 21 15
2010 1 22 22 12
2010 1 22 23 12
2010 1 23 0 12
2010 1 23 1 12
2010 1 23 2 12
2010 1 23 3 12
2010 1 23 4 12
2010 1 23 5 12
2010 1 23 6 12
2010 1 23 7 12
2010 1 23 8 12
2010 1 23 9 12
2010 1 23 10 12
2010 1 23 11 12
2010 1 23 12 12
2010 1 23 13 12
2010 1 23 14 12
2010 1 23 15 12
2010 1 23 16 12
2010 1 23 17 12
2010 1 23 18 12
2010 1 23 19 12
2010 1 23 20 12
2010 1 23 21 12
2010 1 23 22 12
2010 1 23 23 12
2010 1 24 0 12
2010 1 24 1 12
2010 1 24 2 12
2010 1 24 3 12
2010 1 24 4 12
2010 1 24 5 12
2010 1 24 6 12
2010 1 24 7 12
2010 1 24 8 12
2010 1 24 9 12
2010 1 24 10 12
2010 1 24 11 12
2010 1 24 12 12
2010 1 24 13 12
2010 1 24 14 12
2010 1 24 15 12
2010 1 24 16 12
2010 1 24 17 12
2010 1 24 18 12
2010 1 24 19 12
2010 1 24 20 12
2010 1 24 21 12
2010 1 24 22 12
2010 1 24 23 9
2010 1 25 0 9
2010 1 25 1 9
2010 1 25 2 9
2010 1 25 3 9
2010 1 25 4 9
2010 1 25 5 9
2010 1 25 6 9
2010 1 25 7 9
2010 1 25 8 9
2010 1 25 9 9
2010 1 25 10 9
2010 1 25 11 9
2010 1 25 12 9
2010 1 25 13 9
2010 1 25 14 9
2010 1 25 15 9
2010 1 25 16 9
2010 1 25 17 9
2010 1 25 18 9
2010 1 25 19 9
2010 1 25 20 9
2010 1 25 21 9
2010 1 25 22 9
2010 1 25 23 9
2010 1 26 0 9
2010 1 26 1 9
2010 1 26 2 9
2010 1 26 3 9
2010 1 26 4 9
2010 1 26 5 9
2010 1 26 6 9
2010 1 26 7 9
2010 1 26 8 9
2010 1 26 9 9
2010 1 26 10 9
2010 1 26 11 9
2010 1 26 12 9
2010 1 26 13 9
2010 1 26 14 9
2010 1 26 15 9
2010 1 26 16 9
2010 1 26 17 9
2010 1 26 18 9
2010 1 26 19 9
2010 1 26 20 9
2010 1 26 21 12
2010 1 26 22 12
2010 1 26 23 12
2010 1 27 0 12
2010 1 27 1 12
2010 1 27 2 12
2010 1 27 3 12
2010 1 27 4 12
2010 1 27 5 12
2010 1 27 6 12
2010 1 27 7 12
2010 1 27 8 12
2010 1 27 9 12
2010 1 27 10 12
2010 1 27 11 12
2010 1 27 12 12
2010 1 27 13 12
2010 1 27 14 12
2010 1 27 15 12
2010 1 27 16 12
2010 1 27 17 12
2010 1 27 18 12
2010 1 27 19 12
2010 1 27 20 12
2010 1 27 21 12
2010 1 27 22 12
2010 1 27 23 12
2010 1 28 0 12
2010 1 28 1 12
2010 1 28 2 12
2010 1 28 3 12
2010 1 28 4 12
2010 1 28 5 12
2010 1 28 6 12
2010 1 28 7 12
2010 1 28 8 9
2010 1 28 9 9
2010 1 28 10 9
2010 1 28 11 9
2010 1 28 12 9
2010 1 28 13 9
2010 1 28 14 9
2010 1 28 15 9
2010 1 28 16 9
2010 1 28 17 6
2010 1 28 18 9
2010 1 28 19 9
2010 1 28 20 9
2010 1 28 21 9
2010 1 28 22 9
2010 1 28 23 9
2010 1 29 0 9
2010 1 29 1 9
2010 1 29 2 9
2010 1 29 3 9
2010 1 29 4 9
2010 1 29 5 9
2010 1 29 6 9
2010 1 29 7 9
2010 1 29 8 9
2010 1 29 9 9
2010 1 29 10 9
2010 1 29 11 9
2010 1 29 12 9
2010 1 29 13 9
2010 1 29 14 9
2010 1 29 15 9
2010 1 29 16 9
2010 1 29 17 9
2010 1 29 18 9
2010 1 29 19 9
2010 1 29 20 9
2010 1 29 21 9
2010 1 29 22 9
2010 1 29 23 9
2010 1 30 0 9
2010 1 30 1 9
2010 1 30 2 9
2010 1 30 3 9
2010 1 30 4 9
2010 1 30 5 9
2010 1 30 6 9
2010 1 30 7 9
2010 1 30 8 9
2010 1 30 9 9
2010 1 30 10 9
2010 1 30 11 9
2010 1 30 12 9
2010 1 30 13 9
2010 1 30 14 9
2010 1 30 15 9
2010 1 30 16 9
2010 1 30 17 9
2010 1 30 18 9
2010 1 30 19 9
2010 1 30 20 9
2010 1 30 21 9
2010 1 30 22 9
2010 1 30 23 9
2010 1 31 0 9
2010 1 31 1 9
2010 1 31 2 9
2010 1 31 3 9
2010 1 31 4 9
2010 1 31 5 9
2010 1 31 6 9
2010 1 31 7 9
2010 1 31 8 9
2010 1 31 9 9
2010 1 31 10 9
2010 1 31 11 9
2010 1 31 12 9
2010 1 31 13 9
2010 1 31 14 9
2010 1 31 15 9
2010 1 31 16 9
2010 1 31 17 9
2010 1 31 18 9
2010 1 31 19 9
2010 1 31 20 9
2010 1 31 21 9
2010 1 31 22 9
2010 1 31 23 9
2008 1 1 0 15
2008 1 1 1 15
2008 1 1 2 15
2008 1 1 3 15
2008 1 1 4 15
2008 1 1 5 15
2008 1 1 6 15
2008 1 1 7 15
2008 1 1 8 15
2008 1 1 9 15
2008 1 1 10 15
2008 1 1 11 15
2008 1 1 12 15
2008 1 1 13 15
2008 1 1 14 15
2008 1 1 15 15
2008 1 1 16 15
2008 1 1 17 15
2008 1 1 18 15
2008 1 1 19 15
2008 1 1 20 15
2008 1 1 21 15
2008 1 1 22 15
2008 1 1 23 15
2008 1 2 0 15
2008 1 2 1 15
2008 1 2 2 15
2008 1 2 3 15
2008 1 2 4 15
2008 1 2 5 15
2008 1 2 6 15
2008 1 2 7 15
2008 1 2 8 15
2008 1 2 9 15
2008 1 2 10 15
2008 1 2 11 15
2008 1 2 12 15
2008 1 2 13 15
2008 1 2 14 15
2008 1 2 15 15
2008 1 2 16 15
2008 1 2 17 15
2008 1 2 18 15
2008 1 2 19 15
2008 1 2 20 15
2008 1 2 21 15
2008 1 2 22 15
2008 1 2 23 15
2008 1 3 0 15
2008 1 3 1 15
2008 1 3 2 15
2008 1 3 3 15
2008 1 3 4 15
2008 1 3 5 15
2008 1 3 6 15
2008 1 3 7 15
2008 1 3 8 15
2008 1 3 9 15
2008 1 3 10 15
2008 1 3 11 15
2008 1 3 12 15
2008 1 3 13 15
2008 1 3 14 15
2008 1 3 15 12
2008 1 3 16 12
2008 1 3 17 12
2008 1 3 18 12
2008 1 3 19 15
2008 1 3 20 15
2008 1 3 21 15
2008 1 3 22 15
2008 1 3 23 15
2008 1 4 0 15
2008 1 4 1 15
2008 1 4 2 15
2008 1 4 3 15
2008 1 4 4 15
2008 1 4 5 15
2008 1 4 6 15
2008 1 4 7 15
2008 1 4 8 15
2008 1 4 9 15
2008 1 4 10 15
2008 1 4 11 15
2008 1 4 12 15
2008 1 4 13 15
2008 1 4 14 15
2008 1 4 15 15
2008 1 4 16 15
2008 1 4 17 15
2008 1 4 18 15
2008 1 4 19 15
2008 1 4 20 15
2008 1 4 21 15
2008 1 4 22 15
2008 1 4 23 15
2008 1 5 0 15
2008 1 5 1 15
2008 1 5 2 15
2008 1 5 3 15
2008 1 5 4 15
2008 1 5 5 15
2008 1 5 6 15
2008 1 5 7 15
2008 1 5 8 15
2008 1 5 9 15
2008 1 5 10 12
2008 1 5 11 15
2008 1 5 12 15
2008 1 5 13 15
2008 1 5 14 15
2008 1 5 15 15
2008 1 5 16 15
2008 1 5 17 15
2008 1 5 18 15
2008 1 5 19 15
2008 1 5 20 15
2008 1 5 21 15
2008 1 5 22 15
2008 1 5 23 15
2008 1 6 0 15
2008 1 6 1 15
2008 1 6 2 15
2008 1 6 3 15
2008 1 6 4 15
2008 1 6 5 15
2008 1 6 6 15
2008 1 6 7 15
2008 1 6 8 15
2008 1 6 9 15
2008 1 6 10 15
2008 1 6 11 15
2008 1 6 12 15
2008 1 6 13 15
2008 1 6 14 15
2008 1 6 15 15
2008 1 6 16 15
2008 1 6 17 15
2008 1 6 18 15
2008 1 6 19 15
2008 1 6 20 15
2008 1 6 21 15
2008 1 6 22 15
2008 1 6 23 15
2008 1 7 0 15
2008 1 7 1 15
2008 1 7 2 15
2008 1 7 3 15
2008 1 7 4 15
2008 1 7 5 15
2008 1 7 6 15
2008 1 7 7 15
2008 1 7 8 15
2008 1 7 9 15
2008 1 7 10 15
2008 1 7 11 15
2008 1 7 12 15
2008 1 7 13 15
2008 1 7 14 15
2008 1 7 15 15
2008 1 7 16 15
2008 1 7 17 15
2008 1 7 18 15
2008 1 7 19 15
2008 1 7 20 15
2008 1 7 21 15
2008 1 7 22 15
2008 1 7 23 15
2008 1 8 0 15
2008 1 8 1 15
2008 1 8 2 15
2008 1 8 3 15
2008 1 8 4 15
2008 1 8 5 15
2008 1 8 6 14
2008 1 8 7 12
2008 1 8 8 15
2008 1 8 9 15
2008 1 8 10 6
2008 1 8 11 6
2008 1 8 12 9
2008 1 8 13 12
2008 1 8 14 14
2008 1 8 15 15
2008 1 8 16 12
2008 1 8 17 12
2008 1 8 18 12
2008 1 8 19 12
2008 1 8 20 12
2008 1 8 21 12
2008 1 8 22 12
2008 1 8 23 12
2008 1 9 0 12
2008 1 9 1 12
2008 1 9 2 15
2008 1 9 3 15
2008 1 9 4 15
2008 1 9 5 14
2008 1 9 6 10
2008 1 9 7 15
2008 1 9 8 15
2008 1 9 9 15
2008 1 9 10 15
2008 1 9 11 15
2008 1 9 12 15
2008 1 9 13 15
2008 1 9 14 15
2008 1 9 15 15
2008 1 9 16 15
2008 1 9 17 15
2008 1 9 18 15
2008 1 9 19 15
2008 1 9 20 15
2008 1 9 21 15
2008 1 9 22 15
2008 1 9 23 15
2008 1 10 0 12
2008 1 10 1 12
2008 1 10 2 12
2008 1 10 3 15
2008 1 10 4 15
2008 1 10 5 15
2008 1 10 6 15
2008 1 10 7 15
2008 1 10 8 15
2008 1 10 9 15
2008 1 10 10 15
2008 1 10 11 15
2008 1 10 12 15
2008 1 10 13 15
2008 1 10 14 15
2008 1 10 15 15
2008 1 10 16 15
2008 1 10 17 15
2008 1 10 18 15
2008 1 10 19 15
2008 1 10 20 15
2008 1 10 21 15
2008 1 10 22 15
2008 1 10 23 15
2008 1 11 0 15
2008 1 11 1 15
2008 1 11 2 15
2008 1 11 3 15
2008 1 11 4 15
2008 1 11 5 15
2008 1 11 6 15
2008 1 11 7 15
2008 1 11 8 15
2008 1 11 9 15
2008 1 11 10 15
2008 1 11 11 15
2008 1 11 12 15
2008 1 11 13 15
2008 1 11 14 15
2008 1 11 15 15
2008 1 11 16 15
2008 1 11 17 15
2008 1 11 18 15
2008 1 11 19 15
2008 1 11 20 15
2008 1 11 21 15
2008 1 11 22 15
2008 1 11 23 15
2008 1 12 0 15
2008 1 12 1 14
2008 1 12 2 13
2008 1 12 3 13
2008 1 12 4 13
2008 1 12 5 15
2008 1 12 6 15
2008 1 12 7 15
2008 1 12 8 15
2008 1 12 9 15
2008 1 12 10 15
2008 1 12 11 15
2008 1 12 12 15
2008 1 12 13 15
2008 1 12 14 15
2008 1 12 15 15
2008 1 12 16 15
2008 1 12 17 15
2008 1 12 18 15
2008 1 12 19 15
2008 1 12 20 15
2008 1 12 21 15
2008 1 12 22 15
2008 1 12 23 15
2008 1 13 0 15
2008 1 13 1 15
2008 1 13 2 15
2008 1 13 3 14
2008 1 13 4 15
2008 1 13 5 14
2008 1 13 6 15
2008 1 13 7 15
2008 1 13 8 15
2008 1 13 9 15
2008 1 13 10 15
2008 1 13 11 15
2008 1 13 12 15
2008 1 13 13 15
2008 1 13 14 15
2008 1 13 15 15
2008 1 13 16 15
2008 1 13 17 15
2008 1 13 18 15
2008 1 13 19 15
2008 1 13 20 15
2008 1 13 21 15
2008 1 13 22 15
2008 1 13 23 15
2008 1 14 0 15
2008 1 14 1 15
2008 1 14 2 15
2008 1 14 3 15
2008 1 14 4 15
2008 1 14 5 15
2008 1 14 6 15
2008 1 14 7 15
2008 1 14 8 15
2008 1 14 9 15
2008 1 14 10 15
2008 1 14 11 15
2008 1 14 12 15
2008 1 14 13 15
2008 1 14 14 15
2008 1 14 15 15
2008 1 14 16 15
2008 1 14 17 15
2008 1 14 18 15
2008 1 14 19 15
2008 1 14 20 15
2008 1 14 21 15
2008 1 14 22 15
2008 1 14 23 15
2008 1 15 0 15
2008 1 15 1 15
2008 1 15 2 13
2008 1 15 3 15
2008 1 15 4 15
2008 1 15 5 14
2008 1 15 6 15
2008 1 15 7 15
2008 1 15 8 15
2008 1 15 9 15
2008 1 15 10 15
2008 1 15 11 15
2008 1 15 12 15
2008 1 15 13 15
2008 1 15 14 15
2008 1 15 15 15
2008 1 15 16 15
2008 1 15 17 15
2008 1 15 18 15
2008 1 15 19 12
2008 1 15 20 12
2008 1 15 21 12
2008 1 15 22 15
2008 1 15 23 15
2008 1 16 0 15
2008 1 16 1 15
2008 1 16 2 15
2008 1 16 3 15
2008 1 16 4 15
2008 1 16 5 15
2008 1 16 6 15
2008 1 16 7 15
2008 1 16 8 15
2008 1 16 9 15
2008 1 16 10 15
2008 1 16 11 15
2008 1 16 12 15
2008 1 16 13 15
2008 1 16 14 15
2008 1 16 15 15
2008 1 16 16 15
2008 1 16 17 15
2008 1 16 18 15
2008 1 16 19 15
2008 1 16 20 15
2008 1 16 21 15
2008 1 16 22 15
2008 1 16 23 15
2008 1 17 0 15
2008 1 17 1 15
2008 1 17 2 15
2008 1 17 3 15
2008 1 17 4 15
2008 1 17 5 15
2008 1 17 6 15
2008 1 17 7 15
2008 1 17 8 15
2008 1 17 9 15
2008 1 17 10 15
2008 1 17 11 15
2008 1 17 12 15
2008 1 17 13 15
2008 1 17 14 15
2008 1 17 15 15
2008 1 17 16 15
2008 1 17 17 15
2008 1 17 18 15
2008 1 17 19 15
2008 1 17 20 15
2008 1 17 21 15
2008 1 17 22 15
2008 1 17 23 15
2008 1 18 0 15
2008 1 18 1 15
2008 1 18 2 15
2008 1 18 3 15
2008 1 18 4 15
2008 1 18 5 15
2008 1 18 6 15
2008 1 18 7 15
2008 1 18 8 15
2008 1 18 9 15
2008 1 18 10 15
2008 1 18 11 15
2008 1 18 12 15
2008 1 18 13 15
2008 1 18 14 15
2008 1 18 15 15
2008 1 18 16 15
2008 1 18 17 15
2008 1 18 18 15
2008 1 18 19 15
2008 1 18 20 15
2008 1 18 21 15
2008 1 18 22 15
2008 1 18 23 15
2008 1 19 0 15
2008 1 19 1 15
2008 1 19 2 15
2008 1 19 3 15
2008 1 19 4 15
2008 1 19 5 15
2008 1 19 6 15
2008 1 19 7 15
2008 1 19 8 15
2008 1 19 9 15
2008 1 19 10 15
2008 1 19 11 15
2008 1 19 12 15
2008 1 19 13 15
2008 1 19 14 15
2008 1 19 15 15
2008 1 19 16 15
2008 1 19 17 15
2008 1 19 18 15
2008 1 19 19 15
2008 1 19 20 15
2008 1 19 21 15
2008 1 19 22 15
2008 1 19 23 15
2008 1 20 0 15
2008 1 20 1 15
2008 1 20 2 15
2008 1 20 3 15
2008 1 20 4 15
2008 1 20 5 15
2008 1 20 6 15
2008 1 20 7 15
2008 1 20 8 15
2008 1 20 9 15
2008 1 20 10 15
2008 1 20 11 15
2008 1 20 12 15
2008 1 20 13 15
2008 1 20 14 15
2008 1 20 15 15
2008 1 20 16 15
2008 1 20 17 15
2008 1 20 18 15
2008 1 20 19 15
2008 1 20 20 15
2008 1 20 21 15
2008 1 20 22 15
2008 1 20 23 15
2008 1 21 0 15
2008 1 21 1 15
2008 1 21 2 15
2008 1 21 3 15
2008 1 21 4 13
2008 1 21 5 15
2008 1 21 6 15
2008 1 21 7 15
2008 1 21 8 15
2008 1 21 9 15
2008 1 21 10 15
2008 1 21 11 15
2008 1 21 12 15
2008 1 21 13 15
2008 1 21 14 15
2008 1 21 15 15
2008 1 21 16 15
2008 1 21 17 15
2008 1 21 18 15
2008 1 21 19 15
2008 1 21 20 15
2008 1 21 21 15
2008 1 21 22 15
2008 1 21 23 15
2008 1 22 0 15
2008 1 22 1 15
2008 1 22 2 13
2008 1 22 3 15
2008 1 22 4 15
2008 1 22 5 15
2008 1 22 6 15
2008 1 22 7 15
2008 1 22 8 15
2008 1 22 9 15
2008 1 22 10 15
2008 1 22 11 15
2008 1 22 12 15
2008 1 22 13 15
2008 1 22 14 15
2008 1 22 15 15
2008 1 22 16 15
2008 1 22 17 15
2008 1 22 18 15
2008 1 22 19 15
2008 1 22 20 15
2008 1 22 21 15
2008 1 22 22 15
2008 1 22 23 15
2008 1 23 0 15
2008 1 23 1 15
2008 1 23 2 15
2008 1 23 3 15
2008 1 23 4 15
2008 1 23 5 15
2008 1 23 6 15
2008 1 23 7 15
2008 1 23 8 15
2008 1 23 9 15
2008 1 23 10 15
2008 1 23 11 15
2008 1 23 12 15
2008 1 23 13 15
2008 1 23 14 15
2008 1 23 15 15
2008 1 23 16 15
2008 1 23 17 15
2008 1 23 18 15
2008 1 23 19 15
2008 1 23 20 15
2008 1 23 21 15
2008 1 23 22 15
2008 1 23 23 15
2008 1 24 0 15
2008 1 24 1 15
2008 1 24 2 15
2008 1 24 3 15
2008 1 24 4 15
2008 1 24 5 15
2008 1 24 6 15
2008 1 24 7 15
2008 1 24 8 15
2008 1 24 9 15
2008 1 24 10 15
2008 1 24 11 15
2008 1 24 12 15
2008 1 24 13 15
2008 1 24 14 15
2008 1 24 15 15
2008 1 24 16 15
2008 1 24 17 15
2008 1 24 18 15
2008 1 24 19 15
2008 1 24 20 15
2008 1 24 21 15
2008 1 24 22 15
2008 1 24 23 15
2008 1 25 0 15
2008 1 25 1 14
2008 1 25 2 15
2008 1 25 3 15
2008 1 25 4 15
2008 1 25 5 15
2008 1 25 6 15
2008 1 25 7 15
2008 1 25 8 15
2008 1 25 9 15
2008 1 25 10 15
2008 1 25 11 15
2008 1 25 12 15
2008 1 25 13 15
2008 1 25 14 15
2008 1 25 15 15
2008 1 25 16 15
2008 1 25 17 15
2008 1 25 18 15
2008 1 25 19 15
2008 1 25 20 15
2008 1 25 21 15
2008 1 25 22 15
2008 1 25 23 15
2008 1 26 0 15
2008 1 26 1 15
2008 1 26 2 15
2008 1 26 3 12
2008 1 26 4 12
2008 1 26 5 12
2008 1 26 6 12
2008 1 26 7 12
2008 1 26 8 12
2008 1 26 9 12
2008 1 26 10 12
2008 1 26 11 12
2008 1 26 12 12
2008 1 26 13 12
2008 1 26 14 12
2008 1 26 15 12
2008 1 26 16 12
2008 1 26 17 12
2008 1 26 18 12
2008 1 26 19 12
2008 1 26 20 12
2008 1 26 21 15
2008 1 26 22 15
2008 1 26 23 15
2008 1 27 0 15
2008 1 27 1 15
2008 1 27 2 15
2008 1 27 3 15
2008 1 27 4 15
2008 1 27 5 15
2008 1 27 6 15
2008 1 27 7 15
2008 1 27 8 15
2008 1 27 9 15
2008 1 27 10 15
2008 1 27 11 15
2008 1 27 12 15
2008 1 27 13 15
2008 1 27 14 15
2008 1 27 15 15
2008 1 27 16 15
2008 1 27 17 15
2008 1 27 18 15
2008 1 27 19 15
2008 1 27 20 15
2008 1 27 21 15
2008 1 27 22 15
2008 1 27 23 15
2008 1 28 0 15
2008 1 28 1 15
2008 1 28 2 15
2008 1 28 3 15
2008 1 28 4 15
2008 1 28 5 15
2008 1 28 6 15
2008 1 28 7 15
2008 1 28 8 15
2008 1 28 9 15
2008 1 28 10 15
2008 1 28 11 15
2008 1 28 12 15
2008 1 28 13 15
2008 1 28 14 15
2008 1 28 15 15
2008 1 28 16 15
2008 1 28 17 15
2008 1 28 18 15
2008 1 28 19 15
2008 1 28 20 15
2008 1 28 21 15
2008 1 28 22 15
2008 1 28 23 15
2008 1 29 0 15
2008 1 29 1 15
2008 1 29 2 15
2008 1 29 3 15
2008 1 29 4 15
2008 1 29 5 15
2008 1 29 6 15
2008 1 29 7 15
2008 1 29 8 15
2008 1 29 9 15
2008 1 29 10 15
2008 1 29 11 15
2008 1 29 12 15
2008 1 29 13 15
2008 1 29 14 15
2008 1 29 15 15
2008 1 29 16 15
2008 1 29 17 15
2008 1 29 18 15
2008 1 29 19 15
2008 1 29 20 15
2008 1 29 21 15
2008 1 29 22 15
2008 1 29 23 15
2008 1 30 0 15
2008 1 30 1 15
2008 1 30 2 15
2008 1 30 3 15
2008 1 30 4 15
2008 1 30 5 15
2008 1 30 6 15
2008 1 30 7 15
2008 1 30 8 15
2008 1 30 9 15
2008 1 30 10 15
2008 1 30 11 15
2008 1 30 12 15
2008 1 30 13 15
2008 1 30 14 15
2008 1 30 15 15
2008 1 30 16 15
2008 1 30 17 15
2008 1 30 18 15
2008 1 30 19 15
2008 1 30 20 15
2008 1 30 21 15
2008 1 30 22 15
2008 1 30 23 15
2008 1 31 0 15
2008 1 31 1 15
2008 1 31 2 15
2008 1 31 3 15
2008 1 31 4 12
2008 1 31 5 12
2008 1 31 6 12
2008 1 31 7 12
2008 1 31 8 12
2008 1 31 9 12
2008 1 31 10 12
2008 1 31 11 12
2008 1 31 12 12
2008 1 31 13 12
2008 1 31 14 12
2008 1 31 15 12
2008 1 31 16 13
2008 1 31 17 15
2008 1 31 18 15
2008 1 31 19 15
2008 1 31 20 14
2008 1 31 21 15
2008 1 31 22 15
2008 1 31 23 15
