2010 1 1 0 12
2010 1 1 1 12
2010 1 1 2 12
2010 1 1 3 12
2010 1 1 4 12
2010 1 1 5 12
2010 1 1 6 12
2010 1 1 7 12
2010 1 1 8 12
2010 1 1 9 12
2010 1 1 10 12
2010 1 1 11 12
2010 1 1 12 10
2010 1 1 13 12
2010 1 1 14 12
2010 1 1 15 10
2010 1 1 16 11
2010 1 1 17 12
2010 1 1 18 12
2010 1 1 19 12
2010 1 1 20 12
2010 1 1 21 12
2010 1 1 22 12
2010 1 1 23 12
2010 1 2 0 12
2010 1 2 1 12
2010 1 2 2 12
2010 1 2 3 12
2010 1 2 4 12
2010 1 2 5 12
2010 1 2 6 12
2010 1 2 7 12
2010 1 2 8 12
2010 1 2 9 12
2010 1 2 10 12
2010 1 2 11 10
2010 1 2 12 12
2010 1 2 13 12
2010 1 2 14 12
2010 1 2 15 12
2010 1 2 16 12
2010 1 2 17 12
2010 1 2 18 12
2010 1 2 19 12
2010 1 2 20 12
2010 1 2 21 12
2010 1 2 22 12
2010 1 2 23 12
2010 1 3 0 12
2010 1 3 1 12
2010 1 3 2 12
2010 1 3 3 12
2010 1 3 4 12
2010 1 3 5 12
2010 1 3 6 12
2010 1 3 7 12
2010 1 3 8 12
2010 1 3 9 12
2010 1 3 10 12
2010 1 3 11 12
2010 1 3 12 12
2010 1 3 13 12
2010 1 3 14 12
2010 1 3 15 12
2010 1 3 16 12
2010 1 3 17 12
2010 1 3 18 12
2010 1 3 19 12
2010 1 3 20 12
2010 1 3 21 12
2010 1 3 22 12
2010 1 3 23 12
2010 1 4 0 12
2010 1 4 1 12
2010 1 4 2 12
2010 1 4 3 12
2010 1 4 4 12
2010 1 4 5 12
2010 1 4 6 11
2010 1 4 7 11
2010 1 4 8 11
2010 1 4 9 12
2010 1 4 10 12
2010 1 4 11 12
2010 1 4 12 12
2010 1 4 13 12
2010 1 4 14 12
2010 1 4 15 12
2010 1 4 16 12
2010 1 4 17 12
2010 1 4 18 12
2010 1 4 19 12
2010 1 4 20 12
2010 1 4 21 12
2010 1 4 22 12
2010 1 4 23 12
2010 1 5 0 12
2010 1 5 1 6
2010 1 5 2 12
2010 1 5 3 12
2010 1 5 4 12
2010 1 5 5 12
2010 1 5 6 12
2010 1 5 7 12
2010 1 5 8 12
2010 1 5 9 12
2010 1 5 10 12
2010 1 5 11 12
2010 1 5 12 12
2010 1 5 13 12
2010 1 5 14 12
2010 1 5 15 12
2010 1 5 16 12
2010 1 5 17 12
2010 1 5 18 11
2010 1 5 19 11
2010 1 5 20 11
2010 1 5 21 11
2010 1 5 22 11
2010 1 5 23 11
2010 1 6 0 12
2010 1 6 1 12
2010 1 6 2 12
2010 1 6 3 12
2010 1 6 4 12
2010 1 6 5 11
2010 1 6 6 12
2010 1 6 7 12
2010 1 6 8 12
2010 1 6 9 12
2010 1 6 10 12
2010 1 6 11 12
2010 1 6 12 12
2010 1 6 13 12
2010 1 6 14 11
2010 1 6 15 11
2010 1 6 16 11
2010 1 6 17 11
2010 1 6 18 9
2010 1 6 19 11
2010 1 6 20 11
2010 1 6 21 11
2010 1 6 22 12
2010 1 6 23 12
2010 1 7 0 12
2010 1 7 1 12
2010 1 7 2 12
2010 1 7 3 12
2010 1 7 4 12
2010 1 7 5 12
2010 1 7 6 12
2010 1 7 7 12
2010 1 7 8 12
2010 1 7 9 12
2010 1 7 10 12
2010 1 7 11 12
2010 1 7 12 12
2010 1 7 13 12
2010 1 7 14 12
2010 1 7 15 12
2010 1 7 16 12
2010 1 7 17 12
2010 1 7 18 12
2010 1 7 19 12
2010 1 7 20 12
2010 1 7 21 12
2010 1 7 22 12
2010 1 7 23 12
2010 1 8 0 12
2010 1 8 1 12
2010 1 8 2 12
2010 1 8 3 12
2010 1 8 4 12
2010 1 8 5 12
2010 1 8 6 12
2010 1 8 7 12
2010 1 8 8 12
2010 1 8 9 12
2010 1 8 10 12
2010 1 8 11 12
2010 1 8 12 12
2010 1 8 13 12
2010 1 8 14 12
2010 1 8 15 12
2010 1 8 16 12
2010 1 8 17 12
2010 1 8 18 12
2010 1 8 19 12
2010 1 8 20 12
2010 1 8 21 12
2010 1 8 22 12
2010 1 8 23 12
2010 1 9 0 12
2010 1 9 1 12
2010 1 9 2 12
2010 1 9 3 12
2010 1 9 4 11
2010 1 9 5 11
2010 1 9 6 11
2010 1 9 7 11
2010 1 9 8 12
2010 1 9 9 12
2010 1 9 10 10
2010 1 9 11 10
2010 1 9 12 12
2010 1 9 13 12
2010 1 9 14 12
2010 1 9 15 12
2010 1 9 16 11
2010 1 9 17 12
2010 1 9 18 12
2010 1 9 19 12
2010 1 9 20 12
2010 1 9 21 12
2010 1 9 22 12
2010 1 9 23 12
2010 1 10 0 12
2010 1 10 1 12
2010 1 10 2 12
2010 1 10 3 11
2010 1 10 4 12
2010 1 10 5 11
2010 1 10 6 11
2010 1 10 7 12
2010 1 10 8 12
2010 1 10 9 12
2010 1 10 10 12
2010 1 10 11 12
2010 1 10 12 11
2010 1 10 13 11
2010 1 10 14 11
2010 1 10 15 11
2010 1 10 16 12
2010 1 10 17 12
2010 1 10 18 12
2010 1 10 19 12
2010 1 10 20 11
2010 1 10 21 11
2010 1 10 22 11
2010 1 10 23 12
2010 1 11 0 12
2010 1 11 1 11
2010 1 11 2 12
2010 1 11 3 12
2010 1 11 4 11
2010 1 11 5 11
2010 1 11 6 11
2010 1 11 7 11
2010 1 11 8 11
2010 1 11 9 11
2010 1 11 10 11
2010 1 11 11 11
2010 1 11 12 11
2010 1 11 13 11
2010 1 11 14 11
2010 1 11 15 11
2010 1 11 16 11
2010 1 11 17 11
2010 1 11 18 11
2010 1 11 19 11
2010 1 11 20 11
2010 1 11 21 10
2010 1 11 22 10
2010 1 11 23 11
2010 1 12 0 11
2010 1 12 1 11
2010 1 12 2 11
2010 1 12 3 10
2010 1 12 4 10
2010 1 12 5 11
2010 1 12 6 11
2010 1 12 7 10
2010 1 12 8 11
2010 1 12 9 11
2010 1 12 10 9
2010 1 12 11 11
2010 1 12 12 11
2010 1 12 13 11
2010 1 12 14 11
2010 1 12 15 11
2010 1 12 16 11
2010 1 12 17 11
2010 1 12 18 11
2010 1 12 19 11
2010 1 12 20 11
2010 1 12 21 11
2010 1 12 22 11
2010 1 12 23 9
2010 1 13 0 10
2010 1 13 1 9
2010 1 13 2 9
2010 1 13 3 6
2010 1 13 4 7
2010 1 13 5 6
2010 1 13 6 10
2010 1 13 7 11
2010 1 13 8 11
2010 1 13 9 11
2010 1 13 10 9
2010 1 13 11 9
2010 1 13 12 11
2010 1 13 13 11
2010 1 13 14 11
2010 1 13 15 11
2010 1 13 16 11
2010 1 13 17 11
2010 1 13 18 11
2010 1 13 19 11
2010 1 13 20 11
2010 1 13 21 12
2010 1 13 22 11
2010 1 13 23 12
2010 1 14 0 11
2010 1 14 1 11
2010 1 14 2 12
2010 1 14 3 12
2010 1 14 4 12
2010 1 14 5 12
2010 1 14 6 12
2010 1 14 7 12
2010 1 14 8 12
2010 1 14 9 12
2010 1 14 10 12
2010 1 14 11 12
2010 1 14 12 12
2010 1 14 13 12
2010 1 14 14 12
2010 1 14 15 12
2010 1 14 16 12
2010 1 14 17 12
2010 1 14 18 6
2010 1 14 19 12
2010 1 14 20 12
2010 1 14 21 12
2010 1 14 22 12
2010 1 14 23 12
2010 1 15 0 12
2010 1 15 1 12
2010 1 15 2 12
2010 1 15 3 12
2010 1 15 4 12
2010 1 15 5 12
2010 1 15 6 12
2010 1 15 7 12
2010 1 15 8 12
2010 1 15 9 12
2010 1 15 10 12
2010 1 15 11 12
2010 1 15 0 12
2010 1 15 1 12
2010 1 15 2 12
2010 1 15 3 12
2010 1 15 4 12
2010 1 15 5 12
2010 1 15 6 12
2010 1 15 7 12
2010 1 15 8 12
2010 1 15 9 12
2010 1 15 10 12
2010 1 15 11 12
2010 1 15 12 12
2010 1 15 13 12
2010 1 15 14 12
2010 1 15 15 12
2010 1 15 16 12
2010 1 15 17 12
2010 1 15 18 12
2010 1 15 19 12
2010 1 15 20 12
2010 1 15 21 12
2010 1 15 22 12
2010 1 15 23 12
2010 1 16 0 12
2010 1 16 1 12
2010 1 16 2 12
2010 1 16 3 12
2010 1 16 4 12
2010 1 16 5 12
2010 1 16 6 12
2010 1 16 7 12
2010 1 16 8 12
2010 1 16 9 12
2010 1 16 10 10
2010 1 16 11 12
2010 1 16 12 12
2010 1 16 13 12
2010 1 16 14 12
2010 1 16 15 12
2010 1 16 16 12
2010 1 16 17 12
2010 1 16 18 12
2010 1 16 19 12
2010 1 16 20 12
2010 1 16 21 12
2010 1 16 22 12
2010 1 16 23 12
2010 1 17 0 12
2010 1 17 1 12
2010 1 17 2 12
2010 1 17 3 12
2010 1 17 4 12
2010 1 17 5 12
2010 1 17 6 12
2010 1 17 7 12
2010 1 17 8 12
2010 1 17 9 12
2010 1 17 10 12
2010 1 17 11 12
2010 1 17 12 12
2010 1 17 13 12
2010 1 17 14 12
2010 1 17 15 12
2010 1 17 16 12
2010 1 17 17 12
2010 1 17 18 9
2010 1 17 19 11
2010 1 17 20 8
2010 1 17 21 8
2010 1 17 22 9
2010 1 17 23 6
2010 1 18 0 6
2010 1 18 1 7
2010 1 18 2 8
2010 1 18 3 8
2010 1 18 4 11
2010 1 18 5 12
2010 1 18 6 11
2010 1 18 7 9
2010 1 18 8 9
2010 1 18 9 9
2010 1 18 10 9
2010 1 18 11 8
2010 1 18 12 8
2010 1 18 13 8
2010 1 18 14 8
2010 1 18 15 8
2010 1 18 16 6
2010 1 18 17 6
2010 1 18 18 3
2010 1 18 19 3
2010 1 18 20 3
2010 1 18 21 3
2010 1 18 22 3
2010 1 18 23 3
2010 1 19 0 3
2010 1 19 1 3
2010 1 19 2 3
2010 1 19 3 5
2010 1 19 4 6
2010 1 19 5 8
2010 1 19 6 8
2010 1 19 7 11
2010 1 19 8 10
2010 1 19 9 7
2010 1 19 10 6
2010 1 19 11 3
2010 1 19 12 3
2010 1 19 13 3
2010 1 19 14 3
2010 1 19 15 3
2010 1 19 16 3
2010 1 19 17 3
2010 1 19 18 5
2010 1 19 19 3
2010 1 19 20 8
2010 1 19 21 8
2010 1 19 22 7
2010 1 19 23 6
2010 1 20 0 3
2010 1 20 1 3
2010 1 20 2 3
2010 1 20 3 6
2010 1 20 4 6
2010 1 20 5 8
2010 1 20 6 8
2010 1 20 7 9
2010 1 20 8 9
2010 1 20 9 9
2010 1 20 10 6
2010 1 20 11 6
2010 1 20 12 6
2010 1 20 13 6
2010 1 20 14 7
2010 1 20 15 7
2010 1 20 16 7
2010 1 20 17 7
2010 1 20 18 7
2010 1 20 19 7
2010 1 20 20 6
2010 1 20 21 6
2010 1 20 22 6
2010 1 20 23 6
2010 1 21 0 6
2010 1 21 1 7
2010 1 21 2 5
2010 1 21 3 6
2010 1 21 4 7
2010 1 21 5 6
2010 1 21 6 6
2010 1 21 7 6
2010 1 21 8 7
2010 1 21 9 8
2010 1 21 10 8
2010 1 21 11 9
2010 1 21 12 9
2010 1 21 13 9
2010 1 21 14 9
2010 1 21 15 9
2010 1 21 16 9
2010 1 21 17 9
2010 1 21 18 9
2010 1 21 19 6
2010 1 21 20 6
2010 1 21 21 6
2010 1 21 22 9
2010 1 21 23 9
2010 1 22 0 10
2010 1 22 1 12
2010 1 22 2 10
2010 1 22 3 12
2010 1 22 4 12
2010 1 22 5 12
2010 1 22 6 12
2010 1 22 7 12
2010 1 22 8 12
2010 1 22 9 12
2010 1 22 10 12
2010 1 22 11 12
2010 1 22 12 12
2010 1 22 13 12
2010 1 22 14 6
2010 1 22 15 11
2010 1 22 16 10
2010 1 22 17 11
2010 1 22 18 9
2010 1 22 19 12
2010 1 22 20 11
2010 1 22 21 11
2010 1 22 22 11
2010 1 22 23 11
2010 1 23 0 9
2010 1 23 1 9
2010 1 23 2 11
2010 1 23 3 12
2010 1 23 4 11
2010 1 23 5 12
2010 1 23 6 11
2010 1 23 7 9
2010 1 23 8 10
2010 1 23 9 11
2010 1 23 10 11
2010 1 23 11 9
2010 1 23 12 9
2010 1 23 13 9
2010 1 23 14 11
2010 1 23 15 11
2010 1 23 16 11
2010 1 23 17 11
2010 1 23 18 11
2010 1 23 19 11
2010 1 23 20 11
2010 1 23 21 11
2010 1 23 22 12
2010 1 23 23 12
2010 1 24 0 12
2010 1 24 1 12
2010 1 24 2 12
2010 1 24 3 12
2010 1 24 4 12
2010 1 24 5 12
2010 1 24 6 12
2010 1 24 7 12
2010 1 24 8 12
2010 1 24 9 12
2010 1 24 10 12
2010 1 24 11 11
2010 1 24 12 11
2010 1 24 13 11
2010 1 24 14 8
2010 1 24 15 10
2010 1 24 16 10
2010 1 24 17 10
2010 1 24 18 10
2010 1 24 19 8
2010 1 24 20 9
2010 1 24 21 8
2010 1 24 22 8
2010 1 24 23 5
2010 1 25 0 5
2010 1 25 1 4
2010 1 25 2 6
2010 1 25 3 5
2010 1 25 4 5
2010 1 25 5 6
2010 1 25 6 5
2010 1 25 7 5
2010 1 25 8 5
2010 1 25 9 6
2010 1 25 10 6
2010 1 25 11 6
2010 1 25 12 7
2010 1 25 13 8
2010 1 25 14 9
2010 1 25 15 9
2010 1 25 16 9
2010 1 25 17 8
2010 1 25 18 9
2010 1 25 19 6
2010 1 25 20 5
2010 1 25 21 6
2010 1 25 22 5
2010 1 25 23 5
2010 1 26 0 5
2010 1 26 1 6
2010 1 26 2 8
2010 1 26 3 9
2010 1 26 4 8
2010 1 26 5 9
2010 1 26 6 9
2010 1 26 7 9
2010 1 26 8 6
2010 1 26 9 6
2010 1 26 10 9
2010 1 26 11 8
2010 1 26 12 9
2010 1 26 13 9
2010 1 26 14 9
2010 1 26 15 9
2010 1 26 16 9
2010 1 26 17 9
2010 1 26 18 9
2010 1 26 19 3
2010 1 26 20 9
2010 1 26 21 12
2010 1 26 22 12
2010 1 26 23 12
2010 1 27 0 12
2010 1 27 1 12
2010 1 27 2 12
2010 1 27 3 12
2010 1 27 4 12
2010 1 27 5 12
2010 1 27 6 12
2010 1 27 7 12
2010 1 27 8 12
2010 1 27 9 12
2010 1 27 10 12
2010 1 27 11 12
2010 1 27 12 12
2010 1 27 13 12
2010 1 27 14 12
2010 1 27 15 12
2010 1 27 16 12
2010 1 27 17 12
2010 1 27 18 12
2010 1 27 19 6
2010 1 27 20 6
2010 1 27 21 12
2010 1 27 22 12
2010 1 27 23 12
2010 1 28 0 12
2010 1 28 1 12
2010 1 28 2 12
2010 1 28 3 12
2010 1 28 4 12
2010 1 28 5 12
2010 1 28 6 12
2010 1 28 7 12
2010 1 28 8 9
2010 1 28 9 9
2010 1 28 10 9
2010 1 28 11 9
2010 1 28 12 9
2010 1 28 13 9
2010 1 28 14 9
2010 1 28 15 9
2010 1 28 16 9
2010 1 28 17 3
2010 1 28 18 9
2010 1 28 19 9
2010 1 28 20 9
2010 1 28 21 9
2010 1 28 22 9
2010 1 28 23 9
2010 1 29 0 9
2010 1 29 1 9
2010 1 29 2 9
2010 1 29 3 9
2010 1 29 4 9
2010 1 29 5 9
2010 1 29 6 9
2010 1 29 7 9
2010 1 29 8 9
2010 1 29 9 9
2010 1 29 10 9
2010 1 29 11 9
2010 1 29 12 9
2010 1 29 13 9
2010 1 29 14 9
2010 1 29 15 9
2010 1 29 16 9
2010 1 29 17 9
2010 1 29 18 9
2010 1 29 19 9
2010 1 29 20 9
2010 1 29 21 9
2010 1 29 22 9
2010 1 29 23 9
2010 1 30 0 9
2010 1 30 1 9
2010 1 30 2 9
2010 1 30 3 9
2010 1 30 4 9
2010 1 30 5 9
2010 1 30 6 9
2010 1 30 7 9
2010 1 30 8 9
2010 1 30 9 9
2010 1 30 10 9
2010 1 30 11 9
2010 1 30 12 9
2010 1 30 13 9
2010 1 30 14 9
2010 1 30 15 9
2010 1 30 16 8
2010 1 30 17 8
2010 1 30 18 9
2010 1 30 19 9
2010 1 30 20 9
2010 1 30 21 9
2010 1 30 22 9
2010 1 30 23 9
2010 1 31 0 9
2010 1 31 1 9
2010 1 31 2 9
2010 1 31 3 9
2010 1 31 4 9
2010 1 31 5 9
2010 1 31 6 9
2010 1 31 7 9
2010 1 31 8 9
2010 1 31 9 9
2010 1 31 10 9
2010 1 31 11 9
2010 1 31 12 9
2010 1 31 13 9
2010 1 31 14 9
2010 1 31 15 9
2010 1 31 16 9
2010 1 31 17 9
2010 1 31 18 9
2010 1 31 19 9
2010 1 31 20 9
2010 1 31 21 9
2010 1 31 22 9
2010 1 31 23 9
2008 1 1 0 12
2008 1 1 1 12
2008 1 1 2 12
2008 1 1 3 12
2008 1 1 4 12
2008 1 1 5 12
2008 1 1 6 12
2008 1 1 7 12
2008 1 1 8 12
2008 1 1 9 12
2008 1 1 10 12
2008 1 1 11 12
2008 1 1 12 12
2008 1 1 13 12
2008 1 1 14 11
2008 1 1 15 12
2008 1 1 16 12
2008 1 1 17 12
2008 1 1 18 12
2008 1 1 19 12
2008 1 1 20 12
2008 1 1 21 12
2008 1 1 22 12
2008 1 1 23 11
2008 1 2 0 12
2008 1 2 1 12
2008 1 2 2 12
2008 1 2 3 12
2008 1 2 4 12
2008 1 2 5 12
2008 1 2 6 12
2008 1 2 7 12
2008 1 2 8 12
2008 1 2 9 12
2008 1 2 10 12
2008 1 2 11 6
2008 1 2 12 12
2008 1 2 13 11
2008 1 2 14 11
2008 1 2 15 12
2008 1 2 16 12
2008 1 2 17 12
2008 1 2 18 12
2008 1 2 19 12
2008 1 2 20 12
2008 1 2 21 12
2008 1 2 22 12
2008 1 2 23 12
2008 1 3 0 12
2008 1 3 1 12
2008 1 3 2 12
2008 1 3 3 12
2008 1 3 4 11
2008 1 3 5 12
2008 1 3 6 10
2008 1 3 7 10
2008 1 3 8 10
2008 1 3 9 10
2008 1 3 10 10
2008 1 3 11 10
2008 1 3 12 10
2008 1 3 13 10
2008 1 3 14 10
2008 1 3 15 7
2008 1 3 16 7
2008 1 3 17 4
2008 1 3 18 3
2008 1 3 19 6
2008 1 3 20 6
2008 1 3 21 7
2008 1 3 22 9
2008 1 3 23 8
2008 1 4 0 8
2008 1 4 1 7
2008 1 4 2 7
2008 1 4 3 6
2008 1 4 4 7
2008 1 4 5 7
2008 1 4 6 7
2008 1 4 7 7
2008 1 4 8 7
2008 1 4 9 7
2008 1 4 10 7
2008 1 4 11 6
2008 1 4 12 6
2008 1 4 13 6
2008 1 4 14 6
2008 1 4 15 6
2008 1 4 16 6
2008 1 4 17 6
2008 1 4 18 6
2008 1 4 19 6
2008 1 4 20 7
2008 1 4 21 6
2008 1 4 22 6
2008 1 4 23 6
2008 1 5 0 6
2008 1 5 1 9
2008 1 5 2 8
2008 1 5 3 8
2008 1 5 4 8
2008 1 5 5 9
2008 1 5 6 9
2008 1 5 7 12
2008 1 5 8 12
2008 1 5 9 12
2008 1 5 10 12
2008 1 5 11 12
2008 1 5 12 12
2008 1 5 13 12
2008 1 5 14 12
2008 1 5 15 12
2008 1 5 16 12
2008 1 5 17 12
2008 1 5 18 12
2008 1 5 19 12
2008 1 5 20 8
2008 1 5 21 12
2008 1 5 22 9
2008 1 5 23 9
2008 1 6 0 10
2008 1 6 1 12
2008 1 6 2 12
2008 1 6 3 12
2008 1 6 4 12
2008 1 6 5 12
2008 1 6 6 12
2008 1 6 7 12
2008 1 6 8 12
2008 1 6 9 12
2008 1 6 10 12
2008 1 6 11 12
2008 1 6 12 12
2008 1 6 13 12
2008 1 6 14 12
2008 1 6 15 12
2008 1 6 16 12
2008 1 6 17 11
2008 1 6 18 6
2008 1 6 19 11
2008 1 6 20 12
2008 1 6 21 12
2008 1 6 22 12
2008 1 6 23 12
2008 1 7 0 12
2008 1 7 1 12
2008 1 7 2 11
2008 1 7 3 12
2008 1 7 4 12
2008 1 7 5 12
2008 1 7 6 12
2008 1 7 7 12
2008 1 7 8 12
2008 1 7 9 12
2008 1 7 10 8
2008 1 7 11 12
2008 1 7 12 12
2008 1 7 13 12
2008 1 7 14 12
2008 1 7 15 11
2008 1 7 16 9
2008 1 7 17 6
2008 1 7 18 9
2008 1 7 19 12
2008 1 7 20 11
2008 1 7 21 12
2008 1 7 22 12
2008 1 7 23 12
2008 1 8 0 12
2008 1 8 1 12
2008 1 8 2 12
2008 1 8 3 12
2008 1 8 4 12
2008 1 8 5 11
2008 1 8 6 11
2008 1 8 7 9
2008 1 8 8 12
2008 1 8 9 12
2008 1 8 10 7
2008 1 8 11 7
2008 1 8 12 6
2008 1 8 13 6
2008 1 8 14 7
2008 1 8 15 6
2008 1 8 16 3
2008 1 8 17 6
2008 1 8 18 6
2008 1 8 19 6
2008 1 8 20 6
2008 1 8 21 6
2008 1 8 22 6
2008 1 8 23 7
2008 1 9 0 7
2008 1 9 1 9
2008 1 9 2 10
2008 1 9 3 12
2008 1 9 4 12
2008 1 9 5 12
2008 1 9 6 12
2008 1 9 7 12
2008 1 9 8 9
2008 1 9 9 9
2008 1 9 10 12
2008 1 9 11 11
2008 1 9 12 9
2008 1 9 13 9
2008 1 9 14 9
2008 1 9 15 9
2008 1 9 16 9
2008 1 9 17 10
2008 1 9 18 12
2008 1 9 19 9
2008 1 9 20 6
2008 1 9 21 10
2008 1 9 22 8
2008 1 9 23 10
2008 1 10 0 6
2008 1 10 1 5
2008 1 10 2 6
2008 1 10 3 6
2008 1 10 4 6
2008 1 10 5 7
2008 1 10 6 7
2008 1 10 7 7
2008 1 10 8 7
2008 1 10 9 7
2008 1 10 10 6
2008 1 10 11 7
2008 1 10 12 7
2008 1 10 13 7
2008 1 10 14 8
2008 1 10 15 7
2008 1 10 16 11
2008 1 10 17 12
2008 1 10 18 9
2008 1 10 19 12
2008 1 10 20 12
2008 1 10 21 10
2008 1 10 22 12
2008 1 10 23 12
2008 1 11 0 12
2008 1 11 1 9
2008 1 11 2 6
2008 1 11 3 9
2008 1 11 4 9
2008 1 11 5 9
2008 1 11 6 9
2008 1 11 7 9
2008 1 11 8 9
2008 1 11 9 9
2008 1 11 10 9
2008 1 11 11 9
2008 1 11 12 9
2008 1 11 13 9
2008 1 11 14 9
2008 1 11 15 9
2008 1 11 16 9
2008 1 11 17 9
2008 1 11 18 9
2008 1 11 19 9
2008 1 11 20 9
2008 1 11 21 7
2008 1 11 22 9
2008 1 11 23 9
2008 1 12 0 9
2008 1 12 1 9
2008 1 12 2 9
2008 1 12 3 9
2008 1 12 4 9
2008 1 12 5 9
2008 1 12 6 9
2008 1 12 7 9
2008 1 12 8 9
2008 1 12 9 9
2008 1 12 10 7
2008 1 12 11 9
2008 1 12 12 7
2008 1 12 13 8
2008 1 12 14 9
2008 1 12 15 9
2008 1 12 16 9
2008 1 12 17 9
2008 1 12 18 9
2008 1 12 19 9
2008 1 12 20 9
2008 1 12 21 9
2008 1 12 22 9
2008 1 12 23 9
2008 1 13 0 9
2008 1 13 1 9
2008 1 13 2 9
2008 1 13 3 9
2008 1 13 4 9
2008 1 13 5 8
2008 1 13 6 9
2008 1 13 7 9
2008 1 13 8 9
2008 1 13 9 9
2008 1 13 10 9
2008 1 13 11 9
2008 1 13 12 9
2008 1 13 13 9
2008 1 13 14 9
2008 1 13 15 9
2008 1 13 16 9
2008 1 13 17 8
2008 1 13 18 9
2008 1 13 19 9
2008 1 13 20 9
2008 1 13 21 9
2008 1 13 22 9
2008 1 13 23 9
2008 1 14 0 9
2008 1 14 1 9
2008 1 14 2 7
2008 1 14 3 9
2008 1 14 4 9
2008 1 14 5 9
2008 1 14 6 9
2008 1 14 7 9
2008 1 14 8 9
2008 1 14 9 9
2008 1 14 10 9
2008 1 14 11 9
2008 1 14 12 9
2008 1 14 13 9
2008 1 14 14 9
2008 1 14 15 9
2008 1 14 16 9
2008 1 14 17 9
2008 1 14 18 9
2008 1 14 19 9
2008 1 14 20 9
2008 1 14 21 9
2008 1 14 22 9
2008 1 14 23 8
2008 1 15 0 9
2008 1 15 1 9
2008 1 15 2 9
2008 1 15 3 9
2008 1 15 4 9
2008 1 15 5 9
2008 1 15 6 9
2008 1 15 7 9
2008 1 15 8 9
2008 1 15 9 9
2008 1 15 10 9
2008 1 15 11 9
2008 1 15 12 8
2008 1 15 13 8
2008 1 15 14 8
2008 1 15 15 8
2008 1 15 16 9
2008 1 15 17 9
2008 1 15 18 9
2008 1 15 19 6
2008 1 15 20 7
2008 1 15 21 7
2008 1 15 22 9
2008 1 15 23 9
2008 1 16 0 9
2008 1 16 1 9
2008 1 16 2 9
2008 1 16 3 7
2008 1 16 4 7
2008 1 16 5 7
2008 1 16 6 9
2008 1 16 7 9
2008 1 16 8 9
2008 1 16 9 9
2008 1 16 10 9
2008 1 16 11 9
2008 1 16 12 9
2008 1 16 13 8
2008 1 16 14 9
2008 1 16 15 9
2008 1 16 16 9
2008 1 16 17 9
2008 1 16 18 9
2008 1 16 19 9
2008 1 16 20 9
2008 1 16 21 9
2008 1 16 22 9
2008 1 16 23 9
2008 1 17 0 9
2008 1 17 1 9
2008 1 17 2 9
2008 1 17 3 9
2008 1 17 4 9
2008 1 17 5 9
2008 1 17 6 9
2008 1 17 7 9
2008 1 17 8 9
2008 1 17 9 9
2008 1 17 10 9
2008 1 17 11 9
2008 1 17 12 9
2008 1 17 13 9
2008 1 17 14 9
2008 1 17 15 9
2008 1 17 16 9
2008 1 17 17 9
2008 1 17 18 9
2008 1 17 19 9
2008 1 17 20 9
2008 1 17 21 9
2008 1 17 22 6
2008 1 17 23 12
2008 1 18 0 12
2008 1 18 1 10
2008 1 18 2 10
2008 1 18 3 11
2008 1 18 4 12
2008 1 18 5 12
2008 1 18 6 12
2008 1 18 7 12
2008 1 18 8 12
2008 1 18 9 12
2008 1 18 10 12
2008 1 18 11 12
2008 1 18 12 12
2008 1 18 13 12
2008 1 18 14 12
2008 1 18 15 12
2008 1 18 16 6
2008 1 18 17 12
2008 1 18 18 6
2008 1 18 19 12
2008 1 18 20 12
2008 1 18 21 12
2008 1 18 22 12
2008 1 18 23 12
2008 1 19 0 12
2008 1 19 1 12
2008 1 19 2 11
2008 1 19 3 12
2008 1 19 4 11
2008 1 19 5 12
2008 1 19 6 12
2008 1 19 7 12
2008 1 19 8 12
2008 1 19 9 12
2008 1 19 10 12
2008 1 19 11 12
2008 1 19 12 12
2008 1 19 13 12
2008 1 19 14 12
2008 1 19 15 12
2008 1 19 16 12
2008 1 19 17 12
2008 1 19 18 12
2008 1 19 19 12
2008 1 19 20 12
2008 1 19 21 12
2008 1 19 22 12
2008 1 19 23 12
2008 1 20 0 12
2008 1 20 1 12
2008 1 20 2 12
2008 1 20 3 9
2008 1 20 4 8
2008 1 20 5 9
2008 1 20 6 12
2008 1 20 7 12
2008 1 20 8 12
2008 1 20 9 12
2008 1 20 10 12
2008 1 20 11 12
2008 1 20 12 12
2008 1 20 13 12
2008 1 20 14 12
2008 1 20 15 12
2008 1 20 16 12
2008 1 20 17 12
2008 1 20 18 10
2008 1 20 19 12
2008 1 20 20 12
2008 1 20 21 12
2008 1 20 22 12
2008 1 20 23 12
2008 1 21 0 12
2008 1 21 1 12
2008 1 21 2 12
2008 1 21 3 12
2008 1 21 4 12
2008 1 21 5 12
2008 1 21 6 12
2008 1 21 7 12
2008 1 21 8 12
2008 1 21 9 12
2008 1 21 10 12
2008 1 21 11 12
2008 1 21 12 12
2008 1 21 13 12
2008 1 21 14 12
2008 1 21 15 10
2008 1 21 16 9
2008 1 21 17 12
2008 1 21 18 12
2008 1 21 19 12
2008 1 21 20 9
2008 1 21 21 12
2008 1 21 22 12
2008 1 21 23 12
2008 1 22 0 12
2008 1 22 1 12
2008 1 22 2 12
2008 1 22 3 12
2008 1 22 4 12
2008 1 22 5 12
2008 1 22 6 12
2008 1 22 7 12
2008 1 22 8 12
2008 1 22 9 12
2008 1 22 10 12
2008 1 22 11 12
2008 1 22 12 10
2008 1 22 13 12
2008 1 22 14 12
2008 1 22 15 12
2008 1 22 16 12
2008 1 22 17 12
2008 1 22 18 12
2008 1 22 19 12
2008 1 22 20 12
2008 1 22 21 11
2008 1 22 22 12
2008 1 22 23 12
2008 1 23 0 12
2008 1 23 1 12
2008 1 23 2 12
2008 1 23 3 12
2008 1 23 4 12
2008 1 23 5 12
2008 1 23 6 12
2008 1 23 7 12
2008 1 23 8 12
2008 1 23 9 12
2008 1 23 10 12
2008 1 23 11 12
2008 1 23 12 12
2008 1 23 13 12
2008 1 23 14 12
2008 1 23 15 12
2008 1 23 16 12
2008 1 23 17 11
2008 1 23 18 12
2008 1 23 19 12
2008 1 23 20 11
2008 1 23 21 12
2008 1 23 22 12
2008 1 23 23 12
2008 1 24 0 12
2008 1 24 1 12
2008 1 24 2 12
2008 1 24 3 12
2008 1 24 4 12
2008 1 24 5 12
2008 1 24 6 12
2008 1 24 7 12
2008 1 24 8 12
2008 1 24 9 12
2008 1 24 10 12
2008 1 24 11 12
2008 1 24 12 12
2008 1 24 13 12
2008 1 24 14 12
2008 1 24 15 12
2008 1 24 16 12
2008 1 24 17 10
2008 1 24 18 11
2008 1 24 19 11
2008 1 24 20 12
2008 1 24 21 10
2008 1 24 22 12
2008 1 24 23 12
2008 1 25 0 12
2008 1 25 1 6
2008 1 25 2 12
2008 1 25 3 12
2008 1 25 4 12
2008 1 25 5 12
2008 1 25 6 12
2008 1 25 7 12
2008 1 25 8 12
2008 1 25 9 12
2008 1 25 10 12
2008 1 25 11 8
2008 1 25 12 12
2008 1 25 13 12
2008 1 25 14 12
2008 1 25 15 12
2008 1 25 16 9
2008 1 25 17 8
2008 1 25 18 6
2008 1 25 19 6
2008 1 25 20 6
2008 1 25 21 6
2008 1 25 22 6
2008 1 25 23 6
2008 1 26 0 6
2008 1 26 1 6
2008 1 26 2 6
2008 1 26 3 3
2008 1 26 4 3
2008 1 26 5 3
2008 1 26 6 3
2008 1 26 7 3
2008 1 26 8 3
2008 1 26 9 3
2008 1 26 10 3
2008 1 26 11 3
2008 1 26 12 3
2008 1 26 13 3
2008 1 26 14 3
2008 1 26 15 3
2008 1 26 16 3
2008 1 26 17 3
2008 1 26 18 4
2008 1 26 19 3
2008 1 26 20 3
2008 1 26 21 6
2008 1 26 22 9
2008 1 26 23 6
2008 1 27 0 9
2008 1 27 1 12
2008 1 27 2 12
2008 1 27 3 12
2008 1 27 4 12
2008 1 27 5 12
2008 1 27 6 12
2008 1 27 7 12
2008 1 27 8 12
2008 1 27 9 12
2008 1 27 10 12
2008 1 27 11 11
2008 1 27 12 7
2008 1 27 13 9
2008 1 27 14 7
2008 1 27 15 6
2008 1 27 16 6
2008 1 27 17 7
2008 1 27 18 6
2008 1 27 19 6
2008 1 27 20 6
2008 1 27 21 6
2008 1 27 22 6
2008 1 27 23 6
2008 1 28 0 6
2008 1 28 1 9
2008 1 28 2 11
2008 1 28 3 12
2008 1 28 4 11
2008 1 28 5 11
2008 1 28 6 12
2008 1 28 7 12
2008 1 28 8 12
2008 1 28 9 12
2008 1 28 10 12
2008 1 28 11 12
2008 1 28 12 10
2008 1 28 13 12
2008 1 28 14 12
2008 1 28 15 12
2008 1 28 16 9
2008 1 28 17 6
2008 1 28 18 6
2008 1 28 19 6
2008 1 28 20 6
2008 1 28 21 8
2008 1 28 22 6
2008 1 28 23 6
2008 1 29 0 6
2008 1 29 1 8
2008 1 29 2 6
2008 1 29 3 12
2008 1 29 4 12
2008 1 29 5 8
2008 1 29 6 9
2008 1 29 7 12
2008 1 29 8 12
2008 1 29 9 12
2008 1 29 10 12
2008 1 29 11 12
2008 1 29 12 12
2008 1 29 13 12
2008 1 29 14 12
2008 1 29 15 12
2008 1 29 16 10
2008 1 29 17 7
2008 1 29 18 10
2008 1 29 19 8
2008 1 29 20 10
2008 1 29 21 11
2008 1 29 22 12
2008 1 29 23 11
2008 1 30 0 12
2008 1 30 1 12
2008 1 30 2 12
2008 1 30 3 12
2008 1 30 4 12
2008 1 30 5 12
2008 1 30 6 12
2008 1 30 7 12
2008 1 30 8 12
2008 1 30 9 12
2008 1 30 10 12
2008 1 30 11 12
2008 1 30 12 12
2008 1 30 13 12
2008 1 30 14 10
2008 1 30 15 11
2008 1 30 16 11
2008 1 30 17 10
2008 1 30 18 9
2008 1 30 19 6
2008 1 30 20 7
2008 1 30 21 7
2008 1 30 22 6
2008 1 30 23 6
2008 1 31 0 9
2008 1 31 1 11
2008 1 31 2 9
2008 1 31 3 9
2008 1 31 4 3
2008 1 31 5 3
2008 1 31 6 6
2008 1 31 7 3
2008 1 31 8 3
2008 1 31 9 3
2008 1 31 10 3
2008 1 31 11 3
2008 1 31 12 6
2008 1 31 13 6
2008 1 31 14 4
2008 1 31 15 6
2008 1 31 16 7
2008 1 31 17 7
2008 1 31 18 9
2008 1 31 19 9
2008 1 31 20 8
2008 1 31 21 9
2008 1 31 22 10
2008 1 31 23 11
