2010 1 1 0 13
2010 1 1 1 13
2010 1 1 2 13
2010 1 1 3 13
2010 1 1 4 13
2010 1 1 5 13
2010 1 1 6 13
2010 1 1 7 13
2010 1 1 8 13
2010 1 1 9 13
2010 1 1 10 13
2010 1 1 11 13
2010 1 1 12 13
2010 1 1 13 13
2010 1 1 14 13
2010 1 1 15 13
2010 1 1 16 13
2010 1 1 17 13
2010 1 1 18 13
2010 1 1 19 13
2010 1 1 20 13
2010 1 1 21 13
2010 1 1 22 13
2010 1 1 23 13
2010 1 2 0 13
2010 1 2 1 13
2010 1 2 2 13
2010 1 2 3 13
2010 1 2 4 13
2010 1 2 5 13
2010 1 2 6 13
2010 1 2 7 13
2010 1 2 8 13
2010 1 2 9 13
2010 1 2 10 13
2010 1 2 11 13
2010 1 2 12 13
2010 1 2 13 13
2010 1 2 14 13
2010 1 2 15 13
2010 1 2 16 13
2010 1 2 17 13
2010 1 2 18 10
2010 1 2 19 10
2010 1 2 20 10
2010 1 2 21 10
2010 1 2 22 10
2010 1 2 23 10
2010 1 3 0 10
2010 1 3 1 10
2010 1 3 2 10
2010 1 3 3 10
2010 1 3 4 10
2010 1 3 5 10
2010 1 3 6 10
2010 1 3 7 10
2010 1 3 8 10
2010 1 3 9 10
2010 1 3 10 10
2010 1 3 11 10
2010 1 3 12 10
2010 1 3 13 10
2010 1 3 14 10
2010 1 3 15 10
2010 1 3 16 10
2010 1 3 17 10
2010 1 3 18 10
2010 1 3 19 10
2010 1 3 20 10
2010 1 3 21 10
2010 1 3 22 10
2010 1 3 23 10
2010 1 4 0 10
2010 1 4 1 10
2010 1 4 2 10
2010 1 4 3 10
2010 1 4 4 10
2010 1 4 5 10
2010 1 4 6 10
2010 1 4 7 10
2010 1 4 8 10
2010 1 4 9 10
2010 1 4 10 10
2010 1 4 11 10
2010 1 4 12 13
2010 1 4 13 13
2010 1 4 14 13
2010 1 4 15 13
2010 1 4 16 13
2010 1 4 17 13
2010 1 4 18 13
2010 1 4 19 13
2010 1 4 20 13
2010 1 4 21 13
2010 1 4 22 13
2010 1 4 23 13
2010 1 5 0 13
2010 1 5 1 12
2010 1 5 2 13
2010 1 5 3 13
2010 1 5 4 13
2010 1 5 5 13
2010 1 5 6 13
2010 1 5 7 13
2010 1 5 8 13
2010 1 5 9 13
2010 1 5 10 13
2010 1 5 11 13
2010 1 5 12 13
2010 1 5 13 13
2010 1 5 14 13
2010 1 5 15 13
2010 1 5 16 13
2010 1 5 17 13
2010 1 5 18 13
2010 1 5 19 13
2010 1 5 20 13
2010 1 5 21 13
2010 1 5 22 13
2010 1 5 23 13
2010 1 6 0 13
2010 1 6 1 13
2010 1 6 2 13
2010 1 6 3 13
2010 1 6 4 13
2010 1 6 5 13
2010 1 6 6 13
2010 1 6 7 13
2010 1 6 8 13
2010 1 6 9 13
2010 1 6 10 13
2010 1 6 11 13
2010 1 6 12 13
2010 1 6 13 13
2010 1 6 14 13
2010 1 6 15 13
2010 1 6 16 13
2010 1 6 17 13
2010 1 6 18 13
2010 1 6 19 13
2010 1 6 20 13
2010 1 6 21 10
2010 1 6 22 10
2010 1 6 23 10
2010 1 7 0 10
2010 1 7 1 13
2010 1 7 2 13
2010 1 7 3 13
2010 1 7 4 13
2010 1 7 5 13
2010 1 7 6 13
2010 1 7 7 13
2010 1 7 8 13
2010 1 7 9 13
2010 1 7 10 13
2010 1 7 11 13
2010 1 7 12 13
2010 1 7 13 13
2010 1 7 14 13
2010 1 7 15 13
2010 1 7 16 13
2010 1 7 17 13
2010 1 7 18 13
2010 1 7 19 13
2010 1 7 20 13
2010 1 7 21 13
2010 1 7 22 13
2010 1 7 23 13
2010 1 8 0 13
2010 1 8 1 13
2010 1 8 2 13
2010 1 8 3 13
2010 1 8 4 13
2010 1 8 5 13
2010 1 8 6 13
2010 1 8 7 13
2010 1 8 8 13
2010 1 8 9 13
2010 1 8 10 13
2010 1 8 11 13
2010 1 8 12 13
2010 1 8 13 13
2010 1 8 14 13
2010 1 8 15 13
2010 1 8 16 13
2010 1 8 17 13
2010 1 8 18 13
2010 1 8 19 13
2010 1 8 20 13
2010 1 8 21 13
2010 1 8 22 13
2010 1 8 23 13
2010 1 9 0 13
2010 1 9 1 13
2010 1 9 2 13
2010 1 9 3 13
2010 1 9 4 13
2010 1 9 5 13
2010 1 9 6 13
2010 1 9 7 13
2010 1 9 8 13
2010 1 9 9 13
2010 1 9 10 13
2010 1 9 11 13
2010 1 9 12 13
2010 1 9 13 13
2010 1 9 14 13
2010 1 9 15 13
2010 1 9 16 13
2010 1 9 17 13
2010 1 9 18 13
2010 1 9 19 13
2010 1 9 20 13
2010 1 9 21 13
2010 1 9 22 13
2010 1 9 23 13
2010 1 10 0 13
2010 1 10 1 13
2010 1 10 2 13
2010 1 10 3 13
2010 1 10 4 13
2010 1 10 5 13
2010 1 10 6 13
2010 1 10 7 13
2010 1 10 8 13
2010 1 10 9 13
2010 1 10 10 13
2010 1 10 11 13
2010 1 10 12 13
2010 1 10 13 13
2010 1 10 14 13
2010 1 10 15 13
2010 1 10 16 13
2010 1 10 17 13
2010 1 10 18 13
2010 1 10 19 13
2010 1 10 20 13
2010 1 10 21 13
2010 1 10 22 13
2010 1 10 23 13
2010 1 11 0 13
2010 1 11 1 13
2010 1 11 2 13
2010 1 11 3 13
2010 1 11 4 13
2010 1 11 5 13
2010 1 11 6 13
2010 1 11 7 13
2010 1 11 8 13
2010 1 11 9 13
2010 1 11 10 13
2010 1 11 11 13
2010 1 11 12 13
2010 1 11 13 13
2010 1 11 14 13
2010 1 11 15 13
2010 1 11 16 13
2010 1 11 17 13
2010 1 11 18 13
2010 1 11 19 13
2010 1 11 20 13
2010 1 11 21 13
2010 1 11 22 13
2010 1 11 23 13
2010 1 12 0 13
2010 1 12 1 13
2010 1 12 2 13
2010 1 12 3 13
2010 1 12 4 13
2010 1 12 5 13
2010 1 12 6 13
2010 1 12 7 13
2010 1 12 8 13
2010 1 12 9 13
2010 1 12 10 13
2010 1 12 11 13
2010 1 12 12 13
2010 1 12 13 13
2010 1 12 14 13
2010 1 12 15 13
2010 1 12 16 13
2010 1 12 17 13
2010 1 12 18 13
2010 1 12 19 13
2010 1 12 20 13
2010 1 12 21 13
2010 1 12 22 13
2010 1 12 23 13
2010 1 13 0 12
2010 1 13 1 12
2010 1 13 2 13
2010 1 13 3 12
2010 1 13 4 12
2010 1 13 5 12
2010 1 13 6 13
2010 1 13 7 13
2010 1 13 8 13
2010 1 13 9 13
2010 1 13 10 13
2010 1 13 11 13
2010 1 13 12 13
2010 1 13 13 13
2010 1 13 14 13
2010 1 13 15 13
2010 1 13 16 13
2010 1 13 17 13
2010 1 13 18 13
2010 1 13 19 13
2010 1 13 20 13
2010 1 13 21 13
2010 1 13 22 13
2010 1 13 23 13
2010 1 14 0 13
2010 1 14 1 13
2010 1 14 2 13
2010 1 14 3 13
2010 1 14 4 13
2010 1 14 5 13
2010 1 14 6 13
2010 1 14 7 13
2010 1 14 8 13
2010 1 14 9 13
2010 1 14 10 13
2010 1 14 11 13
2010 1 14 12 13
2010 1 14 13 13
2010 1 14 14 13
2010 1 14 15 13
2010 1 14 16 13
2010 1 14 17 13
2010 1 14 18 12
2010 1 14 19 13
2010 1 14 20 13
2010 1 14 21 13
2010 1 14 22 13
2010 1 14 23 13
2010 1 15 0 13
2010 1 15 1 13
2010 1 15 2 13
2010 1 15 3 13
2010 1 15 4 13
2010 1 15 5 13
2010 1 15 6 13
2010 1 15 7 13
2010 1 15 8 13
2010 1 15 9 13
2010 1 15 10 13
2010 1 15 11 13
2010 1 15 0 13
2010 1 15 1 13
2010 1 15 2 13
2010 1 15 3 13
2010 1 15 4 13
2010 1 15 5 13
2010 1 15 6 13
2010 1 15 7 13
2010 1 15 8 13
2010 1 15 9 13
2010 1 15 10 13
2010 1 15 11 13
2010 1 15 12 13
2010 1 15 13 13
2010 1 15 14 13
2010 1 15 15 13
2010 1 15 16 13
2010 1 15 17 13
2010 1 15 18 13
2010 1 15 19 13
2010 1 15 20 13
2010 1 15 21 13
2010 1 15 22 13
2010 1 15 23 13
2010 1 16 0 13
2010 1 16 1 13
2010 1 16 2 13
2010 1 16 3 13
2010 1 16 4 13
2010 1 16 5 13
2010 1 16 6 13
2010 1 16 7 13
2010 1 16 8 13
2010 1 16 9 13
2010 1 16 10 13
2010 1 16 11 13
2010 1 16 12 13
2010 1 16 13 13
2010 1 16 14 13
2010 1 16 15 13
2010 1 16 16 13
2010 1 16 17 13
2010 1 16 18 13
2010 1 16 19 13
2010 1 16 20 13
2010 1 16 21 13
2010 1 16 22 13
2010 1 16 23 13
2010 1 17 0 13
2010 1 17 1 13
2010 1 17 2 13
2010 1 17 3 13
2010 1 17 4 13
2010 1 17 5 13
2010 1 17 6 13
2010 1 17 7 13
2010 1 17 8 13
2010 1 17 9 13
2010 1 17 10 13
2010 1 17 11 13
2010 1 17 12 13
2010 1 17 13 13
2010 1 17 14 13
2010 1 17 15 13
2010 1 17 16 13
2010 1 17 17 13
2010 1 17 18 13
2010 1 17 19 13
2010 1 17 20 12
2010 1 17 21 12
2010 1 17 22 13
2010 1 17 23 12
2010 1 18 0 12
2010 1 18 1 12
2010 1 18 2 12
2010 1 18 3 12
2010 1 18 4 13
2010 1 18 5 13
2010 1 18 6 13
2010 1 18 7 12
2010 1 18 8 12
2010 1 18 9 12
2010 1 18 10 12
2010 1 18 11 12
2010 1 18 12 12
2010 1 18 13 12
2010 1 18 14 12
2010 1 18 15 12
2010 1 18 16 12
2010 1 18 17 12
2010 1 18 18 9
2010 1 18 19 9
2010 1 18 20 9
2010 1 18 21 9
2010 1 18 22 9
2010 1 18 23 9
2010 1 19 0 9
2010 1 19 1 9
2010 1 19 2 9
2010 1 19 3 10
2010 1 19 4 12
2010 1 19 5 12
2010 1 19 6 12
2010 1 19 7 13
2010 1 19 8 13
2010 1 19 9 12
2010 1 19 10 12
2010 1 19 11 9
2010 1 19 12 9
2010 1 19 13 9
2010 1 19 14 9
2010 1 19 15 9
2010 1 19 16 9
2010 1 19 17 9
2010 1 19 18 9
2010 1 19 19 9
2010 1 19 20 12
2010 1 19 21 12
2010 1 19 22 12
2010 1 19 23 7
2010 1 20 0 9
2010 1 20 1 9
2010 1 20 2 9
2010 1 20 3 12
2010 1 20 4 12
2010 1 20 5 12
2010 1 20 6 12
2010 1 20 7 12
2010 1 20 8 12
2010 1 20 9 13
2010 1 20 10 12
2010 1 20 11 12
2010 1 20 12 12
2010 1 20 13 12
2010 1 20 14 12
2010 1 20 15 12
2010 1 20 16 12
2010 1 20 17 12
2010 1 20 18 12
2010 1 20 19 12
2010 1 20 20 12
2010 1 20 21 12
2010 1 20 22 12
2010 1 20 23 12
2010 1 21 0 12
2010 1 21 1 12
2010 1 21 2 10
2010 1 21 3 10
2010 1 21 4 13
2010 1 21 5 12
2010 1 21 6 12
2010 1 21 7 12
2010 1 21 8 12
2010 1 21 9 12
2010 1 21 10 12
2010 1 21 11 12
2010 1 21 12 12
2010 1 21 13 12
2010 1 21 14 12
2010 1 21 15 12
2010 1 21 16 12
2010 1 21 17 12
2010 1 21 18 12
2010 1 21 19 12
2010 1 21 20 12
2010 1 21 21 12
2010 1 21 22 12
2010 1 21 23 12
2010 1 22 0 13
2010 1 22 1 13
2010 1 22 2 13
2010 1 22 3 13
2010 1 22 4 13
2010 1 22 5 13
2010 1 22 6 13
2010 1 22 7 13
2010 1 22 8 13
2010 1 22 9 13
2010 1 22 10 13
2010 1 22 11 13
2010 1 22 12 13
2010 1 22 13 13
2010 1 22 14 12
2010 1 22 15 13
2010 1 22 16 13
2010 1 22 17 13
2010 1 22 18 12
2010 1 22 19 13
2010 1 22 20 13
2010 1 22 21 13
2010 1 22 22 13
2010 1 22 23 13
2010 1 23 0 13
2010 1 23 1 13
2010 1 23 2 13
2010 1 23 3 13
2010 1 23 4 13
2010 1 23 5 13
2010 1 23 6 13
2010 1 23 7 13
2010 1 23 8 13
2010 1 23 9 13
2010 1 23 10 13
2010 1 23 11 13
2010 1 23 12 13
2010 1 23 13 13
2010 1 23 14 13
2010 1 23 15 13
2010 1 23 16 13
2010 1 23 17 13
2010 1 23 18 13
2010 1 23 19 13
2010 1 23 20 13
2010 1 23 21 13
2010 1 23 22 13
2010 1 23 23 13
2010 1 24 0 13
2010 1 24 1 13
2010 1 24 2 13
2010 1 24 3 13
2010 1 24 4 13
2010 1 24 5 13
2010 1 24 6 13
2010 1 24 7 13
2010 1 24 8 13
2010 1 24 9 13
2010 1 24 10 13
2010 1 24 11 13
2010 1 24 12 13
2010 1 24 13 13
2010 1 24 14 12
2010 1 24 15 13
2010 1 24 16 13
2010 1 24 17 13
2010 1 24 18 13
2010 1 24 19 12
2010 1 24 20 10
2010 1 24 21 12
2010 1 24 22 12
2010 1 24 23 9
2010 1 25 0 9
2010 1 25 1 9
2010 1 25 2 9
2010 1 25 3 9
2010 1 25 4 9
2010 1 25 5 9
2010 1 25 6 9
2010 1 25 7 9
2010 1 25 8 9
2010 1 25 9 9
2010 1 25 10 9
2010 1 25 11 9
2010 1 25 12 10
2010 1 25 13 10
2010 1 25 14 10
2010 1 25 15 10
2010 1 25 16 10
2010 1 25 17 10
2010 1 25 18 10
2010 1 25 19 9
2010 1 25 20 9
2010 1 25 21 9
2010 1 25 22 9
2010 1 25 23 9
2010 1 26 0 9
2010 1 26 1 10
2010 1 26 2 10
2010 1 26 3 10
2010 1 26 4 10
2010 1 26 5 10
2010 1 26 6 10
2010 1 26 7 10
2010 1 26 8 9
2010 1 26 9 9
2010 1 26 10 10
2010 1 26 11 10
2010 1 26 12 10
2010 1 26 13 10
2010 1 26 14 10
2010 1 26 15 10
2010 1 26 16 10
2010 1 26 17 10
2010 1 26 18 10
2010 1 26 19 9
2010 1 26 20 10
2010 1 26 21 13
2010 1 26 22 13
2010 1 26 23 13
2010 1 27 0 13
2010 1 27 1 13
2010 1 27 2 13
2010 1 27 3 13
2010 1 27 4 13
2010 1 27 5 13
2010 1 27 6 13
2010 1 27 7 13
2010 1 27 8 13
2010 1 27 9 13
2010 1 27 10 13
2010 1 27 11 13
2010 1 27 12 13
2010 1 27 13 13
2010 1 27 14 13
2010 1 27 15 13
2010 1 27 16 13
2010 1 27 17 13
2010 1 27 18 13
2010 1 27 19 12
2010 1 27 20 12
2010 1 27 21 13
2010 1 27 22 13
2010 1 27 23 13
2010 1 28 0 13
2010 1 28 1 13
2010 1 28 2 13
2010 1 28 3 13
2010 1 28 4 13
2010 1 28 5 13
2010 1 28 6 13
2010 1 28 7 13
2010 1 28 8 10
2010 1 28 9 10
2010 1 28 10 10
2010 1 28 11 10
2010 1 28 12 10
2010 1 28 13 10
2010 1 28 14 10
2010 1 28 15 10
2010 1 28 16 10
2010 1 28 17 9
2010 1 28 18 10
2010 1 28 19 10
2010 1 28 20 10
2010 1 28 21 10
2010 1 28 22 10
2010 1 28 23 10
2010 1 29 0 10
2010 1 29 1 10
2010 1 29 2 10
2010 1 29 3 10
2010 1 29 4 10
2010 1 29 5 10
2010 1 29 6 10
2010 1 29 7 10
2010 1 29 8 10
2010 1 29 9 10
2010 1 29 10 10
2010 1 29 11 10
2010 1 29 12 10
2010 1 29 13 10
2010 1 29 14 10
2010 1 29 15 10
2010 1 29 16 10
2010 1 29 17 10
2010 1 29 18 10
2010 1 29 19 10
2010 1 29 20 10
2010 1 29 21 10
2010 1 29 22 10
2010 1 29 23 10
2010 1 30 0 10
2010 1 30 1 10
2010 1 30 2 10
2010 1 30 3 10
2010 1 30 4 10
2010 1 30 5 10
2010 1 30 6 10
2010 1 30 7 10
2010 1 30 8 10
2010 1 30 9 10
2010 1 30 10 10
2010 1 30 11 10
2010 1 30 12 10
2010 1 30 13 10
2010 1 30 14 10
2010 1 30 15 10
2010 1 30 16 10
2010 1 30 17 10
2010 1 30 18 10
2010 1 30 19 10
2010 1 30 20 10
2010 1 30 21 10
2010 1 30 22 10
2010 1 30 23 10
2010 1 31 0 10
2010 1 31 1 10
2010 1 31 2 10
2010 1 31 3 10
2010 1 31 4 10
2010 1 31 5 10
2010 1 31 6 10
2010 1 31 7 10
2010 1 31 8 10
2010 1 31 9 10
2010 1 31 10 10
2010 1 31 11 10
2010 1 31 12 10
2010 1 31 13 10
2010 1 31 14 10
2010 1 31 15 10
2010 1 31 16 10
2010 1 31 17 10
2010 1 31 18 10
2010 1 31 19 10
2010 1 31 20 10
2010 1 31 21 10
2010 1 31 22 10
2010 1 31 23 10
2008 1 1 0 10
2008 1 1 1 10
2008 1 1 2 10
2008 1 1 3 10
2008 1 1 4 10
2008 1 1 5 10
2008 1 1 6 10
2008 1 1 7 10
2008 1 1 8 10
2008 1 1 9 10
2008 1 1 10 10
2008 1 1 11 10
2008 1 1 12 10
2008 1 1 13 10
2008 1 1 14 10
2008 1 1 15 10
2008 1 1 16 10
2008 1 1 17 10
2008 1 1 18 10
2008 1 1 19 10
2008 1 1 20 10
2008 1 1 21 10
2008 1 1 22 10
2008 1 1 23 9
2008 1 2 0 10
2008 1 2 1 10
2008 1 2 2 10
2008 1 2 3 10
2008 1 2 4 10
2008 1 2 5 10
2008 1 2 6 10
2008 1 2 7 10
2008 1 2 8 10
2008 1 2 9 10
2008 1 2 10 10
2008 1 2 11 9
2008 1 2 12 10
2008 1 2 13 10
2008 1 2 14 10
2008 1 2 15 10
2008 1 2 16 10
2008 1 2 17 10
2008 1 2 18 10
2008 1 2 19 10
2008 1 2 20 10
2008 1 2 21 10
2008 1 2 22 10
2008 1 2 23 10
2008 1 3 0 10
2008 1 3 1 10
2008 1 3 2 10
2008 1 3 3 10
2008 1 3 4 10
2008 1 3 5 10
2008 1 3 6 10
2008 1 3 7 10
2008 1 3 8 10
2008 1 3 9 10
2008 1 3 10 10
2008 1 3 11 10
2008 1 3 12 10
2008 1 3 13 10
2008 1 3 14 10
2008 1 3 15 7
2008 1 3 16 7
2008 1 3 17 7
2008 1 3 18 6
2008 1 3 19 9
2008 1 3 20 9
2008 1 3 21 9
2008 1 3 22 10
2008 1 3 23 9
2008 1 4 0 9
2008 1 4 1 9
2008 1 4 2 9
2008 1 4 3 9
2008 1 4 4 9
2008 1 4 5 9
2008 1 4 6 9
2008 1 4 7 9
2008 1 4 8 9
2008 1 4 9 9
2008 1 4 10 9
2008 1 4 11 9
2008 1 4 12 9
2008 1 4 13 9
2008 1 4 14 9
2008 1 4 15 9
2008 1 4 16 9
2008 1 4 17 9
2008 1 4 18 9
2008 1 4 19 9
2008 1 4 20 9
2008 1 4 21 9
2008 1 4 22 9
2008 1 4 23 9
2008 1 5 0 9
2008 1 5 1 10
2008 1 5 2 9
2008 1 5 3 9
2008 1 5 4 9
2008 1 5 5 9
2008 1 5 6 9
2008 1 5 7 10
2008 1 5 8 10
2008 1 5 9 10
2008 1 5 10 10
2008 1 5 11 10
2008 1 5 12 10
2008 1 5 13 10
2008 1 5 14 10
2008 1 5 15 10
2008 1 5 16 10
2008 1 5 17 10
2008 1 5 18 10
2008 1 5 19 10
2008 1 5 20 9
2008 1 5 21 10
2008 1 5 22 9
2008 1 5 23 9
2008 1 6 0 10
2008 1 6 1 10
2008 1 6 2 10
2008 1 6 3 10
2008 1 6 4 10
2008 1 6 5 10
2008 1 6 6 10
2008 1 6 7 10
2008 1 6 8 10
2008 1 6 9 10
2008 1 6 10 10
2008 1 6 11 10
2008 1 6 12 10
2008 1 6 13 10
2008 1 6 14 10
2008 1 6 15 10
2008 1 6 16 10
2008 1 6 17 10
2008 1 6 18 9
2008 1 6 19 10
2008 1 6 20 10
2008 1 6 21 10
2008 1 6 22 10
2008 1 6 23 10
2008 1 7 0 10
2008 1 7 1 10
2008 1 7 2 10
2008 1 7 3 10
2008 1 7 4 10
2008 1 7 5 10
2008 1 7 6 10
2008 1 7 7 10
2008 1 7 8 10
2008 1 7 9 10
2008 1 7 10 10
2008 1 7 11 10
2008 1 7 12 10
2008 1 7 13 10
2008 1 7 14 10
2008 1 7 15 10
2008 1 7 16 10
2008 1 7 17 9
2008 1 7 18 10
2008 1 7 19 10
2008 1 7 20 10
2008 1 7 21 10
2008 1 7 22 10
2008 1 7 23 10
2008 1 8 0 10
2008 1 8 1 10
2008 1 8 2 10
2008 1 8 3 10
2008 1 8 4 10
2008 1 8 5 10
2008 1 8 6 9
2008 1 8 7 7
2008 1 8 8 10
2008 1 8 9 10
2008 1 8 10 7
2008 1 8 11 7
2008 1 8 12 7
2008 1 8 13 7
2008 1 8 14 9
2008 1 8 15 9
2008 1 8 16 6
2008 1 8 17 7
2008 1 8 18 7
2008 1 8 19 7
2008 1 8 20 7
2008 1 8 21 7
2008 1 8 22 7
2008 1 8 23 7
2008 1 9 0 7
2008 1 9 1 7
2008 1 9 2 10
2008 1 9 3 10
2008 1 9 4 10
2008 1 9 5 10
2008 1 9 6 10
2008 1 9 7 10
2008 1 9 8 9
2008 1 9 9 9
2008 1 9 10 10
2008 1 9 11 10
2008 1 9 12 9
2008 1 9 13 9
2008 1 9 14 9
2008 1 9 15 9
2008 1 9 16 9
2008 1 9 17 9
2008 1 9 18 10
2008 1 9 19 9
2008 1 9 20 9
2008 1 9 21 10
2008 1 9 22 9
2008 1 9 23 10
2008 1 10 0 7
2008 1 10 1 7
2008 1 10 2 7
2008 1 10 3 9
2008 1 10 4 9
2008 1 10 5 9
2008 1 10 6 9
2008 1 10 7 9
2008 1 10 8 9
2008 1 10 9 9
2008 1 10 10 9
2008 1 10 11 9
2008 1 10 12 9
2008 1 10 13 9
2008 1 10 14 10
2008 1 10 15 9
2008 1 10 16 10
2008 1 10 17 10
2008 1 10 18 9
2008 1 10 19 10
2008 1 10 20 10
2008 1 10 21 10
2008 1 10 22 10
2008 1 10 23 10
2008 1 11 0 10
2008 1 11 1 9
2008 1 11 2 9
2008 1 11 3 9
2008 1 11 4 9
2008 1 11 5 9
2008 1 11 6 9
2008 1 11 7 9
2008 1 11 8 9
2008 1 11 9 9
2008 1 11 10 9
2008 1 11 11 9
2008 1 11 12 9
2008 1 11 13 9
2008 1 11 14 9
2008 1 11 15 9
2008 1 11 16 9
2008 1 11 17 9
2008 1 11 18 9
2008 1 11 19 9
2008 1 11 20 9
2008 1 11 21 9
2008 1 11 22 9
2008 1 11 23 9
2008 1 12 0 9
2008 1 12 1 9
2008 1 12 2 9
2008 1 12 3 9
2008 1 12 4 9
2008 1 12 5 9
2008 1 12 6 9
2008 1 12 7 9
2008 1 12 8 9
2008 1 12 9 9
2008 1 12 10 9
2008 1 12 11 9
2008 1 12 12 9
2008 1 12 13 9
2008 1 12 14 9
2008 1 12 15 9
2008 1 12 16 9
2008 1 12 17 9
2008 1 12 18 9
2008 1 12 19 9
2008 1 12 20 9
2008 1 12 21 9
2008 1 12 22 9
2008 1 12 23 9
2008 1 13 0 9
2008 1 13 1 9
2008 1 13 2 9
2008 1 13 3 9
2008 1 13 4 9
2008 1 13 5 9
2008 1 13 6 9
2008 1 13 7 9
2008 1 13 8 9
2008 1 13 9 9
2008 1 13 10 9
2008 1 13 11 9
2008 1 13 12 9
2008 1 13 13 9
2008 1 13 14 9
2008 1 13 15 9
2008 1 13 16 9
2008 1 13 17 9
2008 1 13 18 9
2008 1 13 19 9
2008 1 13 20 9
2008 1 13 21 9
2008 1 13 22 9
2008 1 13 23 9
2008 1 14 0 9
2008 1 14 1 9
2008 1 14 2 9
2008 1 14 3 9
2008 1 14 4 9
2008 1 14 5 9
2008 1 14 6 9
2008 1 14 7 9
2008 1 14 8 9
2008 1 14 9 9
2008 1 14 10 9
2008 1 14 11 9
2008 1 14 12 9
2008 1 14 13 9
2008 1 14 14 9
2008 1 14 15 9
2008 1 14 16 9
2008 1 14 17 9
2008 1 14 18 9
2008 1 14 19 9
2008 1 14 20 9
2008 1 14 21 9
2008 1 14 22 9
2008 1 14 23 9
2008 1 15 0 9
2008 1 15 1 9
2008 1 15 2 9
2008 1 15 3 9
2008 1 15 4 9
2008 1 15 5 9
2008 1 15 6 9
2008 1 15 7 9
2008 1 15 8 9
2008 1 15 9 9
2008 1 15 10 9
2008 1 15 11 9
2008 1 15 12 9
2008 1 15 13 9
2008 1 15 14 9
2008 1 15 15 9
2008 1 15 16 9
2008 1 15 17 9
2008 1 15 18 9
2008 1 15 19 9
2008 1 15 20 9
2008 1 15 21 9
2008 1 15 22 9
2008 1 15 23 9
2008 1 16 0 9
2008 1 16 1 9
2008 1 16 2 9
2008 1 16 3 9
2008 1 16 4 9
2008 1 16 5 9
2008 1 16 6 9
2008 1 16 7 9
2008 1 16 8 9
2008 1 16 9 9
2008 1 16 10 9
2008 1 16 11 9
2008 1 16 12 9
2008 1 16 13 9
2008 1 16 14 9
2008 1 16 15 9
2008 1 16 16 9
2008 1 16 17 9
2008 1 16 18 9
2008 1 16 19 9
2008 1 16 20 9
2008 1 16 21 9
2008 1 16 22 9
2008 1 16 23 9
2008 1 17 0 9
2008 1 17 1 9
2008 1 17 2 9
2008 1 17 3 9
2008 1 17 4 9
2008 1 17 5 9
2008 1 17 6 9
2008 1 17 7 9
2008 1 17 8 9
2008 1 17 9 9
2008 1 17 10 9
2008 1 17 11 9
2008 1 17 12 9
2008 1 17 13 9
2008 1 17 14 9
2008 1 17 15 9
2008 1 17 16 9
2008 1 17 17 9
2008 1 17 18 9
2008 1 17 19 9
2008 1 17 20 9
2008 1 17 21 9
2008 1 17 22 9
2008 1 17 23 10
2008 1 18 0 10
2008 1 18 1 10
2008 1 18 2 10
2008 1 18 3 10
2008 1 18 4 10
2008 1 18 5 10
2008 1 18 6 10
2008 1 18 7 10
2008 1 18 8 10
2008 1 18 9 10
2008 1 18 10 10
2008 1 18 11 10
2008 1 18 12 10
2008 1 18 13 10
2008 1 18 14 10
2008 1 18 15 10
2008 1 18 16 9
2008 1 18 17 10
2008 1 18 18 9
2008 1 18 19 10
2008 1 18 20 10
2008 1 18 21 10
2008 1 18 22 10
2008 1 18 23 10
2008 1 19 0 10
2008 1 19 1 10
2008 1 19 2 9
2008 1 19 3 10
2008 1 19 4 10
2008 1 19 5 10
2008 1 19 6 10
2008 1 19 7 10
2008 1 19 8 10
2008 1 19 9 10
2008 1 19 10 10
2008 1 19 11 10
2008 1 19 12 10
2008 1 19 13 10
2008 1 19 14 10
2008 1 19 15 10
2008 1 19 16 10
2008 1 19 17 10
2008 1 19 18 10
2008 1 19 19 10
2008 1 19 20 10
2008 1 19 21 10
2008 1 19 22 10
2008 1 19 23 10
2008 1 20 0 10
2008 1 20 1 10
2008 1 20 2 10
2008 1 20 3 9
2008 1 20 4 9
2008 1 20 5 9
2008 1 20 6 10
2008 1 20 7 10
2008 1 20 8 10
2008 1 20 9 10
2008 1 20 10 10
2008 1 20 11 10
2008 1 20 12 10
2008 1 20 13 10
2008 1 20 14 10
2008 1 20 15 10
2008 1 20 16 10
2008 1 20 17 10
2008 1 20 18 10
2008 1 20 19 10
2008 1 20 20 10
2008 1 20 21 10
2008 1 20 22 10
2008 1 20 23 10
2008 1 21 0 10
2008 1 21 1 10
2008 1 21 2 10
2008 1 21 3 10
2008 1 21 4 10
2008 1 21 5 10
2008 1 21 6 10
2008 1 21 7 10
2008 1 21 8 10
2008 1 21 9 10
2008 1 21 10 10
2008 1 21 11 10
2008 1 21 12 10
2008 1 21 13 10
2008 1 21 14 10
2008 1 21 15 10
2008 1 21 16 10
2008 1 21 17 10
2008 1 21 18 10
2008 1 21 19 10
2008 1 21 20 9
2008 1 21 21 10
2008 1 21 22 10
2008 1 21 23 10
2008 1 22 0 10
2008 1 22 1 10
2008 1 22 2 10
2008 1 22 3 10
2008 1 22 4 10
2008 1 22 5 10
2008 1 22 6 10
2008 1 22 7 10
2008 1 22 8 10
2008 1 22 9 10
2008 1 22 10 10
2008 1 22 11 10
2008 1 22 12 10
2008 1 22 13 10
2008 1 22 14 10
2008 1 22 15 10
2008 1 22 16 10
2008 1 22 17 10
2008 1 22 18 10
2008 1 22 19 10
2008 1 22 20 10
2008 1 22 21 10
2008 1 22 22 10
2008 1 22 23 10
2008 1 23 0 10
2008 1 23 1 10
2008 1 23 2 10
2008 1 23 3 10
2008 1 23 4 10
2008 1 23 5 10
2008 1 23 6 10
2008 1 23 7 10
2008 1 23 8 10
2008 1 23 9 10
2008 1 23 10 10
2008 1 23 11 10
2008 1 23 12 10
2008 1 23 13 10
2008 1 23 14 10
2008 1 23 15 10
2008 1 23 16 10
2008 1 23 17 10
2008 1 23 18 10
2008 1 23 19 10
2008 1 23 20 10
2008 1 23 21 10
2008 1 23 22 10
2008 1 23 23 10
2008 1 24 0 10
2008 1 24 1 10
2008 1 24 2 10
2008 1 24 3 10
2008 1 24 4 10
2008 1 24 5 10
2008 1 24 6 10
2008 1 24 7 10
2008 1 24 8 10
2008 1 24 9 10
2008 1 24 10 10
2008 1 24 11 10
2008 1 24 12 10
2008 1 24 13 10
2008 1 24 14 10
2008 1 24 15 10
2008 1 24 16 10
2008 1 24 17 10
2008 1 24 18 9
2008 1 24 19 10
2008 1 24 20 10
2008 1 24 21 10
2008 1 24 22 10
2008 1 24 23 10
2008 1 25 0 10
2008 1 25 1 9
2008 1 25 2 10
2008 1 25 3 10
2008 1 25 4 10
2008 1 25 5 10
2008 1 25 6 10
2008 1 25 7 10
2008 1 25 8 10
2008 1 25 9 10
2008 1 25 10 10
2008 1 25 11 9
2008 1 25 12 10
2008 1 25 13 10
2008 1 25 14 10
2008 1 25 15 10
2008 1 25 16 9
2008 1 25 17 9
2008 1 25 18 9
2008 1 25 19 9
2008 1 25 20 9
2008 1 25 21 9
2008 1 25 22 9
2008 1 25 23 9
2008 1 26 0 9
2008 1 26 1 9
2008 1 26 2 9
2008 1 26 3 6
2008 1 26 4 6
2008 1 26 5 6
2008 1 26 6 6
2008 1 26 7 6
2008 1 26 8 6
2008 1 26 9 6
2008 1 26 10 6
2008 1 26 11 6
2008 1 26 12 6
2008 1 26 13 6
2008 1 26 14 6
2008 1 26 15 6
2008 1 26 16 6
2008 1 26 17 6
2008 1 26 18 6
2008 1 26 19 6
2008 1 26 20 6
2008 1 26 21 9
2008 1 26 22 10
2008 1 26 23 9
2008 1 27 0 9
2008 1 27 1 10
2008 1 27 2 10
2008 1 27 3 10
2008 1 27 4 10
2008 1 27 5 10
2008 1 27 6 10
2008 1 27 7 10
2008 1 27 8 10
2008 1 27 9 10
2008 1 27 10 10
2008 1 27 11 10
2008 1 27 12 9
2008 1 27 13 9
2008 1 27 14 9
2008 1 27 15 9
2008 1 27 16 9
2008 1 27 17 9
2008 1 27 18 9
2008 1 27 19 9
2008 1 27 20 9
2008 1 27 21 9
2008 1 27 22 9
2008 1 27 23 9
2008 1 28 0 9
2008 1 28 1 9
2008 1 28 2 10
2008 1 28 3 10
2008 1 28 4 10
2008 1 28 5 10
2008 1 28 6 10
2008 1 28 7 10
2008 1 28 8 10
2008 1 28 9 10
2008 1 28 10 10
2008 1 28 11 10
2008 1 28 12 10
2008 1 28 13 10
2008 1 28 14 10
2008 1 28 15 10
2008 1 28 16 9
2008 1 28 17 9
2008 1 28 18 9
2008 1 28 19 9
2008 1 28 20 9
2008 1 28 21 10
2008 1 28 22 9
2008 1 28 23 9
2008 1 29 0 9
2008 1 29 1 9
2008 1 29 2 9
2008 1 29 3 10
2008 1 29 4 10
2008 1 29 5 9
2008 1 29 6 9
2008 1 29 7 10
2008 1 29 8 10
2008 1 29 9 10
2008 1 29 10 10
2008 1 29 11 10
2008 1 29 12 10
2008 1 29 13 10
2008 1 29 14 10
2008 1 29 15 10
2008 1 29 16 10
2008 1 29 17 9
2008 1 29 18 10
2008 1 29 19 10
2008 1 29 20 10
2008 1 29 21 10
2008 1 29 22 10
2008 1 29 23 10
2008 1 30 0 10
2008 1 30 1 10
2008 1 30 2 10
2008 1 30 3 10
2008 1 30 4 10
2008 1 30 5 10
2008 1 30 6 10
2008 1 30 7 10
2008 1 30 8 10
2008 1 30 9 10
2008 1 30 10 10
2008 1 30 11 10
2008 1 30 12 10
2008 1 30 13 10
2008 1 30 14 10
2008 1 30 15 10
2008 1 30 16 10
2008 1 30 17 10
2008 1 30 18 10
2008 1 30 19 9
2008 1 30 20 9
2008 1 30 21 9
2008 1 30 22 9
2008 1 30 23 9
2008 1 31 0 10
2008 1 31 1 10
2008 1 31 2 10
2008 1 31 3 10
2008 1 31 4 6
2008 1 31 5 6
2008 1 31 6 7
2008 1 31 7 6
2008 1 31 8 6
2008 1 31 9 6
2008 1 31 10 6
2008 1 31 11 6
2008 1 31 12 7
2008 1 31 13 7
2008 1 31 14 6
2008 1 31 15 7
2008 1 31 16 8
2008 1 31 17 9
2008 1 31 18 10
2008 1 31 19 10
2008 1 31 20 9
2008 1 31 21 10
2008 1 31 22 10
2008 1 31 23 10
