-123.40340   41.77520
-122.33720   41.68980
-123.88100   41.70200
-123.51400   41.35500
-123.30500   40.22200
-122.72600   41.08600
-122.46190   40.95910
-122.49800   40.10400
-122.91800   40.76400
-122.08700   40.57700
-122.04700   40.35900
-122.09900   40.15700
-123.15500   40.45300
-122.47100   40.32700
-123.14080   41.14200
-123.56500   40.84300
-123.27300   39.71450
-123.17500   39.57030
-123.18700   39.49280
-122.95950   39.46660
-122.96800   39.19600
-122.81060   39.11240
-123.71940   39.86330
-123.21910   39.32280
-123.37790   39.01320
-122.56760   39.91180