-122.34550   39.80127
-122.67117   39.91684
-123.55532   39.39944
-123.19503   39.89237
-123.82064   40.42644
-123.51394   40.53791
-123.42514   39.63889
-123.48130   39.80841
-123.46965   40.14579
-123.45315   41.27872
-123.36328   40.34579
-123.18367   39.56315
-123.37755   41.90847
-122.62559   41.60987
-121.89098   41.34707
-122.88193   40.31671
-122.66731   41.08382
-121.78632   40.43105
-122.18771   41.33418
-122.82949   40.91228
-122.15476   41.48797
-122.68788   40.14514
-122.55772   40.14323
-122.52371   40.65817
-122.03943   40.79294
-121.42313   40.39659
-122.27062   41.10696
-122.12548   40.20842
-122.67250   40.03937
-121.94857   40.64180
