-125.6 42 -5
-125.5 41.7 -5
-125.5 41.8 -5
-125.5 41.9 -5
-125.5 42 -5
-125.4 41.4 -5
-125.4 41.5 -5
-125.4 41.6 -5
-125.4 41.7 -5
-125.4 41.8 -5
-125.4 41.9 -5
-125.4 42 -5
-125.3 41.1 -5.17289734494729
-125.3 41.2 -5.24540905633738
-125.3 41.3 -5.30035231194144
-125.3 41.4 -5.3443595491201
-125.3 41.5 -5.37867150921005
-125.3 41.6 -5.40337342203479
-125.3 41.7 -5.41655451354107
-125.3 41.8 -5.42759938898377
-125.3 41.9 -5.43641275473756
-125.3 42 -5.4450403620437
-125.2 40.8 -5.46444463733328
-125.2 40.9 -5.5814060131493
-125.2 41 -5.6935172118141
-125.2 41.1 -5.7959792963653
-125.2 41.2 -5.88051131429082
-125.2 41.3 -5.94785370836351
-125.2 41.4 -6.00539128386366
-125.2 41.5 -6.0510649142276
-125.2 41.6 -6.0828483314671
-125.2 41.7 -6.10038927853612
-125.2 41.8 -6.1184562413269
-125.2 41.9 -6.13309641888677
-125.2 42 -6.14663782039936
-125.1 40.5 -5.62211190498721
-125.1 40.6 -5.79647662738919
-125.1 40.7 -5.95189470458636
-125.1 40.8 -6.10291018856811
-125.1 40.9 -6.23419663880692
-125.1 41 -6.35763854672775
-125.1 41.1 -6.46776320162649
-125.1 41.2 -6.55315024941275
-125.1 41.3 -6.63184453077934
-125.1 41.4 -6.69874651392834
-125.1 41.5 -6.75203104737012
-125.1 41.6 -6.7849647779008
-125.1 41.7 -6.809784114727
-125.1 41.8 -6.83425167506087
-125.1 41.9 -6.85424887395339
-125.1 42 -6.8721517709904
-125 40.4 -6.17088766755681
-125 40.5 -6.26436956658967
-125 40.6 -6.43923221255656
-125 40.7 -6.5972906240109
-125 40.8 -6.74991611306178
-125 40.9 -6.88881540738834
-125 41 -7.0205118505155
-125 41.1 -7.13110502246305
-125 41.2 -7.22705775968779
-125 41.3 -7.31583535319506
-125 41.4 -7.39114348787161
-125 41.5 -7.44630440829778
-125 41.6 -7.48659820000278
-125 41.7 -7.51917895091779
-125 41.8 -7.55004710879473
-125 41.9 -7.57540132901991
-125 42 -7.59766572158133
-124.9 40.4 -6.78067653302669
-124.9 40.5 -6.91224125388134
-124.9 40.6 -7.08180409904471
-124.9 40.7 -7.24217794779982
-124.9 40.8 -7.39596166322366
-124.9 40.9 -7.54254802443155
-124.9 41 -7.67711645003148
-124.9 41.1 -7.79348590334551
-124.9 41.2 -7.90121013307375
-124.9 41.3 -7.99892092983987
-124.9 41.4 -8.07698271781282
-124.9 41.5 -8.13849581416353
-124.9 41.6 -8.18826856377344
-124.9 41.7 -8.22882910547693
-124.9 41.8 -8.2658425425286
-124.9 41.9 -8.29655378408643
-124.9 42 -8.32317967217226
-124.8 40.4 -7.43694229075332
-124.8 40.5 -7.56431405912079
-124.8 40.6 -7.72429811048619
-124.8 40.7 -7.88656228171421
-124.8 40.8 -8.04202240746259
-124.8 40.9 -8.19422022148633
-124.8 41 -8.33038738429587
-124.8 41.1 -8.45586733440348
-124.8 41.2 -8.57445769392077
-124.8 41.3 -8.67521104879114
-124.8 41.4 -8.75923587739707
-124.8 41.5 -8.83053432174935
-124.8 41.6 -8.89004126640815
-124.8 41.7 -8.93918656408325
-124.8 41.8 -8.98163797626257
-124.8 41.9 -9.01770552070464
-124.8 42 -9.04868865728444
-124.7 40.3 -9.5435510780394
-124.7 40.4 -8.09354393530775
-124.7 40.5 -8.21749291126439
-124.7 40.6 -8.36682199990048
-124.7 40.7 -8.53115787175827
-124.7 40.8 -8.68746425688713
-124.7 40.9 -8.84134344099026
-124.7 41 -8.98357025989516
-124.7 41.1 -9.11890052327789
-124.7 41.2 -9.24121076842504
-124.7 41.3 -9.34741637343599
-124.7 41.4 -9.4411578179762
-124.7 41.5 -9.52257282933508
-124.7 41.6 -9.59182543175219
-124.7 41.7 -9.64968416208032
-124.7 41.8 -9.69785442512271
-124.7 41.9 -9.73885299406621
-124.7 42 -9.77410644579845
-124.6 40.3 -9.22391033527546
-124.6 40.4 -8.75028605778025
-124.6 40.5 -8.87258917183511
-124.6 40.6 -9.01643516461953
-124.6 40.7 -9.17581273818787
-124.6 40.8 -9.33205038689815
-124.6 40.9 -9.48748023231451
-124.6 41 -9.6361067301367
-124.6 41.1 -9.77685792317478
-124.6 41.2 -9.9097516739204
-124.6 41.3 -10.0752107529765
-124.6 41.4 -10.2427608957726
-124.6 41.5 -10.3928561683498
-124.6 41.6 -10.5236460299165
-124.6 41.7 -10.6332600373585
-124.6 41.8 -10.7287808391434
-124.6 41.9 -10.8190972551062
-124.6 42 -10.911691632862
-124.5 40.2 -14.9219675922205
-124.5 40.3 -9.36197605677358
-124.5 40.4 -9.40704195641575
-124.5 40.5 -9.52810176590494
-124.5 40.6 -9.66831947603449
-124.5 40.7 -9.82325761032303
-124.5 40.8 -10.0120832175308
-124.5 40.9 -10.2934627087581
-124.5 41 -10.543938276925
-124.5 41.1 -10.7665610767438
-124.5 41.2 -10.9734542636563
-124.5 41.3 -11.1746224380317
-124.5 41.4 -11.3565244191218
-124.5 41.5 -11.5210223818253
-124.5 41.6 -11.6704114603413
-124.5 41.7 -11.8184845468125
-124.5 41.8 -11.9343092823294
-124.5 41.9 -12.0636144466519
-124.5 42 -12.2058944495629
-124.4 40.2 -14.0085788565892
-124.4 40.3 -10.0216362169248
-124.4 40.4 -10.2375161394778
-124.4 40.5 -10.4709848386068
-124.4 40.6 -10.7099025874511
-124.4 40.7 -10.9465686005558
-124.4 40.8 -11.190711626653
-124.4 40.9 -11.4767797950317
-124.4 41 -11.6942079257726
-124.4 41.1 -11.9007065366165
-124.4 41.2 -12.1124025882039
-124.4 41.3 -12.3161017633715
-124.4 41.4 -12.5000605277734
-124.4 41.5 -12.6719038593983
-124.4 41.6 -12.8415692026888
-124.4 41.7 -13.0235561662524
-124.4 41.8 -13.155953120961
-124.4 41.9 -13.3224313969504
-124.4 42 -13.5127758561261
-124.3 40.2 -13.2877521880804
-124.3 40.3 -11.6966806710781
-124.3 40.4 -11.7768894557661
-124.3 40.5 -11.9125777156021
-124.3 40.6 -12.0643441756748
-124.3 40.7 -12.2388431544058
-124.3 40.8 -12.4770154957919
-124.3 40.9 -12.7020093277729
-124.3 41 -12.8708850461075
-124.3 41.1 -13.0610310465251
-124.3 41.2 -13.2670412333215
-124.3 41.3 -13.4561056980312
-124.3 41.4 -13.642066651187
-124.3 41.5 -13.8224512853997
-124.3 41.6 -14.0108161979091
-124.3 41.7 -14.2014792779129
-124.3 41.8 -14.3775969595928
-124.3 41.9 -14.5757920005636
-124.3 42 -14.7838921780518
-124.2 40.1 -19.6800356450748
-124.2 40.2 -13.7886232457342
-124.2 40.3 -13.4317210282187
-124.2 40.4 -13.3830094971562
-124.2 40.5 -13.4103368325795
-124.2 40.6 -13.470408152915
-124.2 40.7 -13.6004920998274
-124.2 40.8 -13.7691494575689
-124.2 40.9 -13.9304717355312
-124.2 41 -14.0735113791555
-124.2 41.1 -14.2464859622771
-124.2 41.2 -14.4235557109359
-124.2 41.3 -14.5989761703275
-124.2 41.4 -14.7862443788796
-124.2 41.5 -14.9958469883367
-124.2 41.6 -15.2435160487203
-124.2 41.7 -15.4993641607993
-124.2 41.8 -15.7591793950726
-124.2 41.9 -16.0169599044867
-124.2 42 -16.2839670027226
-124.1 40.1 -18.6051944904333
-124.1 40.2 -15.5308923708055
-124.1 40.3 -15.1811163179642
-124.1 40.4 -15.0002376875588
-124.1 40.5 -14.928750570426
-124.1 40.6 -14.9379203461238
-124.1 40.7 -14.9991053903617
-124.1 40.8 -15.0979123017325
-124.1 40.9 -15.2296529168163
-124.1 41 -15.3874174173016
-124.1 41.1 -15.5639273697584
-124.1 41.2 -15.7590035887505
-124.1 41.3 -15.9747178928452
-124.1 41.4 -16.2043560361192
-124.1 41.5 -16.4501621485305
-124.1 41.6 -16.7124026974425
-124.1 41.7 -16.9857355208929
-124.1 41.8 -17.2608749875168
-124.1 41.9 -17.5370900236759
-124.1 42 -17.8311998737467
-124 40.1 -18.3549528575277
-124 40.2 -17.4814338027001
-124 40.3 -17.0175471110208
-124 40.4 -16.73428425112
-124 40.5 -16.6144541064744
-124 40.6 -16.5801841964799
-124 40.7 -16.5781240754609
-124 40.8 -16.6345248464915
-124 40.9 -16.7531019325066
-124 41 -16.8838056249381
-124 41.1 -17.0418295569962
-124 41.2 -17.2360440945249
-124 41.3 -17.44823213046
-124 41.4 -17.6820426333622
-124 41.5 -17.9342905855008
-124 41.6 -18.2068927147698
-124 41.7 -18.4836845031796
-124 41.8 -18.7684835059089
-124 41.9 -19.0634913987586
-124 42 -19.3754767760129
-123.9 40 -24.6356009001013
-123.9 40.1 -19.9988741743973
-123.9 40.2 -19.3255525695422
-123.9 40.3 -18.8461889654084
-123.9 40.4 -18.4947797910776
-123.9 40.5 -18.3187566222995
-123.9 40.6 -18.2336766053276
-123.9 40.7 -18.1811803235587
-123.9 40.8 -18.2181378529163
-123.9 40.9 -18.3018157671333
-123.9 41 -18.4020546257493
-123.9 41.1 -18.5507808704941
-123.9 41.2 -18.7287858974779
-123.9 41.3 -18.9305348890549
-123.9 41.4 -19.1635799724498
-123.9 41.5 -19.4173812709842
-123.9 41.6 -19.6917091979795
-123.9 41.7 -19.9877947816974
-123.9 41.8 -20.3075427287437
-123.9 41.9 -20.630634073117
-123.9 42 -20.9539420628095
-123.8 40 -23.2613570384345
-123.8 40.1 -21.554957615366
-123.8 40.2 -20.9633204161422
-123.8 40.3 -20.5272530367277
-123.8 40.4 -20.2106047167438
-123.8 40.5 -20.0028797303237
-123.8 40.6 -19.8793840546345
-123.8 40.7 -19.8133300421063
-123.8 40.8 -19.8069941126567
-123.8 40.9 -19.8545737288895
-123.8 41 -19.9483823818882
-123.8 41.1 -20.0854756882819
-123.8 41.2 -20.2676995547505
-123.8 41.3 -20.4895742132599
-123.8 41.4 -20.7455858922677
-123.8 41.5 -21.0250339021383
-123.8 41.6 -21.3189375018698
-123.8 41.7 -21.6224935783616
-123.8 41.8 -21.9356067579565
-123.8 41.9 -22.2530929479064
-123.8 42 -22.5591035620638
-123.7 39.9 -34.4385329407408
-123.7 40 -23.8564842262539
-123.7 40.1 -23.0822629851883
-123.7 40.2 -22.5114511305019
-123.7 40.3 -22.0703025950558
-123.7 40.4 -21.7481793859694
-123.7 40.5 -21.5468868811149
-123.7 40.6 -21.4379337127587
-123.7 40.7 -21.4150582168145
-123.7 40.8 -21.4549870922667
-123.7 40.9 -21.5365753947124
-123.7 41 -21.613800668445
-123.7 41.1 -21.7531837782935
-123.7 41.2 -21.944511220774
-123.7 41.3 -22.1704688589348
-123.7 41.4 -22.4247872886644
-123.7 41.5 -22.6981892922548
-123.7 41.6 -22.9837183920402
-123.7 41.7 -23.2802829477272
-123.7 41.8 -23.5813074341164
-123.7 41.9 -23.8829591184663
-123.7 42 -24.1785995016639
-123.6 39.9 -29.4799600578162
-123.6 40 -25.3573669094511
-123.6 40.1 -24.604836144928
-123.6 40.2 -24.0342631812509
-123.6 40.3 -23.5865060057451
-123.6 40.4 -23.2642348055876
-123.6 40.5 -23.0743450269153
-123.6 40.6 -22.9863333197344
-123.6 40.7 -23.0126037011277
-123.6 40.8 -23.1100746447445
-123.6 40.9 -23.2295485827516
-123.6 41 -23.2929305336027
-123.6 41.1 -23.4369742258621
-123.6 41.2 -23.634803907305
-123.6 41.3 -23.8645107262772
-123.6 41.4 -24.1160165800519
-123.6 41.5 -24.3837021975789
-123.6 41.6 -24.6648648811556
-123.6 41.7 -24.9892171661208
-123.6 41.8 -25.3857512635877
-123.6 41.9 -25.776322980221
-123.6 42 -26.1780610034133
-123.5 39.9 -28.293565549034
-123.5 40 -27.0936085386318
-123.5 40.1 -26.3099869498675
-123.5 40.2 -25.6674058062233
-123.5 40.3 -25.1541164919654
-123.5 40.4 -24.7844650792205
-123.5 40.5 -24.6029018909196
-123.5 40.6 -24.5426748309025
-123.5 40.7 -24.6101784556549
-123.5 40.8 -24.7702015463602
-123.5 40.9 -24.9617458323599
-123.5 41 -25.0412974318935
-123.5 41.1 -25.2560667621643
-123.5 41.2 -25.5482907754721
-123.5 41.3 -25.879490644429
-123.5 41.4 -26.223568508338
-123.5 41.5 -26.5944051796506
-123.5 41.6 -26.9457244357269
-123.5 41.7 -27.3128275640572
-123.5 41.8 -27.7047780000248
-123.5 41.9 -28.0831418062972
-123.5 42 -28.4741238403506
-123.4 39.8 -39.3053821147399
-123.4 39.9 -29.8049039589964
-123.4 40 -28.8318439622796
-123.4 40.1 -28.0725077332173
-123.4 40.2 -27.4707816635678
-123.4 40.3 -27.0249025279455
-123.4 40.4 -26.7181990835042
-123.4 40.5 -26.5972622898631
-123.4 40.6 -26.6163299617004
-123.4 40.7 -26.7719570051614
-123.4 40.8 -27.0530770062311
-123.4 40.9 -27.3169070800769
-123.4 41 -27.4747732541912
-123.4 41.1 -27.7240922232452
-123.4 41.2 -28.0237388521817
-123.4 41.3 -28.3504712502901
-123.4 41.4 -28.6810377154992
-123.4 41.5 -29.0359659293259
-123.4 41.6 -29.3788538723832
-123.4 41.7 -29.7427949702999
-123.4 41.8 -30.1665437718882
-123.4 41.9 -30.5939404996588
-123.4 42 -31.0243775291917
-123.3 39.8 -35.3540230204142
-123.3 39.9 -32.7356626790252
-123.3 40 -31.1852117283092
-123.3 40.1 -29.9499035720807
-123.3 40.2 -29.3251172491898
-123.3 40.3 -28.949929796691
-123.3 40.4 -28.7343873012389
-123.3 40.5 -28.7280423544283
-123.3 40.6 -28.8433810797444
-123.3 40.7 -29.0920469347397
-123.3 40.8 -29.4253230636931
-123.3 40.9 -29.7430731465
-123.3 41 -30.0672144003718
-123.3 41.1 -30.4093175608873
-123.3 41.2 -30.7857249341185
-123.3 41.3 -31.1571709589783
-123.3 41.4 -31.5495207221413
-123.3 41.5 -31.9393008489096
-123.3 41.6 -32.3410590909489
-123.3 41.7 -32.729989830392
-123.3 41.8 -33.1387371933436
-123.3 41.9 -33.5278646244167
-123.3 42 -33.9281451932236
-123.2 39.7 -49.9950132011402
-123.2 39.8 -37.7875312725115
-123.2 39.9 -35.9931726175593
-123.2 40 -34.4906239906462
-123.2 40.1 -33.2802349521348
-123.2 40.2 -32.3948609715694
-123.2 40.3 -31.8210173210588
-123.2 40.4 -31.5512828814671
-123.2 40.5 -31.554470848792
-123.2 40.6 -31.7565864925456
-123.2 40.7 -32.1465411629559
-123.2 40.8 -32.5712865105527
-123.2 40.9 -32.9429309450518
-123.2 41 -33.2916841993634
-123.2 41.1 -33.6469927806825
-123.2 41.2 -34.0156401282646
-123.2 41.3 -34.37953032426
-123.2 41.4 -34.7558990416485
-123.2 41.5 -35.1489805052657
-123.2 41.6 -35.5479211240251
-123.2 41.7 -35.94492931826
-123.2 41.8 -36.3466435556026
-123.2 41.9 -36.7437852993668
-123.2 42 -37.1415644015122
-123.1 39.7 -44.8239691541065
-123.1 39.8 -41.0696792390004
-123.1 39.9 -39.338034454687
-123.1 40 -37.9967118457767
-123.1 40.1 -36.9149335103629
-123.1 40.2 -36.0936232111004
-123.1 40.3 -35.535653373935
-123.1 40.4 -35.2356620380931
-123.1 40.5 -35.1862256920739
-123.1 40.6 -35.3451484933294
-123.1 40.7 -35.5925660378841
-123.1 40.8 -35.9396775342101
-123.1 40.9 -36.3029557642059
-123.1 41 -36.6767799042293
-123.1 41.1 -37.061996056287
-123.1 41.2 -37.4331849363382
-123.1 41.3 -37.809462403275
-123.1 41.4 -38.1903632404611
-123.1 41.5 -38.5711457690875
-123.1 41.6 -38.9585132911506
-123.1 41.7 -39.3423508830748
-123.1 41.8 -39.7322884105202
-123.1 41.9 -40.1408099732462
-123.1 42 -40.537739521614
-123 39.7 -46.6990518274599
-123 39.8 -44.6197975601312
-123 39.9 -42.9043261908341
-123 40 -41.5868100174115
-123 40.1 -40.5906362000119
-123 40.2 -39.8575803634025
-123 40.3 -39.3388193523761
-123 40.4 -39.0325304151045
-123 40.5 -38.9162013153654
-123 40.6 -38.9749322003133
-123 40.7 -39.1243972662863
-123 40.8 -39.3980945969694
-123 40.9 -39.7510015144086
-123 41 -40.1946790954958
-123 41.1 -40.6397693316564
-123 41.2 -41.0391325774798
-123 41.3 -41.4320044755468
-123 41.4 -41.8248320933507
-123 41.5 -42.2330099253167
-123 41.6 -42.6161276584438
-123 41.7 -43.0212207535984
-123 41.8 -43.3843617687303
-123 41.9 -43.7860642864457
-123 42 -44.1270896171777
-122.9 39.6 -55.7182599546043
-122.9 39.7 -50.1203256987119
-122.9 39.8 -48.2053899649152
-122.9 39.9 -46.5459351845584
-122.9 40 -45.2908834883156
-122.9 40.1 -44.4161515358049
-122.9 40.2 -43.7704397798064
-122.9 40.3 -43.2734531280055
-122.9 40.4 -43.0100497408222
-122.9 40.5 -42.9228427827659
-122.9 40.6 -42.9795884579728
-122.9 40.7 -43.1474713268378
-122.9 40.8 -43.4063735842854
-122.9 40.9 -43.7333182486997
-122.9 41 -44.1128491039012
-122.9 41.1 -44.5144217022735
-122.9 41.2 -44.8881684256323
-122.9 41.3 -45.2620272703846
-122.9 41.4 -45.6470710064064
-122.9 41.5 -46.0208131260538
-122.9 41.6 -46.3893077890771
-122.9 41.7 -46.7629883569398
-122.9 41.8 -47.1093987282892
-122.9 41.9 -47.4669057778071
-122.9 42 -47.7968150520357
-122.8 39.6 -55.9349153312894
-122.8 39.7 -53.6416264013704
-122.8 39.8 -51.8108199793557
-122.8 39.9 -50.2208723779154
-122.8 40 -49.0186542566002
-122.8 40.1 -48.2773745710554
-122.8 40.2 -47.7195373265609
-122.8 40.3 -47.2598666410778
-122.8 40.4 -47.0743103574501
-122.8 40.5 -47.0457558476935
-122.8 40.6 -47.1296337270153
-122.8 40.7 -47.2967408611503
-122.8 40.8 -47.5261288128529
-122.8 40.9 -47.7994280929878
-122.8 41 -48.1014298965791
-122.8 41.1 -48.4354187699384
-122.8 41.2 -48.7810467934209
-122.8 41.3 -49.1366107809635
-122.8 41.4 -49.4919331320681
-122.8 41.5 -49.8305092113881
-122.8 41.6 -50.1540054162451
-122.8 41.7 -50.4754132112142
-122.8 41.8 -50.7717833509252
-122.8 41.9 -51.0790535423503
-122.8 42 -51.3627502661833
-122.7 39.5 -66.4771849765355
-122.7 39.6 -59.1343966974356
-122.7 39.7 -57.224180316728
-122.7 39.8 -55.5194533690171
-122.7 39.9 -54.0641610631026
-122.7 40 -52.9427011244596
-122.7 40.1 -52.2119732085999
-122.7 40.2 -51.6654234217757
-122.7 40.3 -51.2552765153945
-122.7 40.4 -51.1198096877559
-122.7 40.5 -51.1267084610367
-122.7 40.6 -51.2257048506497
-122.7 40.7 -51.3769246913818
-122.7 40.8 -51.5767049979484
-122.7 40.9 -51.8039451920789
-122.7 41 -52.0473920272003
-122.7 41.1 -52.3115392471918
-122.7 41.2 -52.5975958649713
-122.7 41.3 -52.8839585222874
-122.7 41.4 -53.1583383188732
-122.7 41.5 -53.445055971011
-122.7 41.6 -53.7210191197837
-122.7 41.7 -54.0153320702979
-122.7 41.8 -54.2569821764262
-122.7 41.9 -54.5449960669676
-122.7 42 -54.7980663425094
-122.6 39.5 -65.2189668652001
-122.6 39.6 -62.6799874647391
-122.6 39.7 -60.8688956608449
-122.6 39.8 -59.3096397928916
-122.6 39.9 -57.9662864537145
-122.6 40 -56.9077914263103
-122.6 40.1 -56.1700509387472
-122.6 40.2 -55.6088529892891
-122.6 40.3 -55.248706799928
-122.6 40.4 -55.112893303355
-122.6 40.5 -55.1214600752815
-122.6 40.6 -55.2229579028474
-122.6 40.7 -55.3648475679156
-122.6 40.8 -55.5397602334915
-122.6 40.9 -55.7344870808941
-122.6 41 -55.9400631879087
-122.6 41.1 -56.1621751267088
-122.6 41.2 -56.3838167489538
-122.6 41.3 -56.6031138732311
-122.6 41.4 -56.8244837615519
-122.6 41.5 -57.0387937326505
-122.6 41.6 -57.2782827621325
-122.6 41.7 -57.5258554333743
-122.6 41.8 -57.7386479244545
-122.6 41.9 -57.9891841665675
-122.6 42 -58.2247575355475
-122.5 39.5 -68.2166209627358
-122.5 39.6 -66.2472852712577
-122.5 39.7 -64.5603896089223
-122.5 39.8 -63.1195765484908
-122.5 39.9 -61.9021686614816
-122.5 40 -60.9121560461359
-122.5 40.1 -60.1429923273383
-122.5 40.2 -59.5782480392231
-122.5 40.3 -59.2425515723188
-122.5 40.4 -59.0978669987247
-122.5 40.5 -59.1068904216769
-122.5 40.6 -59.2100566227975
-122.5 40.7 -59.3440662107427
-122.5 40.8 -59.4928332856338
-122.5 40.9 -59.6502526721731
-122.5 41 -59.8108805650568
-122.5 41.1 -59.9745516394331
-122.5 41.2 -60.1401928602371
-122.5 41.3 -60.3151266691947
-122.5 41.4 -60.4859334584746
-122.5 41.5 -60.6593902518431
-122.5 41.6 -60.8513985094733
-122.5 41.7 -61.0389819596577
-122.5 41.8 -61.2302626174245
-122.5 41.9 -61.434157417728
-122.5 42 -61.6477547631811
-122.4 39.4 -74.1751802214798
-122.4 39.5 -71.6272233815203
-122.4 39.6 -69.8601819006615
-122.4 39.7 -68.3091818728844
-122.4 39.8 -66.9788355414471
-122.4 39.9 -65.8821052203599
-122.4 40 -65.0061928132315
-122.4 40.1 -64.3400409526789
-122.4 40.2 -63.8645868218732
-122.4 40.3 -63.5447860223918
-122.4 40.4 -63.3799530517807
-122.4 40.5 -63.3345232866505
-122.4 40.6 -63.3294315119595
-122.4 40.7 -63.3797381845424
-122.4 40.8 -63.4525371369005
-122.4 40.9 -63.5339350452382
-122.4 41 -63.6241508260067
-122.4 41.1 -63.7345774077986
-122.4 41.2 -63.856556460104
-122.4 41.3 -63.9836234671689
-122.4 41.4 -64.1026692257032
-122.4 41.5 -64.2288496490362
-122.4 41.6 -64.4065342843163
-122.4 41.7 -64.5548795465853
-122.4 41.8 -64.7113491123321
-122.4 41.9 -64.8795420738447
-122.4 42 -65.059385701983
-122.3 39.4 -76.8913423221682
-122.3 39.5 -75.0636707173987
-122.3 39.6 -73.421502778177
-122.3 39.7 -72.0056269779815
-122.3 39.8 -70.8260389105913
-122.3 39.9 -69.8846524878934
-122.3 40 -69.153225464657
-122.3 40.1 -68.6082275464369
-122.3 40.2 -68.2081280387679
-122.3 40.3 -67.9143153675937
-122.3 40.4 -67.7180911236877
-122.3 40.5 -67.5832066852704
-122.3 40.6 -67.49463757702
-122.3 40.7 -67.4474715241411
-122.3 40.8 -67.4319054893184
-122.3 40.9 -67.4403743962661
-122.3 41 -67.4687960669504
-122.3 41.1 -67.51543193631
-122.3 41.2 -67.5761487575059
-122.3 41.3 -67.6466434118633
-122.3 41.4 -67.7170074956029
-122.3 41.5 -67.8077461041242
-122.3 41.6 -67.9354261553086
-122.3 41.7 -68.0534764260591
-122.3 41.8 -68.1845397687453
-122.3 41.9 -68.32547447031
-122.3 42 -68.4755053929889
-122.2 39.3 -82.9094783134146
-122.2 39.4 -80.2587739385231
-122.2 39.5 -78.555941262789
-122.2 39.6 -77.0088292878863
-122.2 39.7 -75.6601590490506
-122.2 39.8 -74.5371071569698
-122.2 39.9 -73.6280464152567
-122.2 40 -72.939922244931
-122.2 40.1 -72.4629789043143
-122.2 40.2 -72.13895913843
-122.2 40.3 -71.916370730919
-122.2 40.4 -71.7631165705377
-122.2 40.5 -71.627529023746
-122.2 40.6 -71.5215989376338
-122.2 40.7 -71.4344284435944
-122.2 40.8 -71.382756990529
-122.2 40.9 -71.3505649744513
-122.2 41 -71.3359617343824
-122.2 41.1 -71.337384030963
-122.2 41.2 -71.3535334200702
-122.2 41.3 -71.3845547283714
-122.2 41.4 -71.4377669338894
-122.2 41.5 -71.5013547487172
-122.2 41.6 -71.5742281853267
-122.2 41.7 -71.6777083719606
-122.2 41.8 -71.8089284793423
-122.2 41.9 -71.9494498488693
-122.2 42 -72.1033164883814
-122.1 39.3 -85.5606130375429
-122.1 39.4 -83.6253293901564
-122.1 39.5 -81.9708970760113
-122.1 39.6 -80.5548453415712
-122.1 39.7 -79.32144587341
-122.1 39.8 -78.2161440287857
-122.1 39.9 -77.3266156037617
-122.1 40 -76.6369057402799
-122.1 40.1 -76.1483677656912
-122.1 40.2 -75.8312015524223
-122.1 40.3 -75.6579048788438
-122.1 40.4 -75.5633003006667
-122.1 40.5 -75.4723150091911
-122.1 40.6 -75.3930563240283
-122.1 40.7 -75.3194487990891
-122.1 40.8 -75.2747529445914
-122.1 40.9 -75.2425055118525
-122.1 41 -75.2225700603178
-122.1 41.1 -75.2105391958612
-122.1 41.2 -75.2070572082376
-122.1 41.3 -75.2196023354616
-122.1 41.4 -75.2512844063992
-122.1 41.5 -75.2943222496739
-122.1 41.6 -75.3308660912398
-122.1 41.7 -75.4250668190626
-122.1 41.8 -75.5643265474598
-122.1 41.9 -75.7060028978978
-122.1 42 -75.8489249617735
-122 39.3 -88.8130793372916
-122 39.4 -86.9367529630308
-122 39.5 -85.357688949341
-122 39.6 -83.9622868742483
-122 39.7 -82.7731739017202
-122 39.8 -81.7742087459281
-122 39.9 -80.9426893535747
-122 40 -80.2910120937528
-122 40.1 -79.8095452680587
-122 40.2 -79.5050565239898
-122 40.3 -79.3720683909388
-122 40.4 -79.3227180225381
-122 40.5 -79.2774533187004
-122 40.6 -79.2354957096736
-122 40.7 -79.1947302878124
-122 40.8 -79.1618848309757
-122 40.9 -79.1336066489659
-122 41 -79.1099258746654
-122 41.1 -79.0900609651487
-122 41.2 -79.0755372464288
-122 41.3 -79.0692770227306
-122 41.4 -79.0723134948338
-122 41.5 -79.0860783671795
-122 41.6 -79.1116860923311
-122 41.7 -79.1844816105077
-122 41.8 -79.3326832183158
-122 41.9 -79.4756260464805
-122 42 -79.6051527141356
-121.9 39.2 -94.1248264342475
-121.9 39.3 -91.9950926792776
-121.9 39.4 -90.21418903251
-121.9 39.5 -88.6765006015577
-121.9 39.6 -87.3349215839057
-121.9 39.7 -86.1891695830851
-121.9 39.8 -85.2313504151761
-121.9 39.9 -84.4290661105783
-121.9 40 -83.7971336624583
-121.9 40.1 -83.3274414024535
-121.9 40.2 -83.028916387091
-121.9 40.3 -82.8820178423972
-121.9 40.4 -82.8448506579129
-121.9 40.5 -82.8299925985656
-121.9 40.6 -82.8255037345504
-121.9 40.7 -82.809045700534
-121.9 40.8 -82.7965611017509
-121.9 40.9 -82.7893943531974
-121.9 41 -82.7942599806668
-121.9 41.1 -82.7823387655395
-121.9 41.2 -82.7796649718079
-121.9 41.3 -82.7852833674011
-121.9 41.4 -82.796639932156
-121.9 41.5 -82.8164191313617
-121.9 41.6 -82.8518785381123
-121.9 41.7 -82.9303400456086
-121.9 41.8 -83.0812312033619
-121.9 41.9 -83.2223137832341
-121.9 42 -83.3480362427962
-121.8 39.2 -97.1595467055108
-121.8 39.3 -95.207836066143
-121.8 39.4 -93.4293209985425
-121.8 39.5 -91.9169111348025
-121.8 39.6 -90.6664925801932
-121.8 39.7 -89.6007655596406
-121.8 39.8 -88.6738512290547
-121.8 39.9 -87.9018928159436
-121.8 40 -87.2864605310637
-121.8 40.1 -86.8276382885388
-121.8 40.2 -86.526267689736
-121.8 40.3 -86.3558115951076
-121.8 40.4 -86.3218067374978
-121.8 40.5 -86.3411498039054
-121.8 40.6 -86.3610683695796
-121.8 40.7 -86.3648255003325
-121.8 40.8 -86.3726970921317
-121.8 40.9 -86.3843793744425
-121.8 41 -86.4135265521132
-121.8 41.1 -86.4245784536577
-121.8 41.2 -86.4404430104828
-121.8 41.3 -86.4643010841054
-121.8 41.4 -86.4942175588521
-121.8 41.5 -86.5306294425178
-121.8 41.6 -86.583655656553
-121.8 41.7 -86.6735580534068
-121.8 41.8 -86.826250038633
-121.8 41.9 -86.9654668634258
-121.8 42 -87.089258034066
-121.7 39.2 -100.254771092695
-121.7 39.3 -98.3110478350046
-121.7 39.4 -96.6145620128924
-121.7 39.5 -95.1512699083963
-121.7 39.6 -93.9472899339763
-121.7 39.7 -92.930483165815
-121.7 39.8 -92.0773044053674
-121.7 39.9 -91.3798271589073
-121.7 40 -90.8166352597647
-121.7 40.1 -90.3610354367254
-121.7 40.2 -90.0437817239745
-121.7 40.3 -89.8515497189547
-121.7 40.4 -89.806540522206
-121.7 40.5 -89.8690020251418
-121.7 40.6 -89.9091554980766
-121.7 40.7 -89.9410463538871
-121.7 40.8 -89.9733592631499
-121.7 40.9 -90.0074625434577
-121.7 41 -90.0433301191989
-121.7 41.1 -90.0808122018134
-121.7 41.2 -90.1189086946356
-121.7 41.3 -90.1651243441417
-121.7 41.4 -90.2165698801583
-121.7 41.5 -90.2719657813983
-121.7 41.6 -90.3449694012975
-121.7 41.7 -90.4446897516169
-121.7 41.8 -90.5985296372104
-121.7 41.9 -90.7363533168033
-121.7 42 -90.8552215606856
-121.6 39.1 -105.409533658585
-121.6 39.2 -103.360785795189
-121.6 39.3 -101.468187894133
-121.6 39.4 -99.7800573589386
-121.6 39.5 -98.3819113122646
-121.6 39.6 -97.230586351939
-121.6 39.7 -96.2691040952581
-121.6 39.8 -95.4965878000506
-121.6 39.9 -94.9022003030203
-121.6 40 -94.4330655835771
-121.6 40.1 -94.0318406526306
-121.6 40.2 -93.7939786384915
-121.6 40.3 -93.6451174025813
-121.6 40.4 -93.587403234827
-121.6 40.5 -93.6149050476882
-121.6 40.6 -93.6419764809662
-121.6 40.7 -93.6703269689838
-121.6 40.8 -93.7062526578005
-121.6 40.9 -93.7526194058724
-121.6 41 -93.795566802418
-121.6 41.1 -93.8545176667131
-121.6 41.2 -93.9034464577219
-121.6 41.3 -93.9784905755058
-121.6 41.4 -94.0499573126388
-121.6 41.5 -94.1251370900955
-121.6 41.6 -94.2207016020774
-121.6 41.7 -94.3219926075596
-121.6 41.8 -94.4571203093893
-121.6 41.9 -94.5791196676068
-121.6 42 -94.6696715450757
-121.5 39.1 -108.480439351615
-121.5 39.2 -106.517780066917
-121.5 39.3 -104.735358758294
-121.5 39.4 -103.153486285217
-121.5 39.5 -101.776372013625
-121.5 39.6 -100.603539052852
-121.5 39.7 -99.6217396584129
-121.5 39.8 -98.9182493126129
-121.5 39.9 -98.4297012671731
-121.5 40 -98.0657676863061
-121.5 40.1 -97.76532139601
-121.5 40.2 -97.5730651875683
-121.5 40.3 -97.4642464302029
-121.5 40.4 -97.3975592985826
-121.5 40.5 -97.3860601356176
-121.5 40.6 -97.396175198311
-121.5 40.7 -97.4170929777908
-121.5 40.8 -97.4533696936007
-121.5 40.9 -97.5052158940151
-121.5 41 -97.560879035919
-121.5 41.1 -97.6353048619618
-121.5 41.2 -97.70463657148
-121.5 41.3 -97.8018550690474
-121.5 41.4 -97.8957621678259
-121.5 41.5 -97.9911922018694
-121.5 41.6 -98.103835232591
-121.5 41.7 -98.2113787708609
-121.5 41.8 -98.3241989247199
-121.5 41.9 -98.4209844843689
-121.5 42 -98.4855963124992
-121.4 39.3 -108.085000967232
-121.4 39.4 -106.613110936426
-121.4 39.5 -105.32614474948
-121.4 39.6 -104.211761384284
-121.4 39.7 -103.266949832687
-121.4 39.8 -102.606818697648
-121.4 39.9 -102.175171663062
-121.4 40 -101.873281506205
-121.4 40.1 -101.624144566717
-121.4 40.2 -101.45556851784
-121.4 40.3 -101.346751846403
-121.4 40.4 -101.276946982624
-121.4 40.5 -101.236107767065
-121.4 40.6 -101.2305839011
-121.4 40.7 -101.24631856079
-121.4 40.8 -101.282304584575
-121.4 40.9 -101.321956749811
-121.4 41 -101.380440733856
-121.4 41.1 -101.449633142176
-121.4 41.2 -101.53903086652
-121.4 41.3 -101.634635058489
-121.4 41.4 -101.710659808895
-121.4 41.5 -101.799969262613
-121.4 41.6 -101.897199630551
-121.4 41.7 -102.000444933776
-121.4 41.8 -102.07517846898
-121.4 41.9 -102.158195632054
-121.4 42 -102.209186076667
-121.3 39.5 -108.917949018582
-121.3 39.6 -107.871167056582
-121.3 39.7 -107.030324969137
-121.3 39.8 -106.456577235613
-121.3 39.9 -106.065734439696
-121.3 40 -105.825810619376
-121.3 40.1 -105.585711638973
-121.3 40.2 -105.444554558602
-121.3 40.3 -105.336518573374
-121.3 40.4 -105.262451772837
-121.3 40.5 -105.216997738742
-121.3 40.6 -105.189775714121
-121.3 40.7 -105.199097737409
-121.3 40.8 -105.21527041924
-121.3 40.9 -105.229197553783
-121.3 41 -105.272215042194
-121.3 41.1 -105.302824619646
-121.3 41.2 -105.389216366994
-121.3 41.3 -105.449766766992
-121.3 41.4 -105.498820982859
-121.3 41.5 -105.569794060116
-121.3 41.6 -105.624792685688
-121.3 41.7 -105.725458797429
-121.3 41.8 -105.775626067729
-121.3 41.9 -105.839891569142
-121.3 42 -105.885131001775
-121.2 40.1 -109.567590451481
-121.2 40.2 -109.446163498313
-121.2 40.3 -109.344736983821
-121.2 40.4 -109.268987060166
-121.2 40.5 -109.214941375658
-121.2 40.6 -109.181659355435
-121.2 40.7 -109.162426396839
-121.2 40.8 -109.15979538792
-121.2 40.9 -109.159099538621
-121.2 41 -109.177108803145
-121.2 41.1 -109.196141096975
-121.2 41.2 -109.231139489866
-121.2 41.3 -109.26472818597
-121.2 41.4 -109.298286299677
-121.2 41.5 -109.341328084641
-121.2 41.6 -109.381837482473
-121.2 41.7 -109.43107212938
-121.2 41.8 -109.47344661079
-121.2 41.9 -109.517063459044
-121.2 42 -109.556867989226
-121.1 41.9 -109.989746739936
-121.1 42 -109.993854127268