-1.228700000000000045e+02 -3.489999999999999858e+01
-1.228799999999999955e+02 -3.339999999999999858e+01
-1.224300000000000068e+02 -4.539999999999999858e+01
-1.224300000000000068e+02 -4.539999999999999858e+01
-1.225199999999999960e+02 -4.420000000000000284e+01
-1.225199999999999960e+02 -4.420000000000000284e+01
-1.227999999999999972e+02 -3.970000000000000284e+01
-1.225300000000000011e+02 -4.429999999999999716e+01
-1.225300000000000011e+02 -4.429999999999999716e+01
-1.225300000000000011e+02 -4.429999999999999716e+01
-1.225300000000000011e+02 -4.429999999999999716e+01
-1.225300000000000011e+02 -4.429999999999999716e+01
-1.225300000000000011e+02 -3.700000000000000000e+01
-1.227500000000000000e+02 -3.979999999999999716e+01
-1.227699999999999960e+02 -3.689999999999999858e+01
-1.228199999999999932e+02 -3.589999999999999858e+01
-1.228199999999999932e+02 -3.589999999999999858e+01
-1.228199999999999932e+02 -3.589999999999999858e+01
-1.228499999999999943e+02 -3.889999999999999858e+01
-1.227699999999999960e+02 -3.560000000000000142e+01
-1.228799999999999955e+02 -3.710000000000000142e+01
-1.230199999999999960e+02 -3.289999999999999858e+01
-1.230199999999999960e+02 -3.289999999999999858e+01
-1.230199999999999960e+02 -3.289999999999999858e+01
-1.230199999999999960e+02 -3.289999999999999858e+01
-1.228499999999999943e+02 -3.130000000000000071e+01
-1.227999999999999972e+02 -3.439999999999999858e+01
-1.228400000000000034e+02 -4.220000000000000284e+01
-1.228400000000000034e+02 -4.220000000000000284e+01
-1.228400000000000034e+02 -4.220000000000000284e+01
-1.228400000000000034e+02 -4.220000000000000284e+01
-1.228400000000000034e+02 -4.220000000000000284e+01
-1.228499999999999943e+02 -3.870000000000000284e+01
-1.228499999999999943e+02 -3.870000000000000284e+01
-1.228499999999999943e+02 -4.679999999999999716e+01
-1.228499999999999943e+02 -3.710000000000000142e+01
-1.228799999999999955e+02 -3.850000000000000000e+01
-1.230300000000000011e+02 -3.710000000000000142e+01
-1.230300000000000011e+02 -3.820000000000000284e+01
-1.230300000000000011e+02 -3.820000000000000284e+01
-1.227999999999999972e+02 -3.670000000000000284e+01
-1.231700000000000017e+02 -2.789999999999999858e+01
-1.231500000000000057e+02 -3.839999999999999858e+01
-1.231500000000000057e+02 -3.839999999999999858e+01
-1.231500000000000057e+02 -3.839999999999999858e+01
-1.231500000000000057e+02 -3.839999999999999858e+01
-1.231500000000000057e+02 -3.839999999999999858e+01
-1.231500000000000057e+02 -3.839999999999999858e+01
-1.231500000000000057e+02 -3.839999999999999858e+01
-1.231299999999999955e+02 -3.589999999999999858e+01
-1.231200000000000045e+02 -3.960000000000000142e+01
-1.231200000000000045e+02 -3.960000000000000142e+01
-1.231200000000000045e+02 -3.960000000000000142e+01
-1.231299999999999955e+02 -3.470000000000000284e+01
-1.233700000000000045e+02 -3.050000000000000000e+01
-1.233700000000000045e+02 -3.050000000000000000e+01
-1.232800000000000011e+02 -3.400000000000000000e+01
-1.234000000000000057e+02 -3.210000000000000142e+01
-1.234000000000000057e+02 -3.210000000000000142e+01
-1.234699999999999989e+02 -2.780000000000000071e+01
-1.232999999999999972e+02 -3.429999999999999716e+01
-1.233299999999999983e+02 -2.110000000000000142e+01
-1.233499999999999943e+02 -1.500000000000000000e+01
-1.233499999999999943e+02 -1.500000000000000000e+01
-1.233499999999999943e+02 -1.500000000000000000e+01
-1.230999999999999943e+02 -1.600000000000000000e+01
