A A  -122.87000 40.09000  3.4027 127.6021 66 37.484848484848484
B B1 -122.43000 40.38000 47.0198 150.4691 27 103.66666666666667
B B2 -122.52000 40.31000 37.8521 144.6717 23 121.43478260869566
B B3 -122.80000 40.48000 19.0613 168.2620  4 475.75
C C1 -122.53000 40.65000 45.7130 180.7641 54 52.407407407407405
C C2 -122.75000 40.75000 30.5163 195.7140 28 98.78571428571429
C C3 -122.85000 40.73000 21.8018 195.7527 14 191.78571428571428
C C4 -122.88000 40.67000 17.6455 190.0703 13 185.23076923076923
C C5 -123.02000 40.69000  6.8153 195.1806 13 194.84615384615384
G G1 -122.80000 41.05000 35.4761 228.0134 38 74.07894736842105
G G2 -122.84000 41.02000 31.3181 225.8409 26 108.46153846153847
G G3 -122.85000 41.06000 31.7661 230.2372 26 106.07692307692308
G G4 -122.88000 41.00000 27.4699 224.6897 21 129.47619047619048
G G5 -123.17000 41.05000 27.4699 224.6897 11 243.27272727272728